"BFS-Nr","Gemeinde","Jahr","Aufgabenbereich Name","Aufgabe Name","Aufgabenstelle Name","Aufgabenbereich Nummer","Aufgabe Nummer","Aufgabenstelle Nummer","Kontenbereich Name","Kontenklasse Name","Kontengruppe Name","Konto Name","Kontenbereich Nummer","Kontenklasse Nummer","Kontengruppe Nummer","Konto Nummer","Saldo"
"592","Schwanden b.B.","2006","","","","","","","[1] Aktiven","[11] Verwaltungsvermögen","","","1","11","","","865928.30"
"592","Schwanden b.B.","2006","[0] ALLGEMEINE VERWALTUNG","[01] Legislative und Exekutive","[011] Legislative","0","1","11","[3] Aufwand","[3] AUFWAND","","","3","3","","","8388.30"
"592","Schwanden b.B.","2006","[0] ALLGEMEINE VERWALTUNG","[02] Allgemeine Verwaltung","[029] Allgemeine Verwaltung","0","2","29","[3] Aufwand","[3] AUFWAND","","","3","3","","","243584.00"
"592","Schwanden b.B.","2006","[0] ALLGEMEINE VERWALTUNG","[09] Nicht aufteilbare Aufgaben","[090] Verwaltungsliegenschaften","0","9","90","[3] Aufwand","[3] AUFWAND","","","3","3","","","29194.85"
"592","Schwanden b.B.","2006","[0] ALLGEMEINE VERWALTUNG","[09] Nicht aufteilbare Aufgaben","[091] ...","0","9","91","[3] Aufwand","[3] AUFWAND","","","3","3","","","1466.55"
"592","Schwanden b.B.","2006","[1] OEFFENTLICHE SICHERHEIT","[10] Rechtsaufsicht","[101] Uebrige Rechtspflege","1","10","101","[3] Aufwand","[3] AUFWAND","","","3","3","","","12762.05"
"592","Schwanden b.B.","2006","[1] OEFFENTLICHE SICHERHEIT","[15] Militärische Landesverteidigung","[151] Militär","1","15","151","[3] Aufwand","[3] AUFWAND","","","3","3","","","868.60"
"592","Schwanden b.B.","2006","[2] BILDUNG","[21] Volksschule","[217] Schulliegenschaften (Ki.garten sofern nicht zuteilbar, Prim + Sek 1)","2","21","217","[3] Aufwand","[3] AUFWAND","","","3","3","","","80582.65"
"592","Schwanden b.B.","2006","[2] BILDUNG","[29] Uebriges Bildungswesen","[292] Erwachsenenbildung","2","29","292","[3] Aufwand","[3] AUFWAND","","","3","3","","","1700.00"
"592","Schwanden b.B.","2006","[3] KULTUR UND FREIZEIT","[34] Sport","[342] ...","3","34","342","[3] Aufwand","[3] AUFWAND","","","3","3","","","22312.95"
"592","Schwanden b.B.","2006","[4] GESUNDHEIT","[40] Spitäler","[400] Spitäler","4","40","400","[3] Aufwand","[3] AUFWAND","","","3","3","","","76.20"
"592","Schwanden b.B.","2006","[4] GESUNDHEIT","[44] Ambulante Krankenpflege","[440] Spitex/Krankenpflege","4","44","440","[3] Aufwand","[3] AUFWAND","","","3","3","","","700.00"
"592","Schwanden b.B.","2006","[4] GESUNDHEIT","[45] Krankheitsbekämpfung","[450] Krankheitsbekämpfung","4","45","450","[3] Aufwand","[3] AUFWAND","","","3","3","","","699.00"
"592","Schwanden b.B.","2006","[4] GESUNDHEIT","[46] Schulgesundheitsdienst","[461] Schulzahnärztliche Pflege","4","46","461","[3] Aufwand","[3] AUFWAND","","","3","3","","","1876.40"
"592","Schwanden b.B.","2006","[5] SOZIALE WOHLFAHRT","[50] Altersversicherung","[501] Gemeindeanteil am Beitrag des Kantons für die AHV","5","50","501","[3] Aufwand","[3] AUFWAND","","","3","3","","","37035.00"
"592","Schwanden b.B.","2006","[5] SOZIALE WOHLFAHRT","[53] Sonstige Sozialversicherungen","[530] Ergänzungsleistungen der AHV, IV","5","53","530","[3] Aufwand","[3] AUFWAND","","","3","3","","","85225.00"
"592","Schwanden b.B.","2006","[5] SOZIALE WOHLFAHRT","[54] Jugendschutz","[541] Kinderheime und -krippen, Waisenhäuser","5","54","541","[3] Aufwand","[3] AUFWAND","","","3","3","","","100.00"
"592","Schwanden b.B.","2006","[5] SOZIALE WOHLFAHRT","[58] Sozialhilfe","[580] Sozialhilfe","5","58","580","[3] Aufwand","[3] AUFWAND","","","3","3","","","3380.60"
"592","Schwanden b.B.","2006","[5] SOZIALE WOHLFAHRT","[58] Sozialhilfe","[583] Asylwesen","5","58","583","[3] Aufwand","[3] AUFWAND","","","3","3","","","4219.40"
"592","Schwanden b.B.","2006","[5] SOZIALE WOHLFAHRT","[58] Sozialhilfe","[588] Arbeitslosenfürsorge","5","58","588","[3] Aufwand","[3] AUFWAND","","","3","3","","","1412.05"
"592","Schwanden b.B.","2006","[6] VERKEHR","[62] Gemeindestrassen","[620] Gemeindestrassennetz","6","62","620","[3] Aufwand","[3] AUFWAND","","","3","3","","","143581.55"
"592","Schwanden b.B.","2006","[7] UMWELT UND RAUMORDNUNG","[70] Wasserversorgung","[700] Wasserversorgung","7","70","700","[3] Aufwand","[3] AUFWAND","","","3","3","","","96636.80"
"592","Schwanden b.B.","2006","[7] UMWELT UND RAUMORDNUNG","[71] Abwasserentsorgung","[710] Abwasserentsorgung","7","71","710","[3] Aufwand","[3] AUFWAND","","","3","3","","","143805.10"
"592","Schwanden b.B.","2006","[7] UMWELT UND RAUMORDNUNG","[75] Gewässerverbauungen","[750] Gewässerverbauungen","7","75","750","[3] Aufwand","[3] AUFWAND","","","3","3","","","55899.90"
"592","Schwanden b.B.","2006","[7] UMWELT UND RAUMORDNUNG","[79] Raumordnung","[790] Raumplanung","7","79","790","[3] Aufwand","[3] AUFWAND","","","3","3","","","3867.05"
"592","Schwanden b.B.","2006","[8] VOLKSWIRTSCHAFT","[80] Landwirtschaft","[800] Landwirtschaft","8","80","800","[3] Aufwand","[3] AUFWAND","","","3","3","","","100.00"
"592","Schwanden b.B.","2006","[8] VOLKSWIRTSCHAFT","[81] Forstwirtschaft","[811] Kulturen, Pflegemassnahmen","8","81","811","[3] Aufwand","[3] AUFWAND","","","3","3","","","1781.85"
"592","Schwanden b.B.","2006","[9] FINANZEN UND STEUERN","[90] Steuern","[903] Steuerabschreibungen","9","90","903","[3] Aufwand","[3] AUFWAND","","","3","3","","","11741.30"
"592","Schwanden b.B.","2006","[9] FINANZEN UND STEUERN","[94] Vermögens- und Schuldenverwaltung","[940] Zinsen","9","94","940","[3] Aufwand","[3] AUFWAND","","","3","3","","","40463.10"
"592","Schwanden b.B.","2006","[0] ALLGEMEINE VERWALTUNG","[01] Legislative und Exekutive","[011] Legislative","0","1","11","[4] Ertrag","[4] ERTRAG","","","4","4","","","500.00"
"592","Schwanden b.B.","2006","[0] ALLGEMEINE VERWALTUNG","[01] Legislative und Exekutive","[012] Exekutive","0","1","12","[4] Ertrag","[4] ERTRAG","","","4","4","","","920.00"
"592","Schwanden b.B.","2006","[0] ALLGEMEINE VERWALTUNG","[09] Nicht aufteilbare Aufgaben","[091] ...","0","9","91","[4] Ertrag","[4] ERTRAG","","","4","4","","","3978.00"
"592","Schwanden b.B.","2006","[1] OEFFENTLICHE SICHERHEIT","[10] Rechtsaufsicht","[101] Uebrige Rechtspflege","1","10","101","[4] Ertrag","[4] ERTRAG","","","4","4","","","21249.25"
"592","Schwanden b.B.","2006","[1] OEFFENTLICHE SICHERHEIT","[16] Zivile Landesverteidigung","[160] Zivilschutz","1","16","160","[4] Ertrag","[4] ERTRAG","","","4","4","","","13752.00"
"592","Schwanden b.B.","2006","[2] BILDUNG","[20] Kindergarten","[200] Kindergarten","2","20","200","[4] Ertrag","[4] ERTRAG","","","4","4","","","25390.90"
"592","Schwanden b.B.","2006","[2] BILDUNG","[29] Uebriges Bildungswesen","[292] Erwachsenenbildung","2","29","292","[4] Ertrag","[4] ERTRAG","","","4","4","","","38.30"
"592","Schwanden b.B.","2006","[3] KULTUR UND FREIZEIT","[34] Sport","[342] ...","3","34","342","[4] Ertrag","[4] ERTRAG","","","4","4","","","22312.95"
"592","Schwanden b.B.","2006","[5] SOZIALE WOHLFAHRT","[58] Sozialhilfe","[583] Asylwesen","5","58","583","[4] Ertrag","[4] ERTRAG","","","4","4","","","5039.02"
"592","Schwanden b.B.","2006","[7] UMWELT UND RAUMORDNUNG","[70] Wasserversorgung","[700] Wasserversorgung","7","70","700","[4] Ertrag","[4] ERTRAG","","","4","4","","","96636.80"
"592","Schwanden b.B.","2006","[7] UMWELT UND RAUMORDNUNG","[75] Gewässerverbauungen","[750] Gewässerverbauungen","7","75","750","[4] Ertrag","[4] ERTRAG","","","4","4","","","55446.65"
"592","Schwanden b.B.","2006","[8] VOLKSWIRTSCHAFT","[81] Forstwirtschaft","[812] Holzernte","8","81","812","[4] Ertrag","[4] ERTRAG","","","4","4","","","65476.90"
"592","Schwanden b.B.","2006","[9] FINANZEN UND STEUERN","[90] Steuern","[901] Obligatorische aperiodische Steuern","9","90","901","[4] Ertrag","[4] ERTRAG","","","4","4","","","24081.00"
"592","Schwanden b.B.","2006","[9] FINANZEN UND STEUERN","[90] Steuern","[902] Liegenschaftssteuern","9","90","902","[4] Ertrag","[4] ERTRAG","","","4","4","","","130031.80"
"592","Schwanden b.B.","2006","[9] FINANZEN UND STEUERN","[90] Steuern","[904] Fakultative Steuern und Abgaben","9","90","904","[4] Ertrag","[4] ERTRAG","","","4","4","","","1700.00"
"592","Schwanden b.B.","2006","[9] FINANZEN UND STEUERN","[92] Finanzausgleich","[920] Finanzausgleich","9","92","920","[4] Ertrag","[4] ERTRAG","","","4","4","","","168105.00"
"592","Schwanden b.B.","2006","[9] FINANZEN UND STEUERN","[93] Anteile an kantonalen Steuern und Abgaben","[930] Anteile an kantonalen Steuern und Abgaben","9","93","930","[4] Ertrag","[4] ERTRAG","","","4","4","","","530.20"
"592","Schwanden b.B.","2006","[9] FINANZEN UND STEUERN","[94] Vermögens- und Schuldenverwaltung","[944] Burgergut","9","94","944","[4] Ertrag","[4] ERTRAG","","","4","4","","","67223.75"
"592","Schwanden b.B.","2006","[1] OEFFENTLICHE SICHERHEIT","[10] Rechtsaufsicht","[100] Mass und Gewicht","1","10","100","[5] Ausgaben","[5] Ausgaben","","","5","5","","","24228.95"
"592","Schwanden b.B.","2006","[3] KULTUR UND FREIZEIT","[33] Parkanlagen und Wanderwege","[330] Parkanlagen und Wanderwege","3","33","330","[5] Ausgaben","[5] Ausgaben","","","5","5","","","5000.00"
"592","Schwanden b.B.","2006","[3] KULTUR UND FREIZEIT","[30] Kulturförderung","[309] Uebrige Kulturförderung","3","30","309","[6] Einnahmen","[6] Einnahmen","","","6","6","","","1250.00"
"592","Schwanden b.B.","2006","[6] VERKEHR","[62] Gemeindestrassen","[620] Gemeindestrassennetz","6","62","620","[6] Einnahmen","[6] Einnahmen","","","6","6","","","8800.00"
"592","Schwanden b.B.","2006","[7] UMWELT UND RAUMORDNUNG","[71] Abwasserentsorgung","[710] Abwasserentsorgung","7","71","710","[6] Einnahmen","[6] Einnahmen","","","6","6","","","11978.35"
"592","Schwanden b.B.","2007","","","","","","","[1] Aktiven","[10] Finanzvermögen","","","1","10","","","3139418.46"
"592","Schwanden b.B.","2007","","","","","","","[2] Passiven","[20] Fremdkapital","","","2","20","","","371422.75"
"592","Schwanden b.B.","2007","","","","","","","[2] Passiven","[22] Spezialfinanzierungen","","","2","22","","","2926985.31"
"592","Schwanden b.B.","2007","[0] ALLGEMEINE VERWALTUNG","[01] Legislative und Exekutive","[012] Exekutive","0","1","12","[3] Aufwand","[3] AUFWAND","","","3","3","","","29424.90"
"592","Schwanden b.B.","2007","[0] ALLGEMEINE VERWALTUNG","[09] Nicht aufteilbare Aufgaben","[091] ...","0","9","91","[3] Aufwand","[3] AUFWAND","","","3","3","","","260.40"
"592","Schwanden b.B.","2007","[1] OEFFENTLICHE SICHERHEIT","[10] Rechtsaufsicht","[100] Mass und Gewicht","1","10","100","[3] Aufwand","[3] AUFWAND","","","3","3","","","7301.95"
"592","Schwanden b.B.","2007","[1] OEFFENTLICHE SICHERHEIT","[16] Zivile Landesverteidigung","[160] Zivilschutz","1","16","160","[3] Aufwand","[3] AUFWAND","","","3","3","","","12172.30"
"592","Schwanden b.B.","2007","[2] BILDUNG","[20] Kindergarten","[200] Kindergarten","2","20","200","[3] Aufwand","[3] AUFWAND","","","3","3","","","19576.55"
"592","Schwanden b.B.","2007","[2] BILDUNG","[21] Volksschule","[219] Nicht Aufteilbares, Volksschule, Tagesschule","2","21","219","[3] Aufwand","[3] AUFWAND","","","3","3","","","285835.20"
"592","Schwanden b.B.","2007","[3] KULTUR UND FREIZEIT","[30] Kulturförderung","[309] Uebrige Kulturförderung","3","30","309","[3] Aufwand","[3] AUFWAND","","","3","3","","","16947.35"
"592","Schwanden b.B.","2007","[3] KULTUR UND FREIZEIT","[33] Parkanlagen und Wanderwege","[330] Parkanlagen und Wanderwege","3","33","330","[3] Aufwand","[3] AUFWAND","","","3","3","","","4483.50"
"592","Schwanden b.B.","2007","[3] KULTUR UND FREIZEIT","[34] Sport","[340] Sport","3","34","340","[3] Aufwand","[3] AUFWAND","","","3","3","","","1350.00"
"592","Schwanden b.B.","2007","[3] KULTUR UND FREIZEIT","[34] Sport","[341] ...","3","34","341","[3] Aufwand","[3] AUFWAND","","","3","3","","","8054.00"
"592","Schwanden b.B.","2007","[4] GESUNDHEIT","[46] Schulgesundheitsdienst","[460] Schulärztliche Pflege","4","46","460","[3] Aufwand","[3] AUFWAND","","","3","3","","","613.35"
"592","Schwanden b.B.","2007","[4] GESUNDHEIT","[47] Lebensmittelkontrolle","[470] Lebensmittelkontrolle","4","47","470","[3] Aufwand","[3] AUFWAND","","","3","3","","","482.35"
"592","Schwanden b.B.","2007","[5] SOZIALE WOHLFAHRT","[51] Invalidenversicherung","[510] Gemeindeanteil am Beitrag des Kantons für die IV","5","51","510","[3] Aufwand","[3] AUFWAND","","","3","3","","","33782.00"
"592","Schwanden b.B.","2007","[5] SOZIALE WOHLFAHRT","[58] Sozialhilfe","[582] Weitere Wohlfahrts-, Vor- + Fürsorgeeinrichtungen","5","58","582","[3] Aufwand","[3] AUFWAND","","","3","3","","","538.15"
"592","Schwanden b.B.","2007","[5] SOZIALE WOHLFAHRT","[58] Sozialhilfe","[587] Lastenausgleich","5","58","587","[3] Aufwand","[3] AUFWAND","","","3","3","","","220936.45"
"592","Schwanden b.B.","2007","[5] SOZIALE WOHLFAHRT","[58] Sozialhilfe","[589] Sozialbehörden, Sekretariat","5","58","589","[3] Aufwand","[3] AUFWAND","","","3","3","","","11873.80"
"592","Schwanden b.B.","2007","[6] VERKEHR","[65] Regionalverkehr","[650] Regionalverkehrsbetriebe","6","65","650","[3] Aufwand","[3] AUFWAND","","","3","3","","","30255.00"
"592","Schwanden b.B.","2007","[7] UMWELT UND RAUMORDNUNG","[70] Wasserversorgung","[700] Wasserversorgung","7","70","700","[3] Aufwand","[3] AUFWAND","","","3","3","","","99596.95"
"592","Schwanden b.B.","2007","[7] UMWELT UND RAUMORDNUNG","[74] Friedhof und Bestattung","[740] Friedhof und Bestattung","7","74","740","[3] Aufwand","[3] AUFWAND","","","3","3","","","17371.00"
"592","Schwanden b.B.","2007","[7] UMWELT UND RAUMORDNUNG","[78] Uebriger Umweltschutz","[780] Oeffentliche Toiletten","7","78","780","[3] Aufwand","[3] AUFWAND","","","3","3","","","1569.30"
"592","Schwanden b.B.","2007","[7] UMWELT UND RAUMORDNUNG","[79] Raumordnung","[790] Raumplanung","7","79","790","[3] Aufwand","[3] AUFWAND","","","3","3","","","3867.05"
"592","Schwanden b.B.","2007","[8] VOLKSWIRTSCHAFT","[81] Forstwirtschaft","[812] Holzernte","8","81","812","[3] Aufwand","[3] AUFWAND","","","3","3","","","10888.05"
"592","Schwanden b.B.","2007","[8] VOLKSWIRTSCHAFT","[83] Tourismus","[830] Tourismus","8","83","830","[3] Aufwand","[3] AUFWAND","","","3","3","","","3030.00"
"592","Schwanden b.B.","2007","[9] FINANZEN UND STEUERN","[94] Vermögens- und Schuldenverwaltung","[942] Liegenschaften des Finanzvermögens","9","94","942","[3] Aufwand","[3] AUFWAND","","","3","3","","","25488.70"
"592","Schwanden b.B.","2007","[9] FINANZEN UND STEUERN","[94] Vermögens- und Schuldenverwaltung","[944] Burgergut","9","94","944","[3] Aufwand","[3] AUFWAND","","","3","3","","","75883.40"
"592","Schwanden b.B.","2007","[0] ALLGEMEINE VERWALTUNG","[01] Legislative und Exekutive","[012] Exekutive","0","1","12","[4] Ertrag","[4] ERTRAG","","","4","4","","","900.00"
"592","Schwanden b.B.","2007","[0] ALLGEMEINE VERWALTUNG","[02] Allgemeine Verwaltung","[029] Allgemeine Verwaltung","0","2","29","[4] Ertrag","[4] ERTRAG","","","4","4","","","29478.90"
"592","Schwanden b.B.","2007","[0] ALLGEMEINE VERWALTUNG","[09] Nicht aufteilbare Aufgaben","[090] Verwaltungsliegenschaften","0","9","90","[4] Ertrag","[4] ERTRAG","","","4","4","","","1074.85"
"592","Schwanden b.B.","2007","[1] OEFFENTLICHE SICHERHEIT","[14] Wehrdienste","[140] Wehrdienste","1","14","140","[4] Ertrag","[4] ERTRAG","","","4","4","","","22023.50"
"592","Schwanden b.B.","2007","[1] OEFFENTLICHE SICHERHEIT","[15] Militärische Landesverteidigung","[151] Militär","1","15","151","[4] Ertrag","[4] ERTRAG","","","4","4","","","336.60"
"592","Schwanden b.B.","2007","[2] BILDUNG","[21] Volksschule","[214] Musikschulen","2","21","214","[4] Ertrag","[4] ERTRAG","","","4","4","","","1090.25"
"592","Schwanden b.B.","2007","[2] BILDUNG","[21] Volksschule","[217] Schulliegenschaften (Ki.garten sofern nicht zuteilbar, Prim + Sek 1)","2","21","217","[4] Ertrag","[4] ERTRAG","","","4","4","","","2454.30"
"592","Schwanden b.B.","2007","[2] BILDUNG","[21] Volksschule","[219] Nicht Aufteilbares, Volksschule, Tagesschule","2","21","219","[4] Ertrag","[4] ERTRAG","","","4","4","","","11667.65"
"592","Schwanden b.B.","2007","[3] KULTUR UND FREIZEIT","[30] Kulturförderung","[309] Uebrige Kulturförderung","3","30","309","[4] Ertrag","[4] ERTRAG","","","4","4","","","19226.05"
"592","Schwanden b.B.","2007","[3] KULTUR UND FREIZEIT","[34] Sport","[341] ...","3","34","341","[4] Ertrag","[4] ERTRAG","","","4","4","","","4982.80"
"592","Schwanden b.B.","2007","[5] SOZIALE WOHLFAHRT","[58] Sozialhilfe","[580] Sozialhilfe","5","58","580","[4] Ertrag","[4] ERTRAG","","","4","4","","","395.00"
"592","Schwanden b.B.","2007","[5] SOZIALE WOHLFAHRT","[58] Sozialhilfe","[587] Lastenausgleich","5","58","587","[4] Ertrag","[4] ERTRAG","","","4","4","","","8.15"
"592","Schwanden b.B.","2007","[5] SOZIALE WOHLFAHRT","[58] Sozialhilfe","[588] Arbeitslosenfürsorge","5","58","588","[4] Ertrag","[4] ERTRAG","","","4","4","","","1812.40"
"592","Schwanden b.B.","2007","[7] UMWELT UND RAUMORDNUNG","[72] Abfallentsorgung","[720] Abfallentsorgung","7","72","720","[4] Ertrag","[4] ERTRAG","","","4","4","","","71208.65"
"592","Schwanden b.B.","2007","[8] VOLKSWIRTSCHAFT","[81] Forstwirtschaft","[810] Forstverwaltung","8","81","810","[4] Ertrag","[4] ERTRAG","","","4","4","","","510.70"
"592","Schwanden b.B.","2007","[8] VOLKSWIRTSCHAFT","[81] Forstwirtschaft","[812] Holzernte","8","81","812","[4] Ertrag","[4] ERTRAG","","","4","4","","","61025.55"
"592","Schwanden b.B.","2007","[8] VOLKSWIRTSCHAFT","[86] Energie","[860] Elektrizität","8","86","860","[4] Ertrag","[4] ERTRAG","","","4","4","","","10862.25"
"592","Schwanden b.B.","2007","[9] FINANZEN UND STEUERN","[90] Steuern","[900] Obligatorische periodische Steuern","9","90","900","[4] Ertrag","[4] ERTRAG","","","4","4","","","908948.05"
"592","Schwanden b.B.","2007","[9] FINANZEN UND STEUERN","[90] Steuern","[902] Liegenschaftssteuern","9","90","902","[4] Ertrag","[4] ERTRAG","","","4","4","","","131664.10"
"592","Schwanden b.B.","2007","[9] FINANZEN UND STEUERN","[90] Steuern","[903] Steuerabschreibungen","9","90","903","[4] Ertrag","[4] ERTRAG","","","4","4","","","1632.55"
"592","Schwanden b.B.","2007","[9] FINANZEN UND STEUERN","[94] Vermögens- und Schuldenverwaltung","[940] Zinsen","9","94","940","[4] Ertrag","[4] ERTRAG","","","4","4","","","22738.50"
"592","Schwanden b.B.","2007","[9] FINANZEN UND STEUERN","[94] Vermögens- und Schuldenverwaltung","[942] Liegenschaften des Finanzvermögens","9","94","942","[4] Ertrag","[4] ERTRAG","","","4","4","","","35912.20"
"592","Schwanden b.B.","2007","[9] FINANZEN UND STEUERN","[99] Nicht aufgeteilte Posten","[990] Abschreibungen","9","99","990","[4] Ertrag","[4] ERTRAG","","","4","4","","","1906.30"
"592","Schwanden b.B.","2007","[0] ALLGEMEINE VERWALTUNG","[09] Nicht aufteilbare Aufgaben","[090] Verwaltungsliegenschaften","0","9","90","[5] Ausgaben","[5] Ausgaben","","","5","5","","","2976.75"
"592","Schwanden b.B.","2007","[2] BILDUNG","[21] Volksschule","[217] Schulliegenschaften (Ki.garten sofern nicht zuteilbar, Prim + Sek 1)","2","21","217","[5] Ausgaben","[5] Ausgaben","","","5","5","","","8653.00"
"592","Schwanden b.B.","2007","[3] KULTUR UND FREIZEIT","[34] Sport","[342] ...","3","34","342","[5] Ausgaben","[5] Ausgaben","","","5","5","","","39621.75"
"592","Schwanden b.B.","2007","[6] VERKEHR","[62] Gemeindestrassen","[620] Gemeindestrassennetz","6","62","620","[5] Ausgaben","[5] Ausgaben","","","5","5","","","160567.80"
"592","Schwanden b.B.","2007","[7] UMWELT UND RAUMORDNUNG","[71] Abwasserentsorgung","[710] Abwasserentsorgung","7","71","710","[5] Ausgaben","[5] Ausgaben","","","5","5","","","34790.15"
"592","Schwanden b.B.","2007","[7] UMWELT UND RAUMORDNUNG","[75] Gewässerverbauungen","[750] Gewässerverbauungen","7","75","750","[5] Ausgaben","[5] Ausgaben","","","5","5","","","3169.85"
"592","Schwanden b.B.","2007","[9] FINANZEN UND STEUERN","[99] Nicht aufgeteilte Posten","[999] Abschluss","9","99","999","[5] Ausgaben","[5] Ausgaben","","","5","5","","","207386.65"
"592","Schwanden b.B.","2007","[3] KULTUR UND FREIZEIT","[34] Sport","[340] Sport","3","34","340","[6] Einnahmen","[6] Einnahmen","","","6","6","","","5500.00"
"592","Schwanden b.B.","2007","[3] KULTUR UND FREIZEIT","[34] Sport","[342] ...","3","34","342","[6] Einnahmen","[6] Einnahmen","","","6","6","","","10944.30"
"592","Schwanden b.B.","2007","[6] VERKEHR","[62] Gemeindestrassen","[620] Gemeindestrassennetz","6","62","620","[6] Einnahmen","[6] Einnahmen","","","6","6","","","150073.15"
"592","Schwanden b.B.","2007","[7] UMWELT UND RAUMORDNUNG","[70] Wasserversorgung","[700] Wasserversorgung","7","70","700","[6] Einnahmen","[6] Einnahmen","","","6","6","","","8765.10"
"592","Schwanden b.B.","2007","[7] UMWELT UND RAUMORDNUNG","[71] Abwasserentsorgung","[710] Abwasserentsorgung","7","71","710","[6] Einnahmen","[6] Einnahmen","","","6","6","","","21144.10"
"592","Schwanden b.B.","2007","[9] FINANZEN UND STEUERN","[94] Vermögens- und Schuldenverwaltung","[944] Burgergut","9","94","944","[6] Einnahmen","[6] Einnahmen","","","6","6","","","10360.00"
"592","Schwanden b.B.","2007","[9] FINANZEN UND STEUERN","[99] Nicht aufgeteilte Posten","[999] Abschluss","9","99","999","[6] Einnahmen","[6] Einnahmen","","","6","6","","","328403.00"
"592","Schwanden b.B.","2008","","","","","","","[1] Aktiven","[10] Finanzvermögen","","","1","10","","","3415432.48"
"592","Schwanden b.B.","2008","","","","","","","[1] Aktiven","[11] Verwaltungsvermögen","","","1","11","","","780685.99"
"592","Schwanden b.B.","2008","","","","","","","[2] Passiven","[20] Fremdkapital","","","2","20","","","526114.52"
"592","Schwanden b.B.","2008","","","","","","","[2] Passiven","[22] Spezialfinanzierungen","","","2","22","","","3019013.46"
"592","Schwanden b.B.","2008","","","","","","","[2] Passiven","[23] Eigenkapital","","","2","23","","","650990.49"
"592","Schwanden b.B.","2008","[0] ALLGEMEINE VERWALTUNG","[01] Legislative und Exekutive","[012] Exekutive","0","1","12","[3] Aufwand","[3] AUFWAND","","","3","3","","","36044.50"
"592","Schwanden b.B.","2008","[0] ALLGEMEINE VERWALTUNG","[02] Allgemeine Verwaltung","[029] Allgemeine Verwaltung","0","2","29","[3] Aufwand","[3] AUFWAND","","","3","3","","","254683.61"
"592","Schwanden b.B.","2008","[1] OEFFENTLICHE SICHERHEIT","[10] Rechtsaufsicht","[100] Mass und Gewicht","1","10","100","[3] Aufwand","[3] AUFWAND","","","3","3","","","8797.90"
"592","Schwanden b.B.","2008","[1] OEFFENTLICHE SICHERHEIT","[14] Wehrdienste","[140] Wehrdienste","1","14","140","[3] Aufwand","[3] AUFWAND","","","3","3","","","21898.85"
"592","Schwanden b.B.","2008","[1] OEFFENTLICHE SICHERHEIT","[16] Zivile Landesverteidigung","[161] Uebrige zivile Landesverteidigung","1","16","161","[3] Aufwand","[3] AUFWAND","","","3","3","","","2692.75"
"592","Schwanden b.B.","2008","[2] BILDUNG","[20] Kindergarten","[200] Kindergarten","2","20","200","[3] Aufwand","[3] AUFWAND","","","3","3","","","16904.20"
"592","Schwanden b.B.","2008","[2] BILDUNG","[21] Volksschule","[214] Musikschulen","2","21","214","[3] Aufwand","[3] AUFWAND","","","3","3","","","9100.00"
"592","Schwanden b.B.","2008","[2] BILDUNG","[21] Volksschule","[217] Schulliegenschaften (Ki.garten sofern nicht zuteilbar, Prim + Sek 1)","2","21","217","[3] Aufwand","[3] AUFWAND","","","3","3","","","68807.60"
"592","Schwanden b.B.","2008","[2] BILDUNG","[21] Volksschule","[219] Nicht Aufteilbares, Volksschule, Tagesschule","2","21","219","[3] Aufwand","[3] AUFWAND","","","3","3","","","295134.65"
"592","Schwanden b.B.","2008","[3] KULTUR UND FREIZEIT","[30] Kulturförderung","[309] Uebrige Kulturförderung","3","30","309","[3] Aufwand","[3] AUFWAND","","","3","3","","","18942.75"
"592","Schwanden b.B.","2008","[3] KULTUR UND FREIZEIT","[33] Parkanlagen und Wanderwege","[330] Parkanlagen und Wanderwege","3","33","330","[3] Aufwand","[3] AUFWAND","","","3","3","","","8012.25"
"592","Schwanden b.B.","2008","[3] KULTUR UND FREIZEIT","[34] Sport","[341] ...","3","34","341","[3] Aufwand","[3] AUFWAND","","","3","3","","","8665.95"
"592","Schwanden b.B.","2008","[4] GESUNDHEIT","[45] Krankheitsbekämpfung","[450] Krankheitsbekämpfung","4","45","450","[3] Aufwand","[3] AUFWAND","","","3","3","","","605.00"
"592","Schwanden b.B.","2008","[4] GESUNDHEIT","[46] Schulgesundheitsdienst","[460] Schulärztliche Pflege","4","46","460","[3] Aufwand","[3] AUFWAND","","","3","3","","","397.95"
"592","Schwanden b.B.","2008","[5] SOZIALE WOHLFAHRT","[50] Altersversicherung","[500] AHV-Zweigstelle","5","50","500","[3] Aufwand","[3] AUFWAND","","","3","3","","","8227.80"
"592","Schwanden b.B.","2008","[5] SOZIALE WOHLFAHRT","[51] Invalidenversicherung","[510] Gemeindeanteil am Beitrag des Kantons für die IV","5","51","510","[3] Aufwand","[3] AUFWAND","","","3","3","","","54398.00"
"592","Schwanden b.B.","2008","[5] SOZIALE WOHLFAHRT","[54] Jugendschutz","[540] Jugendschutz","5","54","540","[3] Aufwand","[3] AUFWAND","","","3","3","","","100.00"
"592","Schwanden b.B.","2008","[5] SOZIALE WOHLFAHRT","[58] Sozialhilfe","[582] Weitere Wohlfahrts-, Vor- + Fürsorgeeinrichtungen","5","58","582","[3] Aufwand","[3] AUFWAND","","","3","3","","","513.50"
"592","Schwanden b.B.","2008","[5] SOZIALE WOHLFAHRT","[58] Sozialhilfe","[587] Lastenausgleich","5","58","587","[3] Aufwand","[3] AUFWAND","","","3","3","","","227727.60"
"592","Schwanden b.B.","2008","[7] UMWELT UND RAUMORDNUNG","[72] Abfallentsorgung","[720] Abfallentsorgung","7","72","720","[3] Aufwand","[3] AUFWAND","","","3","3","","","78741.20"
"592","Schwanden b.B.","2008","[7] UMWELT UND RAUMORDNUNG","[78] Uebriger Umweltschutz","[780] Oeffentliche Toiletten","7","78","780","[3] Aufwand","[3] AUFWAND","","","3","3","","","836.50"
"592","Schwanden b.B.","2008","[8] VOLKSWIRTSCHAFT","[81] Forstwirtschaft","[810] Forstverwaltung","8","81","810","[3] Aufwand","[3] AUFWAND","","","3","3","","","7184.15"
"592","Schwanden b.B.","2008","[8] VOLKSWIRTSCHAFT","[81] Forstwirtschaft","[812] Holzernte","8","81","812","[3] Aufwand","[3] AUFWAND","","","3","3","","","10186.30"
"592","Schwanden b.B.","2008","[8] VOLKSWIRTSCHAFT","[81] Forstwirtschaft","[813] Strassen- und Wegunterhalt","8","81","813","[3] Aufwand","[3] AUFWAND","","","3","3","","","800.05"
"592","Schwanden b.B.","2008","[9] FINANZEN UND STEUERN","[90] Steuern","[903] Steuerabschreibungen","9","90","903","[3] Aufwand","[3] AUFWAND","","","3","3","","","30103.55"
"592","Schwanden b.B.","2008","[9] FINANZEN UND STEUERN","[94] Vermögens- und Schuldenverwaltung","[940] Zinsen","9","94","940","[3] Aufwand","[3] AUFWAND","","","3","3","","","46862.05"
"592","Schwanden b.B.","2008","[9] FINANZEN UND STEUERN","[94] Vermögens- und Schuldenverwaltung","[942] Liegenschaften des Finanzvermögens","9","94","942","[3] Aufwand","[3] AUFWAND","","","3","3","","","12640.50"
"592","Schwanden b.B.","2008","[9] FINANZEN UND STEUERN","[99] Nicht aufgeteilte Posten","[990] Abschreibungen","9","99","990","[3] Aufwand","[3] AUFWAND","","","3","3","","","76757.95"
"592","Schwanden b.B.","2008","[0] ALLGEMEINE VERWALTUNG","[01] Legislative und Exekutive","[011] Legislative","0","1","11","[4] Ertrag","[4] ERTRAG","","","4","4","","","500.00"
"592","Schwanden b.B.","2008","[0] ALLGEMEINE VERWALTUNG","[02] Allgemeine Verwaltung","[029] Allgemeine Verwaltung","0","2","29","[4] Ertrag","[4] ERTRAG","","","4","4","","","36935.00"
"592","Schwanden b.B.","2008","[0] ALLGEMEINE VERWALTUNG","[09] Nicht aufteilbare Aufgaben","[090] Verwaltungsliegenschaften","0","9","90","[4] Ertrag","[4] ERTRAG","","","4","4","","","1515.75"
"592","Schwanden b.B.","2008","[1] OEFFENTLICHE SICHERHEIT","[10] Rechtsaufsicht","[100] Mass und Gewicht","1","10","100","[4] Ertrag","[4] ERTRAG","","","4","4","","","2815.95"
"592","Schwanden b.B.","2008","[1] OEFFENTLICHE SICHERHEIT","[10] Rechtsaufsicht","[101] Uebrige Rechtspflege","1","10","101","[4] Ertrag","[4] ERTRAG","","","4","4","","","19442.00"
"592","Schwanden b.B.","2008","[1] OEFFENTLICHE SICHERHEIT","[14] Wehrdienste","[140] Wehrdienste","1","14","140","[4] Ertrag","[4] ERTRAG","","","4","4","","","21898.85"
"592","Schwanden b.B.","2008","[2] BILDUNG","[21] Volksschule","[214] Musikschulen","2","21","214","[4] Ertrag","[4] ERTRAG","","","4","4","","","1985.50"
"592","Schwanden b.B.","2008","[2] BILDUNG","[21] Volksschule","[217] Schulliegenschaften (Ki.garten sofern nicht zuteilbar, Prim + Sek 1)","2","21","217","[4] Ertrag","[4] ERTRAG","","","4","4","","","1840.00"
"592","Schwanden b.B.","2008","[3] KULTUR UND FREIZEIT","[34] Sport","[341] ...","3","34","341","[4] Ertrag","[4] ERTRAG","","","4","4","","","5168.55"
"592","Schwanden b.B.","2008","[3] KULTUR UND FREIZEIT","[34] Sport","[342] ...","3","34","342","[4] Ertrag","[4] ERTRAG","","","4","4","","","1275.30"
"592","Schwanden b.B.","2008","[6] VERKEHR","[62] Gemeindestrassen","[620] Gemeindestrassennetz","6","62","620","[4] Ertrag","[4] ERTRAG","","","4","4","","","117899.90"
"592","Schwanden b.B.","2008","[7] UMWELT UND RAUMORDNUNG","[71] Abwasserentsorgung","[710] Abwasserentsorgung","7","71","710","[4] Ertrag","[4] ERTRAG","","","4","4","","","153761.25"
"592","Schwanden b.B.","2008","[7] UMWELT UND RAUMORDNUNG","[72] Abfallentsorgung","[720] Abfallentsorgung","7","72","720","[4] Ertrag","[4] ERTRAG","","","4","4","","","78741.20"
"592","Schwanden b.B.","2008","[7] UMWELT UND RAUMORDNUNG","[75] Gewässerverbauungen","[750] Gewässerverbauungen","7","75","750","[4] Ertrag","[4] ERTRAG","","","4","4","","","91721.05"
"592","Schwanden b.B.","2008","[8] VOLKSWIRTSCHAFT","[81] Forstwirtschaft","[810] Forstverwaltung","8","81","810","[4] Ertrag","[4] ERTRAG","","","4","4","","","2443.50"
"592","Schwanden b.B.","2008","[8] VOLKSWIRTSCHAFT","[81] Forstwirtschaft","[811] Kulturen, Pflegemassnahmen","8","81","811","[4] Ertrag","[4] ERTRAG","","","4","4","","","2380.00"
"592","Schwanden b.B.","2008","[9] FINANZEN UND STEUERN","[90] Steuern","[900] Obligatorische periodische Steuern","9","90","900","[4] Ertrag","[4] ERTRAG","","","4","4","","","953842.65"
"592","Schwanden b.B.","2008","[9] FINANZEN UND STEUERN","[90] Steuern","[901] Obligatorische aperiodische Steuern","9","90","901","[4] Ertrag","[4] ERTRAG","","","4","4","","","27968.20"
"592","Schwanden b.B.","2008","[9] FINANZEN UND STEUERN","[90] Steuern","[903] Steuerabschreibungen","9","90","903","[4] Ertrag","[4] ERTRAG","","","4","4","","","635.55"
"592","Schwanden b.B.","2008","[9] FINANZEN UND STEUERN","[94] Vermögens- und Schuldenverwaltung","[940] Zinsen","9","94","940","[4] Ertrag","[4] ERTRAG","","","4","4","","","27965.10"
"592","Schwanden b.B.","2008","[9] FINANZEN UND STEUERN","[99] Nicht aufgeteilte Posten","[990] Abschreibungen","9","99","990","[4] Ertrag","[4] ERTRAG","","","4","4","","","1715.65"
"592","Schwanden b.B.","2008","[6] VERKEHR","[62] Gemeindestrassen","[620] Gemeindestrassennetz","6","62","620","[5] Ausgaben","[5] Ausgaben","","","5","5","","","10365.30"
"592","Schwanden b.B.","2008","[7] UMWELT UND RAUMORDNUNG","[70] Wasserversorgung","[700] Wasserversorgung","7","70","700","[5] Ausgaben","[5] Ausgaben","","","5","5","","","66753.20"
"592","Schwanden b.B.","2008","[7] UMWELT UND RAUMORDNUNG","[75] Gewässerverbauungen","[750] Gewässerverbauungen","7","75","750","[5] Ausgaben","[5] Ausgaben","","","5","5","","","765.10"
"592","Schwanden b.B.","2008","[7] UMWELT UND RAUMORDNUNG","[79] Raumordnung","[790] Raumplanung","7","79","790","[5] Ausgaben","[5] Ausgaben","","","5","5","","","233878.65"
"592","Schwanden b.B.","2008","[9] FINANZEN UND STEUERN","[99] Nicht aufgeteilte Posten","[999] Abschluss","9","99","999","[5] Ausgaben","[5] Ausgaben","","","5","5","","","282606.30"
"592","Schwanden b.B.","2008","[3] KULTUR UND FREIZEIT","[30] Kulturförderung","[309] Uebrige Kulturförderung","3","30","309","[6] Einnahmen","[6] Einnahmen","","","6","6","","","850.00"
"592","Schwanden b.B.","2008","[3] KULTUR UND FREIZEIT","[34] Sport","[340] Sport","3","34","340","[6] Einnahmen","[6] Einnahmen","","","6","6","","","5500.00"
"592","Schwanden b.B.","2008","[7] UMWELT UND RAUMORDNUNG","[70] Wasserversorgung","[700] Wasserversorgung","7","70","700","[6] Einnahmen","[6] Einnahmen","","","6","6","","","13135.00"
"592","Schwanden b.B.","2008","[7] UMWELT UND RAUMORDNUNG","[79] Raumordnung","[790] Raumplanung","7","79","790","[6] Einnahmen","[6] Einnahmen","","","6","6","","","233878.65"
"592","Schwanden b.B.","2008","[9] FINANZEN UND STEUERN","[94] Vermögens- und Schuldenverwaltung","[942] Liegenschaften des Finanzvermögens","9","94","942","[6] Einnahmen","[6] Einnahmen","","","6","6","","","197332.30"
"592","Schwanden b.B.","2009","","","","","","","[1] Aktiven","[11] Verwaltungsvermögen","","","1","11","","","845034.24"
"592","Schwanden b.B.","2009","[0] ALLGEMEINE VERWALTUNG","[01] Legislative und Exekutive","[011] Legislative","0","1","11","[3] Aufwand","[3] AUFWAND","","","3","3","","","8123.15"
"592","Schwanden b.B.","2009","[0] ALLGEMEINE VERWALTUNG","[02] Allgemeine Verwaltung","[029] Allgemeine Verwaltung","0","2","29","[3] Aufwand","[3] AUFWAND","","","3","3","","","276207.41"
"592","Schwanden b.B.","2009","[0] ALLGEMEINE VERWALTUNG","[09] Nicht aufteilbare Aufgaben","[090] Verwaltungsliegenschaften","0","9","90","[3] Aufwand","[3] AUFWAND","","","3","3","","","44301.30"
"592","Schwanden b.B.","2009","[0] ALLGEMEINE VERWALTUNG","[09] Nicht aufteilbare Aufgaben","[091] ...","0","9","91","[3] Aufwand","[3] AUFWAND","","","3","3","","","536.00"
"592","Schwanden b.B.","2009","[1] OEFFENTLICHE SICHERHEIT","[10] Rechtsaufsicht","[101] Uebrige Rechtspflege","1","10","101","[3] Aufwand","[3] AUFWAND","","","3","3","","","13019.45"
"592","Schwanden b.B.","2009","[1] OEFFENTLICHE SICHERHEIT","[16] Zivile Landesverteidigung","[160] Zivilschutz","1","16","160","[3] Aufwand","[3] AUFWAND","","","3","3","","","16097.30"
"592","Schwanden b.B.","2009","[2] BILDUNG","[29] Uebriges Bildungswesen","[292] Erwachsenenbildung","2","29","292","[3] Aufwand","[3] AUFWAND","","","3","3","","","1858.20"
"592","Schwanden b.B.","2009","[3] KULTUR UND FREIZEIT","[34] Sport","[340] Sport","3","34","340","[3] Aufwand","[3] AUFWAND","","","3","3","","","850.00"
"592","Schwanden b.B.","2009","[3] KULTUR UND FREIZEIT","[34] Sport","[342] ...","3","34","342","[3] Aufwand","[3] AUFWAND","","","3","3","","","3345.35"
"592","Schwanden b.B.","2009","[3] KULTUR UND FREIZEIT","[35] Uebrige Freizeitgestaltung","[350] Uebrige Freizeitgestaltung","3","35","350","[3] Aufwand","[3] AUFWAND","","","3","3","","","400.00"
"592","Schwanden b.B.","2009","[4] GESUNDHEIT","[44] Ambulante Krankenpflege","[440] Spitex/Krankenpflege","4","44","440","[3] Aufwand","[3] AUFWAND","","","3","3","","","650.00"
"592","Schwanden b.B.","2009","[4] GESUNDHEIT","[46] Schulgesundheitsdienst","[461] Schulzahnärztliche Pflege","4","46","461","[3] Aufwand","[3] AUFWAND","","","3","3","","","817.60"
"592","Schwanden b.B.","2009","[5] SOZIALE WOHLFAHRT","[53] Sonstige Sozialversicherungen","[530] Ergänzungsleistungen der AHV, IV","5","53","530","[3] Aufwand","[3] AUFWAND","","","3","3","","","117939.00"
"592","Schwanden b.B.","2009","[5] SOZIALE WOHLFAHRT","[58] Sozialhilfe","[589] Sozialbehörden, Sekretariat","5","58","589","[3] Aufwand","[3] AUFWAND","","","3","3","","","7742.55"
"592","Schwanden b.B.","2009","[6] VERKEHR","[62] Gemeindestrassen","[620] Gemeindestrassennetz","6","62","620","[3] Aufwand","[3] AUFWAND","","","3","3","","","195675.35"
"592","Schwanden b.B.","2009","[6] VERKEHR","[65] Regionalverkehr","[650] Regionalverkehrsbetriebe","6","65","650","[3] Aufwand","[3] AUFWAND","","","3","3","","","42118.45"
"592","Schwanden b.B.","2009","[7] UMWELT UND RAUMORDNUNG","[70] Wasserversorgung","[700] Wasserversorgung","7","70","700","[3] Aufwand","[3] AUFWAND","","","3","3","","","108814.65"
"592","Schwanden b.B.","2009","[7] UMWELT UND RAUMORDNUNG","[71] Abwasserentsorgung","[710] Abwasserentsorgung","7","71","710","[3] Aufwand","[3] AUFWAND","","","3","3","","","148643.60"
"592","Schwanden b.B.","2009","[7] UMWELT UND RAUMORDNUNG","[74] Friedhof und Bestattung","[740] Friedhof und Bestattung","7","74","740","[3] Aufwand","[3] AUFWAND","","","3","3","","","14472.00"
"592","Schwanden b.B.","2009","[7] UMWELT UND RAUMORDNUNG","[75] Gewässerverbauungen","[750] Gewässerverbauungen","7","75","750","[3] Aufwand","[3] AUFWAND","","","3","3","","","60116.65"
"592","Schwanden b.B.","2009","[7] UMWELT UND RAUMORDNUNG","[79] Raumordnung","[790] Raumplanung","7","79","790","[3] Aufwand","[3] AUFWAND","","","3","3","","","3966.40"
"592","Schwanden b.B.","2009","[8] VOLKSWIRTSCHAFT","[80] Landwirtschaft","[800] Landwirtschaft","8","80","800","[3] Aufwand","[3] AUFWAND","","","3","3","","","50.00"
"592","Schwanden b.B.","2009","[8] VOLKSWIRTSCHAFT","[81] Forstwirtschaft","[811] Kulturen, Pflegemassnahmen","8","81","811","[3] Aufwand","[3] AUFWAND","","","3","3","","","1550.00"
"592","Schwanden b.B.","2009","[8] VOLKSWIRTSCHAFT","[83] Tourismus","[830] Tourismus","8","83","830","[3] Aufwand","[3] AUFWAND","","","3","3","","","3030.00"
"592","Schwanden b.B.","2009","[9] FINANZEN UND STEUERN","[90] Steuern","[903] Steuerabschreibungen","9","90","903","[3] Aufwand","[3] AUFWAND","","","3","3","","","22565.40"
"592","Schwanden b.B.","2009","[9] FINANZEN UND STEUERN","[94] Vermögens- und Schuldenverwaltung","[944] Burgergut","9","94","944","[3] Aufwand","[3] AUFWAND","","","3","3","","","59784.25"
"592","Schwanden b.B.","2009","[0] ALLGEMEINE VERWALTUNG","[01] Legislative und Exekutive","[012] Exekutive","0","1","12","[4] Ertrag","[4] ERTRAG","","","4","4","","","2073.00"
"592","Schwanden b.B.","2009","[0] ALLGEMEINE VERWALTUNG","[09] Nicht aufteilbare Aufgaben","[091] ...","0","9","91","[4] Ertrag","[4] ERTRAG","","","4","4","","","1363.00"
"592","Schwanden b.B.","2009","[1] OEFFENTLICHE SICHERHEIT","[16] Zivile Landesverteidigung","[160] Zivilschutz","1","16","160","[4] Ertrag","[4] ERTRAG","","","4","4","","","16098.00"
"592","Schwanden b.B.","2009","[3] KULTUR UND FREIZEIT","[30] Kulturförderung","[309] Uebrige Kulturförderung","3","30","309","[4] Ertrag","[4] ERTRAG","","","4","4","","","9239.15"
"592","Schwanden b.B.","2009","[5] SOZIALE WOHLFAHRT","[57] Altersheime","[571] ...","5","57","571","[4] Ertrag","[4] ERTRAG","","","4","4","","","1229.85"
"592","Schwanden b.B.","2009","[5] SOZIALE WOHLFAHRT","[58] Sozialhilfe","[587] Lastenausgleich","5","58","587","[4] Ertrag","[4] ERTRAG","","","4","4","","","-888.15"
"592","Schwanden b.B.","2009","[5] SOZIALE WOHLFAHRT","[58] Sozialhilfe","[589] Sozialbehörden, Sekretariat","5","58","589","[4] Ertrag","[4] ERTRAG","","","4","4","","","3976.85"
"592","Schwanden b.B.","2009","[7] UMWELT UND RAUMORDNUNG","[70] Wasserversorgung","[700] Wasserversorgung","7","70","700","[4] Ertrag","[4] ERTRAG","","","4","4","","","108814.65"
"592","Schwanden b.B.","2009","[8] VOLKSWIRTSCHAFT","[81] Forstwirtschaft","[812] Holzernte","8","81","812","[4] Ertrag","[4] ERTRAG","","","4","4","","","48041.00"
"592","Schwanden b.B.","2009","[9] FINANZEN UND STEUERN","[90] Steuern","[901] Obligatorische aperiodische Steuern","9","90","901","[4] Ertrag","[4] ERTRAG","","","4","4","","","19755.95"
"592","Schwanden b.B.","2009","[9] FINANZEN UND STEUERN","[90] Steuern","[902] Liegenschaftssteuern","9","90","902","[4] Ertrag","[4] ERTRAG","","","4","4","","","133003.05"
"592","Schwanden b.B.","2009","[9] FINANZEN UND STEUERN","[90] Steuern","[904] Fakultative Steuern und Abgaben","9","90","904","[4] Ertrag","[4] ERTRAG","","","4","4","","","1850.00"
"592","Schwanden b.B.","2009","[9] FINANZEN UND STEUERN","[92] Finanzausgleich","[920] Finanzausgleich","9","92","920","[4] Ertrag","[4] ERTRAG","","","4","4","","","242692.00"
"592","Schwanden b.B.","2009","[9] FINANZEN UND STEUERN","[94] Vermögens- und Schuldenverwaltung","[942] Liegenschaften des Finanzvermögens","9","94","942","[4] Ertrag","[4] ERTRAG","","","4","4","","","99889.45"
"592","Schwanden b.B.","2009","[9] FINANZEN UND STEUERN","[94] Vermögens- und Schuldenverwaltung","[944] Burgergut","9","94","944","[4] Ertrag","[4] ERTRAG","","","4","4","","","59784.25"
"592","Schwanden b.B.","2009","[1] OEFFENTLICHE SICHERHEIT","[10] Rechtsaufsicht","[100] Mass und Gewicht","1","10","100","[5] Ausgaben","[5] Ausgaben","","","5","5","","","18000.00"
"592","Schwanden b.B.","2009","[9] FINANZEN UND STEUERN","[94] Vermögens- und Schuldenverwaltung","[942] Liegenschaften des Finanzvermögens","9","94","942","[5] Ausgaben","[5] Ausgaben","","","5","5","","","37124.55"
"592","Schwanden b.B.","2009","[0] ALLGEMEINE VERWALTUNG","[09] Nicht aufteilbare Aufgaben","[090] Verwaltungsliegenschaften","0","9","90","[6] Einnahmen","[6] Einnahmen","","","6","6","","","1.00"
"592","Schwanden b.B.","2009","[7] UMWELT UND RAUMORDNUNG","[71] Abwasserentsorgung","[710] Abwasserentsorgung","7","71","710","[6] Einnahmen","[6] Einnahmen","","","6","6","","","6984.00"
"592","Schwanden b.B.","2010","","","","","","","[1] Aktiven","[10] Finanzvermögen","","","1","10","","","3550944.28"
"592","Schwanden b.B.","2010","","","","","","","[2] Passiven","[20] Fremdkapital","","","2","20","","","602549.05"
"592","Schwanden b.B.","2010","","","","","","","[2] Passiven","[22] Spezialfinanzierungen","","","2","22","","","3194718.41"
"592","Schwanden b.B.","2010","","","","","","","[2] Passiven","[23] Eigenkapital","","","2","23","","","788615.11"
"592","Schwanden b.B.","2010","[0] ALLGEMEINE VERWALTUNG","[01] Legislative und Exekutive","[012] Exekutive","0","1","12","[3] Aufwand","[3] AUFWAND","","","3","3","","","49681.95"
"592","Schwanden b.B.","2010","[1] OEFFENTLICHE SICHERHEIT","[10] Rechtsaufsicht","[100] Mass und Gewicht","1","10","100","[3] Aufwand","[3] AUFWAND","","","3","3","","","23568.50"
"592","Schwanden b.B.","2010","[1] OEFFENTLICHE SICHERHEIT","[14] Wehrdienste","[140] Wehrdienste","1","14","140","[3] Aufwand","[3] AUFWAND","","","3","3","","","36034.90"
"592","Schwanden b.B.","2010","[1] OEFFENTLICHE SICHERHEIT","[16] Zivile Landesverteidigung","[161] Uebrige zivile Landesverteidigung","1","16","161","[3] Aufwand","[3] AUFWAND","","","3","3","","","971.10"
"592","Schwanden b.B.","2010","[2] BILDUNG","[20] Kindergarten","[200] Kindergarten","2","20","200","[3] Aufwand","[3] AUFWAND","","","3","3","","","26452.05"
"592","Schwanden b.B.","2010","[2] BILDUNG","[21] Volksschule","[214] Musikschulen","2","21","214","[3] Aufwand","[3] AUFWAND","","","3","3","","","8150.00"
"592","Schwanden b.B.","2010","[2] BILDUNG","[21] Volksschule","[217] Schulliegenschaften (Ki.garten sofern nicht zuteilbar, Prim + Sek 1)","2","21","217","[3] Aufwand","[3] AUFWAND","","","3","3","","","85733.70"
"592","Schwanden b.B.","2010","[2] BILDUNG","[21] Volksschule","[219] Nicht Aufteilbares, Volksschule, Tagesschule","2","21","219","[3] Aufwand","[3] AUFWAND","","","3","3","","","278343.40"
"592","Schwanden b.B.","2010","[3] KULTUR UND FREIZEIT","[30] Kulturförderung","[309] Uebrige Kulturförderung","3","30","309","[3] Aufwand","[3] AUFWAND","","","3","3","","","15583.55"
"592","Schwanden b.B.","2010","[3] KULTUR UND FREIZEIT","[33] Parkanlagen und Wanderwege","[330] Parkanlagen und Wanderwege","3","33","330","[3] Aufwand","[3] AUFWAND","","","3","3","","","5744.10"
"592","Schwanden b.B.","2010","[3] KULTUR UND FREIZEIT","[34] Sport","[341] ...","3","34","341","[3] Aufwand","[3] AUFWAND","","","3","3","","","8099.30"
"592","Schwanden b.B.","2010","[4] GESUNDHEIT","[45] Krankheitsbekämpfung","[450] Krankheitsbekämpfung","4","45","450","[3] Aufwand","[3] AUFWAND","","","3","3","","","610.00"
"592","Schwanden b.B.","2010","[4] GESUNDHEIT","[46] Schulgesundheitsdienst","[460] Schulärztliche Pflege","4","46","460","[3] Aufwand","[3] AUFWAND","","","3","3","","","678.55"
"592","Schwanden b.B.","2010","[4] GESUNDHEIT","[47] Lebensmittelkontrolle","[470] Lebensmittelkontrolle","4","47","470","[3] Aufwand","[3] AUFWAND","","","3","3","","","85.55"
"592","Schwanden b.B.","2010","[5] SOZIALE WOHLFAHRT","[50] Altersversicherung","[500] AHV-Zweigstelle","5","50","500","[3] Aufwand","[3] AUFWAND","","","3","3","","","7363.15"
"592","Schwanden b.B.","2010","[5] SOZIALE WOHLFAHRT","[54] Jugendschutz","[540] Jugendschutz","5","54","540","[3] Aufwand","[3] AUFWAND","","","3","3","","","100.00"
"592","Schwanden b.B.","2010","[5] SOZIALE WOHLFAHRT","[57] Altersheime","[571] ...","5","57","571","[3] Aufwand","[3] AUFWAND","","","3","3","","","5515.10"
"592","Schwanden b.B.","2010","[5] SOZIALE WOHLFAHRT","[58] Sozialhilfe","[582] Weitere Wohlfahrts-, Vor- + Fürsorgeeinrichtungen","5","58","582","[3] Aufwand","[3] AUFWAND","","","3","3","","","515.25"
"592","Schwanden b.B.","2010","[5] SOZIALE WOHLFAHRT","[58] Sozialhilfe","[587] Lastenausgleich","5","58","587","[3] Aufwand","[3] AUFWAND","","","3","3","","","251049.60"
"592","Schwanden b.B.","2010","[7] UMWELT UND RAUMORDNUNG","[72] Abfallentsorgung","[720] Abfallentsorgung","7","72","720","[3] Aufwand","[3] AUFWAND","","","3","3","","","63096.10"
"592","Schwanden b.B.","2010","[7] UMWELT UND RAUMORDNUNG","[77] Naturschutz","[770] Naturschutz","7","77","770","[3] Aufwand","[3] AUFWAND","","","3","3","","","1298.00"
"592","Schwanden b.B.","2010","[7] UMWELT UND RAUMORDNUNG","[78] Uebriger Umweltschutz","[780] Oeffentliche Toiletten","7","78","780","[3] Aufwand","[3] AUFWAND","","","3","3","","","1059.85"
"592","Schwanden b.B.","2010","[8] VOLKSWIRTSCHAFT","[81] Forstwirtschaft","[810] Forstverwaltung","8","81","810","[3] Aufwand","[3] AUFWAND","","","3","3","","","5425.10"
"592","Schwanden b.B.","2010","[8] VOLKSWIRTSCHAFT","[81] Forstwirtschaft","[812] Holzernte","8","81","812","[3] Aufwand","[3] AUFWAND","","","3","3","","","9180.80"
"592","Schwanden b.B.","2010","[9] FINANZEN UND STEUERN","[94] Vermögens- und Schuldenverwaltung","[940] Zinsen","9","94","940","[3] Aufwand","[3] AUFWAND","","","3","3","","","38642.30"
"592","Schwanden b.B.","2010","[9] FINANZEN UND STEUERN","[94] Vermögens- und Schuldenverwaltung","[942] Liegenschaften des Finanzvermögens","9","94","942","[3] Aufwand","[3] AUFWAND","","","3","3","","","18006.40"
"592","Schwanden b.B.","2010","[9] FINANZEN UND STEUERN","[99] Nicht aufgeteilte Posten","[990] Abschreibungen","9","99","990","[3] Aufwand","[3] AUFWAND","","","3","3","","","224387.85"
"592","Schwanden b.B.","2010","[0] ALLGEMEINE VERWALTUNG","[01] Legislative und Exekutive","[011] Legislative","0","1","11","[4] Ertrag","[4] ERTRAG","","","4","4","","","500.00"
"592","Schwanden b.B.","2010","[0] ALLGEMEINE VERWALTUNG","[02] Allgemeine Verwaltung","[029] Allgemeine Verwaltung","0","2","29","[4] Ertrag","[4] ERTRAG","","","4","4","","","41345.71"
"592","Schwanden b.B.","2010","[0] ALLGEMEINE VERWALTUNG","[09] Nicht aufteilbare Aufgaben","[090] Verwaltungsliegenschaften","0","9","90","[4] Ertrag","[4] ERTRAG","","","4","4","","","1123.60"
"592","Schwanden b.B.","2010","[1] OEFFENTLICHE SICHERHEIT","[10] Rechtsaufsicht","[100] Mass und Gewicht","1","10","100","[4] Ertrag","[4] ERTRAG","","","4","4","","","621.30"
"592","Schwanden b.B.","2010","[1] OEFFENTLICHE SICHERHEIT","[10] Rechtsaufsicht","[101] Uebrige Rechtspflege","1","10","101","[4] Ertrag","[4] ERTRAG","","","4","4","","","22328.90"
"592","Schwanden b.B.","2010","[1] OEFFENTLICHE SICHERHEIT","[14] Wehrdienste","[140] Wehrdienste","1","14","140","[4] Ertrag","[4] ERTRAG","","","4","4","","","36034.90"
"592","Schwanden b.B.","2010","[2] BILDUNG","[21] Volksschule","[214] Musikschulen","2","21","214","[4] Ertrag","[4] ERTRAG","","","4","4","","","2033.40"
"592","Schwanden b.B.","2010","[2] BILDUNG","[21] Volksschule","[217] Schulliegenschaften (Ki.garten sofern nicht zuteilbar, Prim + Sek 1)","2","21","217","[4] Ertrag","[4] ERTRAG","","","4","4","","","14481.25"
"592","Schwanden b.B.","2010","[2] BILDUNG","[21] Volksschule","[219] Nicht Aufteilbares, Volksschule, Tagesschule","2","21","219","[4] Ertrag","[4] ERTRAG","","","4","4","","","17944.35"
"592","Schwanden b.B.","2010","[3] KULTUR UND FREIZEIT","[34] Sport","[341] ...","3","34","341","[4] Ertrag","[4] ERTRAG","","","4","4","","","6452.80"
"592","Schwanden b.B.","2010","[3] KULTUR UND FREIZEIT","[34] Sport","[342] ...","3","34","342","[4] Ertrag","[4] ERTRAG","","","4","4","","","7348.15"
"592","Schwanden b.B.","2010","[5] SOZIALE WOHLFAHRT","[58] Sozialhilfe","[583] Asylwesen","5","58","583","[4] Ertrag","[4] ERTRAG","","","4","4","","","1046.60"
"592","Schwanden b.B.","2010","[6] VERKEHR","[62] Gemeindestrassen","[620] Gemeindestrassennetz","6","62","620","[4] Ertrag","[4] ERTRAG","","","4","4","","","122373.75"
"592","Schwanden b.B.","2010","[7] UMWELT UND RAUMORDNUNG","[71] Abwasserentsorgung","[710] Abwasserentsorgung","7","71","710","[4] Ertrag","[4] ERTRAG","","","4","4","","","231512.35"
"592","Schwanden b.B.","2010","[7] UMWELT UND RAUMORDNUNG","[72] Abfallentsorgung","[720] Abfallentsorgung","7","72","720","[4] Ertrag","[4] ERTRAG","","","4","4","","","63096.10"
"592","Schwanden b.B.","2010","[7] UMWELT UND RAUMORDNUNG","[75] Gewässerverbauungen","[750] Gewässerverbauungen","7","75","750","[4] Ertrag","[4] ERTRAG","","","4","4","","","62520.70"
"592","Schwanden b.B.","2010","[8] VOLKSWIRTSCHAFT","[81] Forstwirtschaft","[810] Forstverwaltung","8","81","810","[4] Ertrag","[4] ERTRAG","","","4","4","","","168.05"
"592","Schwanden b.B.","2010","[8] VOLKSWIRTSCHAFT","[86] Energie","[860] Elektrizität","8","86","860","[4] Ertrag","[4] ERTRAG","","","4","4","","","9749.20"
"592","Schwanden b.B.","2010","[9] FINANZEN UND STEUERN","[90] Steuern","[900] Obligatorische periodische Steuern","9","90","900","[4] Ertrag","[4] ERTRAG","","","4","4","","","972593.65"
"592","Schwanden b.B.","2010","[9] FINANZEN UND STEUERN","[90] Steuern","[903] Steuerabschreibungen","9","90","903","[4] Ertrag","[4] ERTRAG","","","4","4","","","1096.45"
"592","Schwanden b.B.","2010","[9] FINANZEN UND STEUERN","[93] Anteile an kantonalen Steuern und Abgaben","[930] Anteile an kantonalen Steuern und Abgaben","9","93","930","[4] Ertrag","[4] ERTRAG","","","4","4","","","30238.50"
"592","Schwanden b.B.","2010","[9] FINANZEN UND STEUERN","[94] Vermögens- und Schuldenverwaltung","[940] Zinsen","9","94","940","[4] Ertrag","[4] ERTRAG","","","4","4","","","30594.45"
"592","Schwanden b.B.","2010","[9] FINANZEN UND STEUERN","[99] Nicht aufgeteilte Posten","[990] Abschreibungen","9","99","990","[4] Ertrag","[4] ERTRAG","","","4","4","","","1389.65"
"592","Schwanden b.B.","2010","[2] BILDUNG","[21] Volksschule","[217] Schulliegenschaften (Ki.garten sofern nicht zuteilbar, Prim + Sek 1)","2","21","217","[5] Ausgaben","[5] Ausgaben","","","5","5","","","35952.40"
"592","Schwanden b.B.","2010","[6] VERKEHR","[62] Gemeindestrassen","[620] Gemeindestrassennetz","6","62","620","[5] Ausgaben","[5] Ausgaben","","","5","5","","","221355.65"
"592","Schwanden b.B.","2010","[7] UMWELT UND RAUMORDNUNG","[70] Wasserversorgung","[700] Wasserversorgung","7","70","700","[5] Ausgaben","[5] Ausgaben","","","5","5","","","1167.80"
"592","Schwanden b.B.","2010","[7] UMWELT UND RAUMORDNUNG","[71] Abwasserentsorgung","[710] Abwasserentsorgung","7","71","710","[5] Ausgaben","[5] Ausgaben","","","5","5","","","47831.30"
"592","Schwanden b.B.","2010","[7] UMWELT UND RAUMORDNUNG","[75] Gewässerverbauungen","[750] Gewässerverbauungen","7","75","750","[5] Ausgaben","[5] Ausgaben","","","5","5","","","187346.70"
"592","Schwanden b.B.","2010","[7] UMWELT UND RAUMORDNUNG","[79] Raumordnung","[790] Raumplanung","7","79","790","[5] Ausgaben","[5] Ausgaben","","","5","5","","","54478.60"
"592","Schwanden b.B.","2010","[9] FINANZEN UND STEUERN","[94] Vermögens- und Schuldenverwaltung","[944] Burgergut","9","94","944","[5] Ausgaben","[5] Ausgaben","","","5","5","","","20000.00"
"592","Schwanden b.B.","2010","[9] FINANZEN UND STEUERN","[99] Nicht aufgeteilte Posten","[999] Abschluss","9","99","999","[5] Ausgaben","[5] Ausgaben","","","5","5","","","133934.30"
"592","Schwanden b.B.","2010","[3] KULTUR UND FREIZEIT","[30] Kulturförderung","[309] Uebrige Kulturförderung","3","30","309","[6] Einnahmen","[6] Einnahmen","","","6","6","","","470.00"
"592","Schwanden b.B.","2010","[3] KULTUR UND FREIZEIT","[34] Sport","[340] Sport","3","34","340","[6] Einnahmen","[6] Einnahmen","","","6","6","","","2500.00"
"592","Schwanden b.B.","2010","[7] UMWELT UND RAUMORDNUNG","[70] Wasserversorgung","[700] Wasserversorgung","7","70","700","[6] Einnahmen","[6] Einnahmen","","","6","6","","","1700.00"
"592","Schwanden b.B.","2010","[7] UMWELT UND RAUMORDNUNG","[79] Raumordnung","[790] Raumplanung","7","79","790","[6] Einnahmen","[6] Einnahmen","","","6","6","","","41220.95"
"592","Schwanden b.B.","2010","[9] FINANZEN UND STEUERN","[94] Vermögens- und Schuldenverwaltung","[942] Liegenschaften des Finanzvermögens","9","94","942","[6] Einnahmen","[6] Einnahmen","","","6","6","","","2987.75"
"592","Schwanden b.B.","2010","[9] FINANZEN UND STEUERN","[99] Nicht aufgeteilte Posten","[999] Abschluss","9","99","999","[6] Einnahmen","[6] Einnahmen","","","6","6","","","589575.65"
"592","Schwanden b.B.","2006","","","","","","","[1] Aktiven","[10] Finanzvermögen","","","1","10","","","3049641.70"
"592","Schwanden b.B.","2006","","","","","","","[2] Passiven","[20] Fremdkapital","","","2","20","","","464343.70"
"592","Schwanden b.B.","2006","","","","","","","[2] Passiven","[22] Spezialfinanzierungen","","","2","22","","","2805944.41"
"592","Schwanden b.B.","2006","","","","","","","[2] Passiven","[23] Eigenkapital","","","2","23","","","645281.89"
"592","Schwanden b.B.","2006","[0] ALLGEMEINE VERWALTUNG","[01] Legislative und Exekutive","[012] Exekutive","0","1","12","[3] Aufwand","[3] AUFWAND","","","3","3","","","30398.40"
"592","Schwanden b.B.","2006","[1] OEFFENTLICHE SICHERHEIT","[10] Rechtsaufsicht","[100] Mass und Gewicht","1","10","100","[3] Aufwand","[3] AUFWAND","","","3","3","","","7776.85"
"592","Schwanden b.B.","2006","[1] OEFFENTLICHE SICHERHEIT","[14] Wehrdienste","[140] Wehrdienste","1","14","140","[3] Aufwand","[3] AUFWAND","","","3","3","","","23735.70"
"592","Schwanden b.B.","2006","[1] OEFFENTLICHE SICHERHEIT","[16] Zivile Landesverteidigung","[160] Zivilschutz","1","16","160","[3] Aufwand","[3] AUFWAND","","","3","3","","","13751.85"
"592","Schwanden b.B.","2006","[1] OEFFENTLICHE SICHERHEIT","[16] Zivile Landesverteidigung","[161] Uebrige zivile Landesverteidigung","1","16","161","[3] Aufwand","[3] AUFWAND","","","3","3","","","1200.00"
"592","Schwanden b.B.","2006","[2] BILDUNG","[20] Kindergarten","[200] Kindergarten","2","20","200","[3] Aufwand","[3] AUFWAND","","","3","3","","","31938.90"
"592","Schwanden b.B.","2006","[2] BILDUNG","[21] Volksschule","[214] Musikschulen","2","21","214","[3] Aufwand","[3] AUFWAND","","","3","3","","","10342.75"
"592","Schwanden b.B.","2006","[2] BILDUNG","[21] Volksschule","[219] Nicht Aufteilbares, Volksschule, Tagesschule","2","21","219","[3] Aufwand","[3] AUFWAND","","","3","3","","","297190.44"
"592","Schwanden b.B.","2006","[3] KULTUR UND FREIZEIT","[30] Kulturförderung","[309] Uebrige Kulturförderung","3","30","309","[3] Aufwand","[3] AUFWAND","","","3","3","","","16796.40"
"592","Schwanden b.B.","2006","[3] KULTUR UND FREIZEIT","[33] Parkanlagen und Wanderwege","[330] Parkanlagen und Wanderwege","3","33","330","[3] Aufwand","[3] AUFWAND","","","3","3","","","4254.00"
"592","Schwanden b.B.","2006","[3] KULTUR UND FREIZEIT","[34] Sport","[340] Sport","3","34","340","[3] Aufwand","[3] AUFWAND","","","3","3","","","1600.00"
"592","Schwanden b.B.","2006","[3] KULTUR UND FREIZEIT","[34] Sport","[341] ...","3","34","341","[3] Aufwand","[3] AUFWAND","","","3","3","","","9531.90"
"592","Schwanden b.B.","2006","[4] GESUNDHEIT","[46] Schulgesundheitsdienst","[460] Schulärztliche Pflege","4","46","460","[3] Aufwand","[3] AUFWAND","","","3","3","","","218.60"
"592","Schwanden b.B.","2006","[4] GESUNDHEIT","[47] Lebensmittelkontrolle","[470] Lebensmittelkontrolle","4","47","470","[3] Aufwand","[3] AUFWAND","","","3","3","","","632.90"
"592","Schwanden b.B.","2006","[5] SOZIALE WOHLFAHRT","[50] Altersversicherung","[500] AHV-Zweigstelle","5","50","500","[3] Aufwand","[3] AUFWAND","","","3","3","","","9299.80"
"592","Schwanden b.B.","2006","[5] SOZIALE WOHLFAHRT","[51] Invalidenversicherung","[510] Gemeindeanteil am Beitrag des Kantons für die IV","5","51","510","[3] Aufwand","[3] AUFWAND","","","3","3","","","34693.00"
"592","Schwanden b.B.","2006","[5] SOZIALE WOHLFAHRT","[58] Sozialhilfe","[582] Weitere Wohlfahrts-, Vor- + Fürsorgeeinrichtungen","5","58","582","[3] Aufwand","[3] AUFWAND","","","3","3","","","385.70"
"592","Schwanden b.B.","2006","[5] SOZIALE WOHLFAHRT","[58] Sozialhilfe","[584] Dem Lastenausgleich unterlieg.Pers'kosten Sozialarbeiter","5","58","584","[3] Aufwand","[3] AUFWAND","","","3","3","","","12350.65"
"592","Schwanden b.B.","2006","[5] SOZIALE WOHLFAHRT","[58] Sozialhilfe","[587] Lastenausgleich","5","58","587","[3] Aufwand","[3] AUFWAND","","","3","3","","","214732.85"
"592","Schwanden b.B.","2006","[5] SOZIALE WOHLFAHRT","[58] Sozialhilfe","[589] Sozialbehörden, Sekretariat","5","58","589","[3] Aufwand","[3] AUFWAND","","","3","3","","","1367.00"
"592","Schwanden b.B.","2006","[6] VERKEHR","[65] Regionalverkehr","[650] Regionalverkehrsbetriebe","6","65","650","[3] Aufwand","[3] AUFWAND","","","3","3","","","33544.00"
"592","Schwanden b.B.","2006","[7] UMWELT UND RAUMORDNUNG","[72] Abfallentsorgung","[720] Abfallentsorgung","7","72","720","[3] Aufwand","[3] AUFWAND","","","3","3","","","71033.90"
"592","Schwanden b.B.","2006","[7] UMWELT UND RAUMORDNUNG","[74] Friedhof und Bestattung","[740] Friedhof und Bestattung","7","74","740","[3] Aufwand","[3] AUFWAND","","","3","3","","","17542.20"
"592","Schwanden b.B.","2006","[7] UMWELT UND RAUMORDNUNG","[78] Uebriger Umweltschutz","[780] Oeffentliche Toiletten","7","78","780","[3] Aufwand","[3] AUFWAND","","","3","3","","","1221.50"
"592","Schwanden b.B.","2006","[8] VOLKSWIRTSCHAFT","[81] Forstwirtschaft","[810] Forstverwaltung","8","81","810","[3] Aufwand","[3] AUFWAND","","","3","3","","","6536.55"
"592","Schwanden b.B.","2006","[8] VOLKSWIRTSCHAFT","[81] Forstwirtschaft","[812] Holzernte","8","81","812","[3] Aufwand","[3] AUFWAND","","","3","3","","","48295.55"
"592","Schwanden b.B.","2006","[8] VOLKSWIRTSCHAFT","[83] Tourismus","[830] Tourismus","8","83","830","[3] Aufwand","[3] AUFWAND","","","3","3","","","3000.00"
"592","Schwanden b.B.","2006","[9] FINANZEN UND STEUERN","[94] Vermögens- und Schuldenverwaltung","[942] Liegenschaften des Finanzvermögens","9","94","942","[3] Aufwand","[3] AUFWAND","","","3","3","","","11301.85"
"592","Schwanden b.B.","2006","[9] FINANZEN UND STEUERN","[94] Vermögens- und Schuldenverwaltung","[944] Burgergut","9","94","944","[3] Aufwand","[3] AUFWAND","","","3","3","","","67223.75"
"592","Schwanden b.B.","2006","[9] FINANZEN UND STEUERN","[99] Nicht aufgeteilte Posten","[990] Abschreibungen","9","99","990","[3] Aufwand","[3] AUFWAND","","","3","3","","","83934.45"
"592","Schwanden b.B.","2006","[0] ALLGEMEINE VERWALTUNG","[02] Allgemeine Verwaltung","[029] Allgemeine Verwaltung","0","2","29","[4] Ertrag","[4] ERTRAG","","","4","4","","","29277.10"
"592","Schwanden b.B.","2006","[0] ALLGEMEINE VERWALTUNG","[09] Nicht aufteilbare Aufgaben","[090] Verwaltungsliegenschaften","0","9","90","[4] Ertrag","[4] ERTRAG","","","4","4","","","979.20"
"592","Schwanden b.B.","2006","[1] OEFFENTLICHE SICHERHEIT","[14] Wehrdienste","[140] Wehrdienste","1","14","140","[4] Ertrag","[4] ERTRAG","","","4","4","","","23735.70"
"592","Schwanden b.B.","2006","[1] OEFFENTLICHE SICHERHEIT","[15] Militärische Landesverteidigung","[151] Militär","1","15","151","[4] Ertrag","[4] ERTRAG","","","4","4","","","718.15"
"592","Schwanden b.B.","2006","[2] BILDUNG","[21] Volksschule","[214] Musikschulen","2","21","214","[4] Ertrag","[4] ERTRAG","","","4","4","","","1872.95"
"592","Schwanden b.B.","2006","[2] BILDUNG","[21] Volksschule","[217] Schulliegenschaften (Ki.garten sofern nicht zuteilbar, Prim + Sek 1)","2","21","217","[4] Ertrag","[4] ERTRAG","","","4","4","","","2575.80"
"592","Schwanden b.B.","2006","[2] BILDUNG","[21] Volksschule","[219] Nicht Aufteilbares, Volksschule, Tagesschule","2","21","219","[4] Ertrag","[4] ERTRAG","","","4","4","","","44766.60"
"592","Schwanden b.B.","2006","[3] KULTUR UND FREIZEIT","[30] Kulturförderung","[309] Uebrige Kulturförderung","3","30","309","[4] Ertrag","[4] ERTRAG","","","4","4","","","10853.90"
"592","Schwanden b.B.","2006","[3] KULTUR UND FREIZEIT","[34] Sport","[341] ...","3","34","341","[4] Ertrag","[4] ERTRAG","","","4","4","","","6601.25"
"592","Schwanden b.B.","2006","[5] SOZIALE WOHLFAHRT","[58] Sozialhilfe","[587] Lastenausgleich","5","58","587","[4] Ertrag","[4] ERTRAG","","","4","4","","","4765.30"
"592","Schwanden b.B.","2006","[5] SOZIALE WOHLFAHRT","[58] Sozialhilfe","[588] Arbeitslosenfürsorge","5","58","588","[4] Ertrag","[4] ERTRAG","","","4","4","","","1419.95"
"592","Schwanden b.B.","2006","[6] VERKEHR","[62] Gemeindestrassen","[620] Gemeindestrassennetz","6","62","620","[4] Ertrag","[4] ERTRAG","","","4","4","","","107776.80"
"592","Schwanden b.B.","2006","[7] UMWELT UND RAUMORDNUNG","[71] Abwasserentsorgung","[710] Abwasserentsorgung","7","71","710","[4] Ertrag","[4] ERTRAG","","","4","4","","","143805.10"
"592","Schwanden b.B.","2006","[7] UMWELT UND RAUMORDNUNG","[72] Abfallentsorgung","[720] Abfallentsorgung","7","72","720","[4] Ertrag","[4] ERTRAG","","","4","4","","","71033.90"
"592","Schwanden b.B.","2006","[8] VOLKSWIRTSCHAFT","[80] Landwirtschaft","[800] Landwirtschaft","8","80","800","[4] Ertrag","[4] ERTRAG","","","4","4","","","42.00"
"592","Schwanden b.B.","2006","[8] VOLKSWIRTSCHAFT","[81] Forstwirtschaft","[810] Forstverwaltung","8","81","810","[4] Ertrag","[4] ERTRAG","","","4","4","","","150.00"
"592","Schwanden b.B.","2006","[8] VOLKSWIRTSCHAFT","[86] Energie","[860] Elektrizität","8","86","860","[4] Ertrag","[4] ERTRAG","","","4","4","","","9301.05"
"592","Schwanden b.B.","2006","[9] FINANZEN UND STEUERN","[90] Steuern","[900] Obligatorische periodische Steuern","9","90","900","[4] Ertrag","[4] ERTRAG","","","4","4","","","875023.85"
"592","Schwanden b.B.","2006","[9] FINANZEN UND STEUERN","[90] Steuern","[903] Steuerabschreibungen","9","90","903","[4] Ertrag","[4] ERTRAG","","","4","4","","","1084.60"
"592","Schwanden b.B.","2006","[9] FINANZEN UND STEUERN","[94] Vermögens- und Schuldenverwaltung","[940] Zinsen","9","94","940","[4] Ertrag","[4] ERTRAG","","","4","4","","","21317.05"
"592","Schwanden b.B.","2006","[9] FINANZEN UND STEUERN","[94] Vermögens- und Schuldenverwaltung","[942] Liegenschaften des Finanzvermögens","9","94","942","[4] Ertrag","[4] ERTRAG","","","4","4","","","35266.10"
"592","Schwanden b.B.","2006","[9] FINANZEN UND STEUERN","[99] Nicht aufgeteilte Posten","[990] Abschreibungen","9","99","990","[4] Ertrag","[4] ERTRAG","","","4","4","","","1976.90"
"592","Schwanden b.B.","2006","[0] ALLGEMEINE VERWALTUNG","[09] Nicht aufteilbare Aufgaben","[090] Verwaltungsliegenschaften","0","9","90","[5] Ausgaben","[5] Ausgaben","","","5","5","","","14864.25"
"592","Schwanden b.B.","2006","[6] VERKEHR","[62] Gemeindestrassen","[620] Gemeindestrassennetz","6","62","620","[5] Ausgaben","[5] Ausgaben","","","5","5","","","111878.45"
"592","Schwanden b.B.","2006","[7] UMWELT UND RAUMORDNUNG","[75] Gewässerverbauungen","[750] Gewässerverbauungen","7","75","750","[5] Ausgaben","[5] Ausgaben","","","5","5","","","2950.20"
"592","Schwanden b.B.","2006","[8] VOLKSWIRTSCHAFT","[81] Forstwirtschaft","[811] Kulturen, Pflegemassnahmen","8","81","811","[5] Ausgaben","[5] Ausgaben","","","5","5","","","38658.35"
"592","Schwanden b.B.","2006","[9] FINANZEN UND STEUERN","[99] Nicht aufgeteilte Posten","[999] Abschluss","9","99","999","[5] Ausgaben","[5] Ausgaben","","","5","5","","","71986.30"
"592","Schwanden b.B.","2006","[2] BILDUNG","[20] Kindergarten","[200] Kindergarten","2","20","200","[6] Einnahmen","[6] Einnahmen","","","6","6","","","8384.50"
"592","Schwanden b.B.","2006","[3] KULTUR UND FREIZEIT","[34] Sport","[340] Sport","3","34","340","[6] Einnahmen","[6] Einnahmen","","","6","6","","","5500.00"
"592","Schwanden b.B.","2006","[7] UMWELT UND RAUMORDNUNG","[70] Wasserversorgung","[700] Wasserversorgung","7","70","700","[6] Einnahmen","[6] Einnahmen","","","6","6","","","7956.30"
"592","Schwanden b.B.","2006","[8] VOLKSWIRTSCHAFT","[81] Forstwirtschaft","[811] Kulturen, Pflegemassnahmen","8","81","811","[6] Einnahmen","[6] Einnahmen","","","6","6","","","28117.15"
"592","Schwanden b.B.","2006","[9] FINANZEN UND STEUERN","[99] Nicht aufgeteilte Posten","[999] Abschluss","9","99","999","[6] Einnahmen","[6] Einnahmen","","","6","6","","","197580.20"
"592","Schwanden b.B.","2007","","","","","","","[1] Aktiven","[11] Verwaltungsvermögen","","","1","11","","","813593.19"
"592","Schwanden b.B.","2007","","","","","","","[2] Passiven","[23] Eigenkapital","","","2","23","","","654603.59"
"592","Schwanden b.B.","2007","[0] ALLGEMEINE VERWALTUNG","[01] Legislative und Exekutive","[011] Legislative","0","1","11","[3] Aufwand","[3] AUFWAND","","","3","3","","","8352.05"
"592","Schwanden b.B.","2007","[0] ALLGEMEINE VERWALTUNG","[02] Allgemeine Verwaltung","[029] Allgemeine Verwaltung","0","2","29","[3] Aufwand","[3] AUFWAND","","","3","3","","","256743.44"
"592","Schwanden b.B.","2007","[0] ALLGEMEINE VERWALTUNG","[09] Nicht aufteilbare Aufgaben","[090] Verwaltungsliegenschaften","0","9","90","[3] Aufwand","[3] AUFWAND","","","3","3","","","34428.70"
"592","Schwanden b.B.","2007","[1] OEFFENTLICHE SICHERHEIT","[10] Rechtsaufsicht","[101] Uebrige Rechtspflege","1","10","101","[3] Aufwand","[3] AUFWAND","","","3","3","","","13295.15"
"592","Schwanden b.B.","2007","[1] OEFFENTLICHE SICHERHEIT","[14] Wehrdienste","[140] Wehrdienste","1","14","140","[3] Aufwand","[3] AUFWAND","","","3","3","","","22023.50"
"592","Schwanden b.B.","2007","[1] OEFFENTLICHE SICHERHEIT","[15] Militärische Landesverteidigung","[151] Militär","1","15","151","[3] Aufwand","[3] AUFWAND","","","3","3","","","709.30"
"592","Schwanden b.B.","2007","[1] OEFFENTLICHE SICHERHEIT","[16] Zivile Landesverteidigung","[161] Uebrige zivile Landesverteidigung","1","16","161","[3] Aufwand","[3] AUFWAND","","","3","3","","","1800.00"
"592","Schwanden b.B.","2007","[2] BILDUNG","[21] Volksschule","[214] Musikschulen","2","21","214","[3] Aufwand","[3] AUFWAND","","","3","3","","","9150.00"
"592","Schwanden b.B.","2007","[2] BILDUNG","[21] Volksschule","[217] Schulliegenschaften (Ki.garten sofern nicht zuteilbar, Prim + Sek 1)","2","21","217","[3] Aufwand","[3] AUFWAND","","","3","3","","","80897.30"
"592","Schwanden b.B.","2007","[2] BILDUNG","[29] Uebriges Bildungswesen","[292] Erwachsenenbildung","2","29","292","[3] Aufwand","[3] AUFWAND","","","3","3","","","1858.20"
"592","Schwanden b.B.","2007","[3] KULTUR UND FREIZEIT","[34] Sport","[342] ...","3","34","342","[3] Aufwand","[3] AUFWAND","","","3","3","","","1455.95"
"592","Schwanden b.B.","2007","[3] KULTUR UND FREIZEIT","[35] Uebrige Freizeitgestaltung","[350] Uebrige Freizeitgestaltung","3","35","350","[3] Aufwand","[3] AUFWAND","","","3","3","","","450.00"
"592","Schwanden b.B.","2007","[3] KULTUR UND FREIZEIT","[36] ...","[365] ...","3","36","365","[3] Aufwand","[3] AUFWAND","","","3","3","","","100.00"
"592","Schwanden b.B.","2007","[4] GESUNDHEIT","[44] Ambulante Krankenpflege","[440] Spitex/Krankenpflege","4","44","440","[3] Aufwand","[3] AUFWAND","","","3","3","","","650.00"
"592","Schwanden b.B.","2007","[4] GESUNDHEIT","[45] Krankheitsbekämpfung","[450] Krankheitsbekämpfung","4","45","450","[3] Aufwand","[3] AUFWAND","","","3","3","","","600.00"
"592","Schwanden b.B.","2007","[4] GESUNDHEIT","[46] Schulgesundheitsdienst","[461] Schulzahnärztliche Pflege","4","46","461","[3] Aufwand","[3] AUFWAND","","","3","3","","","1202.25"
"592","Schwanden b.B.","2007","[5] SOZIALE WOHLFAHRT","[50] Altersversicherung","[500] AHV-Zweigstelle","5","50","500","[3] Aufwand","[3] AUFWAND","","","3","3","","","8356.10"
"592","Schwanden b.B.","2007","[5] SOZIALE WOHLFAHRT","[50] Altersversicherung","[501] Gemeindeanteil am Beitrag des Kantons für die AHV","5","50","501","[3] Aufwand","[3] AUFWAND","","","3","3","","","37249.00"
"592","Schwanden b.B.","2007","[5] SOZIALE WOHLFAHRT","[53] Sonstige Sozialversicherungen","[530] Ergänzungsleistungen der AHV, IV","5","53","530","[3] Aufwand","[3] AUFWAND","","","3","3","","","89232.00"
"592","Schwanden b.B.","2007","[5] SOZIALE WOHLFAHRT","[54] Jugendschutz","[540] Jugendschutz","5","54","540","[3] Aufwand","[3] AUFWAND","","","3","3","","","100.00"
"592","Schwanden b.B.","2007","[5] SOZIALE WOHLFAHRT","[58] Sozialhilfe","[580] Sozialhilfe","5","58","580","[3] Aufwand","[3] AUFWAND","","","3","3","","","212.00"
"592","Schwanden b.B.","2007","[5] SOZIALE WOHLFAHRT","[58] Sozialhilfe","[588] Arbeitslosenfürsorge","5","58","588","[3] Aufwand","[3] AUFWAND","","","3","3","","","1812.40"
"592","Schwanden b.B.","2007","[6] VERKEHR","[62] Gemeindestrassen","[620] Gemeindestrassennetz","6","62","620","[3] Aufwand","[3] AUFWAND","","","3","3","","","164514.60"
"592","Schwanden b.B.","2007","[7] UMWELT UND RAUMORDNUNG","[71] Abwasserentsorgung","[710] Abwasserentsorgung","7","71","710","[3] Aufwand","[3] AUFWAND","","","3","3","","","146154.80"
"592","Schwanden b.B.","2007","[7] UMWELT UND RAUMORDNUNG","[72] Abfallentsorgung","[720] Abfallentsorgung","7","72","720","[3] Aufwand","[3] AUFWAND","","","3","3","","","71208.65"
"592","Schwanden b.B.","2007","[7] UMWELT UND RAUMORDNUNG","[75] Gewässerverbauungen","[750] Gewässerverbauungen","7","75","750","[3] Aufwand","[3] AUFWAND","","","3","3","","","95601.05"
"592","Schwanden b.B.","2007","[8] VOLKSWIRTSCHAFT","[80] Landwirtschaft","[800] Landwirtschaft","8","80","800","[3] Aufwand","[3] AUFWAND","","","3","3","","","50.00"
"592","Schwanden b.B.","2007","[8] VOLKSWIRTSCHAFT","[81] Forstwirtschaft","[810] Forstverwaltung","8","81","810","[3] Aufwand","[3] AUFWAND","","","3","3","","","5408.10"
"592","Schwanden b.B.","2007","[8] VOLKSWIRTSCHAFT","[81] Forstwirtschaft","[811] Kulturen, Pflegemassnahmen","8","81","811","[3] Aufwand","[3] AUFWAND","","","3","3","","","6872.40"
"592","Schwanden b.B.","2007","[9] FINANZEN UND STEUERN","[90] Steuern","[903] Steuerabschreibungen","9","90","903","[3] Aufwand","[3] AUFWAND","","","3","3","","","-4565.65"
"592","Schwanden b.B.","2007","[9] FINANZEN UND STEUERN","[94] Vermögens- und Schuldenverwaltung","[940] Zinsen","9","94","940","[3] Aufwand","[3] AUFWAND","","","3","3","","","43277.85"
"592","Schwanden b.B.","2007","[9] FINANZEN UND STEUERN","[99] Nicht aufgeteilte Posten","[990] Abschreibungen","9","99","990","[3] Aufwand","[3] AUFWAND","","","3","3","","","157055.71"
"592","Schwanden b.B.","2007","[0] ALLGEMEINE VERWALTUNG","[01] Legislative und Exekutive","[011] Legislative","0","1","11","[4] Ertrag","[4] ERTRAG","","","4","4","","","500.00"
"592","Schwanden b.B.","2007","[0] ALLGEMEINE VERWALTUNG","[09] Nicht aufteilbare Aufgaben","[091] ...","0","9","91","[4] Ertrag","[4] ERTRAG","","","4","4","","","1488.00"
"592","Schwanden b.B.","2007","[1] OEFFENTLICHE SICHERHEIT","[10] Rechtsaufsicht","[101] Uebrige Rechtspflege","1","10","101","[4] Ertrag","[4] ERTRAG","","","4","4","","","23607.75"
"592","Schwanden b.B.","2007","[1] OEFFENTLICHE SICHERHEIT","[16] Zivile Landesverteidigung","[160] Zivilschutz","1","16","160","[4] Ertrag","[4] ERTRAG","","","4","4","","","12173.00"
"592","Schwanden b.B.","2007","[3] KULTUR UND FREIZEIT","[34] Sport","[342] ...","3","34","342","[4] Ertrag","[4] ERTRAG","","","4","4","","","1455.95"
"592","Schwanden b.B.","2007","[4] GESUNDHEIT","[40] Spitäler","[400] Spitäler","4","40","400","[4] Ertrag","[4] ERTRAG","","","4","4","","","22555.90"
"592","Schwanden b.B.","2007","[4] GESUNDHEIT","[47] Lebensmittelkontrolle","[470] Lebensmittelkontrolle","4","47","470","[4] Ertrag","[4] ERTRAG","","","4","4","","","50.00"
"592","Schwanden b.B.","2007","[5] SOZIALE WOHLFAHRT","[58] Sozialhilfe","[583] Asylwesen","5","58","583","[4] Ertrag","[4] ERTRAG","","","4","4","","","1240.30"
"592","Schwanden b.B.","2007","[5] SOZIALE WOHLFAHRT","[58] Sozialhilfe","[589] Sozialbehörden, Sekretariat","5","58","589","[4] Ertrag","[4] ERTRAG","","","4","4","","","9528.15"
"592","Schwanden b.B.","2007","[6] VERKEHR","[62] Gemeindestrassen","[620] Gemeindestrassennetz","6","62","620","[4] Ertrag","[4] ERTRAG","","","4","4","","","118527.45"
"592","Schwanden b.B.","2007","[7] UMWELT UND RAUMORDNUNG","[70] Wasserversorgung","[700] Wasserversorgung","7","70","700","[4] Ertrag","[4] ERTRAG","","","4","4","","","99596.95"
"592","Schwanden b.B.","2007","[7] UMWELT UND RAUMORDNUNG","[71] Abwasserentsorgung","[710] Abwasserentsorgung","7","71","710","[4] Ertrag","[4] ERTRAG","","","4","4","","","146154.80"
"592","Schwanden b.B.","2007","[7] UMWELT UND RAUMORDNUNG","[75] Gewässerverbauungen","[750] Gewässerverbauungen","7","75","750","[4] Ertrag","[4] ERTRAG","","","4","4","","","93712.60"
"592","Schwanden b.B.","2007","[8] VOLKSWIRTSCHAFT","[81] Forstwirtschaft","[811] Kulturen, Pflegemassnahmen","8","81","811","[4] Ertrag","[4] ERTRAG","","","4","4","","","1120.00"
"592","Schwanden b.B.","2007","[9] FINANZEN UND STEUERN","[90] Steuern","[901] Obligatorische aperiodische Steuern","9","90","901","[4] Ertrag","[4] ERTRAG","","","4","4","","","58381.85"
"592","Schwanden b.B.","2007","[9] FINANZEN UND STEUERN","[90] Steuern","[904] Fakultative Steuern und Abgaben","9","90","904","[4] Ertrag","[4] ERTRAG","","","4","4","","","1900.00"
"592","Schwanden b.B.","2007","[9] FINANZEN UND STEUERN","[92] Finanzausgleich","[920] Finanzausgleich","9","92","920","[4] Ertrag","[4] ERTRAG","","","4","4","","","170364.00"
"592","Schwanden b.B.","2007","[9] FINANZEN UND STEUERN","[93] Anteile an kantonalen Steuern und Abgaben","[930] Anteile an kantonalen Steuern und Abgaben","9","93","930","[4] Ertrag","[4] ERTRAG","","","4","4","","","7058.85"
"592","Schwanden b.B.","2007","[9] FINANZEN UND STEUERN","[94] Vermögens- und Schuldenverwaltung","[944] Burgergut","9","94","944","[4] Ertrag","[4] ERTRAG","","","4","4","","","75883.40"
"592","Schwanden b.B.","2007","[1] OEFFENTLICHE SICHERHEIT","[10] Rechtsaufsicht","[100] Mass und Gewicht","1","10","100","[5] Ausgaben","[5] Ausgaben","","","5","5","","","23500.00"
"592","Schwanden b.B.","2007","[7] UMWELT UND RAUMORDNUNG","[70] Wasserversorgung","[700] Wasserversorgung","7","70","700","[5] Ausgaben","[5] Ausgaben","","","5","5","","","14763.70"
"592","Schwanden b.B.","2007","[9] FINANZEN UND STEUERN","[94] Vermögens- und Schuldenverwaltung","[944] Burgergut","9","94","944","[5] Ausgaben","[5] Ausgaben","","","5","5","","","40360.00"
"592","Schwanden b.B.","2007","[3] KULTUR UND FREIZEIT","[30] Kulturförderung","[309] Uebrige Kulturförderung","3","30","309","[6] Einnahmen","[6] Einnahmen","","","6","6","","","600.00"
"592","Schwanden b.B.","2008","[0] ALLGEMEINE VERWALTUNG","[01] Legislative und Exekutive","[011] Legislative","0","1","11","[3] Aufwand","[3] AUFWAND","","","3","3","","","8506.85"
"592","Schwanden b.B.","2008","[0] ALLGEMEINE VERWALTUNG","[09] Nicht aufteilbare Aufgaben","[090] Verwaltungsliegenschaften","0","9","90","[3] Aufwand","[3] AUFWAND","","","3","3","","","33252.00"
"592","Schwanden b.B.","2008","[0] ALLGEMEINE VERWALTUNG","[09] Nicht aufteilbare Aufgaben","[091] ...","0","9","91","[3] Aufwand","[3] AUFWAND","","","3","3","","","431.40"
"592","Schwanden b.B.","2008","[1] OEFFENTLICHE SICHERHEIT","[10] Rechtsaufsicht","[101] Uebrige Rechtspflege","1","10","101","[3] Aufwand","[3] AUFWAND","","","3","3","","","8747.35"
"592","Schwanden b.B.","2008","[1] OEFFENTLICHE SICHERHEIT","[15] Militärische Landesverteidigung","[151] Militär","1","15","151","[3] Aufwand","[3] AUFWAND","","","3","3","","","301.90"
"592","Schwanden b.B.","2008","[1] OEFFENTLICHE SICHERHEIT","[16] Zivile Landesverteidigung","[160] Zivilschutz","1","16","160","[3] Aufwand","[3] AUFWAND","","","3","3","","","8877.40"
"592","Schwanden b.B.","2008","[2] BILDUNG","[29] Uebriges Bildungswesen","[292] Erwachsenenbildung","2","29","292","[3] Aufwand","[3] AUFWAND","","","3","3","","","1858.20"
"592","Schwanden b.B.","2008","[3] KULTUR UND FREIZEIT","[34] Sport","[340] Sport","3","34","340","[3] Aufwand","[3] AUFWAND","","","3","3","","","850.00"
"592","Schwanden b.B.","2008","[3] KULTUR UND FREIZEIT","[34] Sport","[342] ...","3","34","342","[3] Aufwand","[3] AUFWAND","","","3","3","","","1275.30"
"592","Schwanden b.B.","2008","[3] KULTUR UND FREIZEIT","[35] Uebrige Freizeitgestaltung","[350] Uebrige Freizeitgestaltung","3","35","350","[3] Aufwand","[3] AUFWAND","","","3","3","","","400.00"
"592","Schwanden b.B.","2008","[4] GESUNDHEIT","[44] Ambulante Krankenpflege","[440] Spitex/Krankenpflege","4","44","440","[3] Aufwand","[3] AUFWAND","","","3","3","","","650.00"
"592","Schwanden b.B.","2008","[4] GESUNDHEIT","[46] Schulgesundheitsdienst","[461] Schulzahnärztliche Pflege","4","46","461","[3] Aufwand","[3] AUFWAND","","","3","3","","","921.10"
"592","Schwanden b.B.","2008","[4] GESUNDHEIT","[47] Lebensmittelkontrolle","[470] Lebensmittelkontrolle","4","47","470","[3] Aufwand","[3] AUFWAND","","","3","3","","","82.10"
"592","Schwanden b.B.","2008","[5] SOZIALE WOHLFAHRT","[50] Altersversicherung","[501] Gemeindeanteil am Beitrag des Kantons für die AHV","5","50","501","[3] Aufwand","[3] AUFWAND","","","3","3","","","46326.00"
"592","Schwanden b.B.","2008","[5] SOZIALE WOHLFAHRT","[53] Sonstige Sozialversicherungen","[530] Ergänzungsleistungen der AHV, IV","5","53","530","[3] Aufwand","[3] AUFWAND","","","3","3","","","93684.00"
"592","Schwanden b.B.","2008","[5] SOZIALE WOHLFAHRT","[54] Jugendschutz","[541] Kinderheime und -krippen, Waisenhäuser","5","54","541","[3] Aufwand","[3] AUFWAND","","","3","3","","","100.00"
"592","Schwanden b.B.","2008","[5] SOZIALE WOHLFAHRT","[58] Sozialhilfe","[583] Asylwesen","5","58","583","[3] Aufwand","[3] AUFWAND","","","3","3","","","808.79"
"592","Schwanden b.B.","2008","[5] SOZIALE WOHLFAHRT","[58] Sozialhilfe","[589] Sozialbehörden, Sekretariat","5","58","589","[3] Aufwand","[3] AUFWAND","","","3","3","","","11275.20"
"592","Schwanden b.B.","2008","[6] VERKEHR","[62] Gemeindestrassen","[620] Gemeindestrassennetz","6","62","620","[3] Aufwand","[3] AUFWAND","","","3","3","","","161865.30"
"592","Schwanden b.B.","2008","[6] VERKEHR","[65] Regionalverkehr","[650] Regionalverkehrsbetriebe","6","65","650","[3] Aufwand","[3] AUFWAND","","","3","3","","","43071.00"
"592","Schwanden b.B.","2008","[7] UMWELT UND RAUMORDNUNG","[70] Wasserversorgung","[700] Wasserversorgung","7","70","700","[3] Aufwand","[3] AUFWAND","","","3","3","","","144776.70"
"592","Schwanden b.B.","2008","[7] UMWELT UND RAUMORDNUNG","[71] Abwasserentsorgung","[710] Abwasserentsorgung","7","71","710","[3] Aufwand","[3] AUFWAND","","","3","3","","","153761.25"
"592","Schwanden b.B.","2008","[7] UMWELT UND RAUMORDNUNG","[74] Friedhof und Bestattung","[740] Friedhof und Bestattung","7","74","740","[3] Aufwand","[3] AUFWAND","","","3","3","","","17574.00"
"592","Schwanden b.B.","2008","[7] UMWELT UND RAUMORDNUNG","[75] Gewässerverbauungen","[750] Gewässerverbauungen","7","75","750","[3] Aufwand","[3] AUFWAND","","","3","3","","","95223.00"
"592","Schwanden b.B.","2008","[7] UMWELT UND RAUMORDNUNG","[79] Raumordnung","[790] Raumplanung","7","79","790","[3] Aufwand","[3] AUFWAND","","","3","3","","","3865.20"
"592","Schwanden b.B.","2008","[8] VOLKSWIRTSCHAFT","[80] Landwirtschaft","[800] Landwirtschaft","8","80","800","[3] Aufwand","[3] AUFWAND","","","3","3","","","50.00"
"592","Schwanden b.B.","2008","[8] VOLKSWIRTSCHAFT","[81] Forstwirtschaft","[811] Kulturen, Pflegemassnahmen","8","81","811","[3] Aufwand","[3] AUFWAND","","","3","3","","","15184.50"
"592","Schwanden b.B.","2008","[8] VOLKSWIRTSCHAFT","[83] Tourismus","[830] Tourismus","8","83","830","[3] Aufwand","[3] AUFWAND","","","3","3","","","3030.00"
"592","Schwanden b.B.","2008","[9] FINANZEN UND STEUERN","[94] Vermögens- und Schuldenverwaltung","[944] Burgergut","9","94","944","[3] Aufwand","[3] AUFWAND","","","3","3","","","65149.75"
"592","Schwanden b.B.","2008","[0] ALLGEMEINE VERWALTUNG","[01] Legislative und Exekutive","[012] Exekutive","0","1","12","[4] Ertrag","[4] ERTRAG","","","4","4","","","1408.35"
"592","Schwanden b.B.","2008","[0] ALLGEMEINE VERWALTUNG","[09] Nicht aufteilbare Aufgaben","[091] ...","0","9","91","[4] Ertrag","[4] ERTRAG","","","4","4","","","3160.00"
"592","Schwanden b.B.","2008","[1] OEFFENTLICHE SICHERHEIT","[16] Zivile Landesverteidigung","[160] Zivilschutz","1","16","160","[4] Ertrag","[4] ERTRAG","","","4","4","","","8877.65"
"592","Schwanden b.B.","2008","[2] BILDUNG","[20] Kindergarten","[200] Kindergarten","2","20","200","[4] Ertrag","[4] ERTRAG","","","4","4","","","1201.00"
"592","Schwanden b.B.","2008","[2] BILDUNG","[21] Volksschule","[219] Nicht Aufteilbares, Volksschule, Tagesschule","2","21","219","[4] Ertrag","[4] ERTRAG","","","4","4","","","5965.55"
"592","Schwanden b.B.","2008","[3] KULTUR UND FREIZEIT","[30] Kulturförderung","[309] Uebrige Kulturförderung","3","30","309","[4] Ertrag","[4] ERTRAG","","","4","4","","","14559.25"
"592","Schwanden b.B.","2008","[3] KULTUR UND FREIZEIT","[33] Parkanlagen und Wanderwege","[330] Parkanlagen und Wanderwege","3","33","330","[4] Ertrag","[4] ERTRAG","","","4","4","","","1000.00"
"592","Schwanden b.B.","2008","[5] SOZIALE WOHLFAHRT","[58] Sozialhilfe","[587] Lastenausgleich","5","58","587","[4] Ertrag","[4] ERTRAG","","","4","4","","","-1384.70"
"592","Schwanden b.B.","2008","[5] SOZIALE WOHLFAHRT","[58] Sozialhilfe","[589] Sozialbehörden, Sekretariat","5","58","589","[4] Ertrag","[4] ERTRAG","","","4","4","","","7601.65"
"592","Schwanden b.B.","2008","[7] UMWELT UND RAUMORDNUNG","[70] Wasserversorgung","[700] Wasserversorgung","7","70","700","[4] Ertrag","[4] ERTRAG","","","4","4","","","144776.70"
"592","Schwanden b.B.","2008","[8] VOLKSWIRTSCHAFT","[81] Forstwirtschaft","[812] Holzernte","8","81","812","[4] Ertrag","[4] ERTRAG","","","4","4","","","49072.90"
"592","Schwanden b.B.","2008","[8] VOLKSWIRTSCHAFT","[86] Energie","[860] Elektrizität","8","86","860","[4] Ertrag","[4] ERTRAG","","","4","4","","","9856.35"
"592","Schwanden b.B.","2008","[9] FINANZEN UND STEUERN","[90] Steuern","[902] Liegenschaftssteuern","9","90","902","[4] Ertrag","[4] ERTRAG","","","4","4","","","133184.25"
"592","Schwanden b.B.","2008","[9] FINANZEN UND STEUERN","[90] Steuern","[904] Fakultative Steuern und Abgaben","9","90","904","[4] Ertrag","[4] ERTRAG","","","4","4","","","1750.00"
"592","Schwanden b.B.","2008","[9] FINANZEN UND STEUERN","[92] Finanzausgleich","[920] Finanzausgleich","9","92","920","[4] Ertrag","[4] ERTRAG","","","4","4","","","188113.00"
"592","Schwanden b.B.","2008","[9] FINANZEN UND STEUERN","[94] Vermögens- und Schuldenverwaltung","[942] Liegenschaften des Finanzvermögens","9","94","942","[4] Ertrag","[4] ERTRAG","","","4","4","","","37309.65"
"592","Schwanden b.B.","2008","[9] FINANZEN UND STEUERN","[94] Vermögens- und Schuldenverwaltung","[944] Burgergut","9","94","944","[4] Ertrag","[4] ERTRAG","","","4","4","","","65149.75"
"592","Schwanden b.B.","2008","[1] OEFFENTLICHE SICHERHEIT","[10] Rechtsaufsicht","[100] Mass und Gewicht","1","10","100","[5] Ausgaben","[5] Ausgaben","","","5","5","","","23500.00"
"592","Schwanden b.B.","2008","[2] BILDUNG","[21] Volksschule","[217] Schulliegenschaften (Ki.garten sofern nicht zuteilbar, Prim + Sek 1)","2","21","217","[5] Ausgaben","[5] Ausgaben","","","5","5","","","18821.70"
"592","Schwanden b.B.","2008","[8] VOLKSWIRTSCHAFT","[86] Energie","[860] Elektrizität","8","86","860","[5] Ausgaben","[5] Ausgaben","","","5","5","","","9494.40"
"592","Schwanden b.B.","2008","[9] FINANZEN UND STEUERN","[94] Vermögens- und Schuldenverwaltung","[942] Liegenschaften des Finanzvermögens","9","94","942","[5] Ausgaben","[5] Ausgaben","","","5","5","","","197332.30"
"592","Schwanden b.B.","2008","[3] KULTUR UND FREIZEIT","[34] Sport","[342] ...","3","34","342","[6] Einnahmen","[6] Einnahmen","","","6","6","","","10000.00"
"592","Schwanden b.B.","2008","[7] UMWELT UND RAUMORDNUNG","[71] Abwasserentsorgung","[710] Abwasserentsorgung","7","71","710","[6] Einnahmen","[6] Einnahmen","","","6","6","","","19242.65"
"592","Schwanden b.B.","2008","[9] FINANZEN UND STEUERN","[99] Nicht aufgeteilte Posten","[999] Abschluss","9","99","999","[6] Einnahmen","[6] Einnahmen","","","6","6","","","363578.35"
"592","Schwanden b.B.","2009","","","","","","","[1] Aktiven","[10] Finanzvermögen","","","1","10","","","3564243.94"
"592","Schwanden b.B.","2009","","","","","","","[2] Passiven","[20] Fremdkapital","","","2","20","","","502731.19"
"592","Schwanden b.B.","2009","","","","","","","[2] Passiven","[22] Spezialfinanzierungen","","","2","22","","","3121213.46"
"592","Schwanden b.B.","2009","","","","","","","[2] Passiven","[23] Eigenkapital","","","2","23","","","785333.53"
"592","Schwanden b.B.","2009","[0] ALLGEMEINE VERWALTUNG","[01] Legislative und Exekutive","[012] Exekutive","0","1","12","[3] Aufwand","[3] AUFWAND","","","3","3","","","55850.20"
"592","Schwanden b.B.","2009","[1] OEFFENTLICHE SICHERHEIT","[10] Rechtsaufsicht","[100] Mass und Gewicht","1","10","100","[3] Aufwand","[3] AUFWAND","","","3","3","","","11280.95"
"592","Schwanden b.B.","2009","[1] OEFFENTLICHE SICHERHEIT","[14] Wehrdienste","[140] Wehrdienste","1","14","140","[3] Aufwand","[3] AUFWAND","","","3","3","","","42709.10"
"592","Schwanden b.B.","2009","[1] OEFFENTLICHE SICHERHEIT","[16] Zivile Landesverteidigung","[161] Uebrige zivile Landesverteidigung","1","16","161","[3] Aufwand","[3] AUFWAND","","","3","3","","","9942.65"
"592","Schwanden b.B.","2009","[2] BILDUNG","[20] Kindergarten","[200] Kindergarten","2","20","200","[3] Aufwand","[3] AUFWAND","","","3","3","","","22754.65"
"592","Schwanden b.B.","2009","[2] BILDUNG","[21] Volksschule","[214] Musikschulen","2","21","214","[3] Aufwand","[3] AUFWAND","","","3","3","","","8100.00"
"592","Schwanden b.B.","2009","[2] BILDUNG","[21] Volksschule","[217] Schulliegenschaften (Ki.garten sofern nicht zuteilbar, Prim + Sek 1)","2","21","217","[3] Aufwand","[3] AUFWAND","","","3","3","","","86824.05"
"592","Schwanden b.B.","2009","[2] BILDUNG","[21] Volksschule","[219] Nicht Aufteilbares, Volksschule, Tagesschule","2","21","219","[3] Aufwand","[3] AUFWAND","","","3","3","","","304604.65"
"592","Schwanden b.B.","2009","[3] KULTUR UND FREIZEIT","[30] Kulturförderung","[309] Uebrige Kulturförderung","3","30","309","[3] Aufwand","[3] AUFWAND","","","3","3","","","10884.90"
"592","Schwanden b.B.","2009","[3] KULTUR UND FREIZEIT","[33] Parkanlagen und Wanderwege","[330] Parkanlagen und Wanderwege","3","33","330","[3] Aufwand","[3] AUFWAND","","","3","3","","","2614.80"
"592","Schwanden b.B.","2009","[3] KULTUR UND FREIZEIT","[34] Sport","[341] ...","3","34","341","[3] Aufwand","[3] AUFWAND","","","3","3","","","7401.75"
"592","Schwanden b.B.","2009","[4] GESUNDHEIT","[45] Krankheitsbekämpfung","[450] Krankheitsbekämpfung","4","45","450","[3] Aufwand","[3] AUFWAND","","","3","3","","","607.00"
"592","Schwanden b.B.","2009","[4] GESUNDHEIT","[46] Schulgesundheitsdienst","[460] Schulärztliche Pflege","4","46","460","[3] Aufwand","[3] AUFWAND","","","3","3","","","525.70"
"592","Schwanden b.B.","2009","[4] GESUNDHEIT","[47] Lebensmittelkontrolle","[470] Lebensmittelkontrolle","4","47","470","[3] Aufwand","[3] AUFWAND","","","3","3","","","86.70"
"592","Schwanden b.B.","2009","[5] SOZIALE WOHLFAHRT","[50] Altersversicherung","[500] AHV-Zweigstelle","5","50","500","[3] Aufwand","[3] AUFWAND","","","3","3","","","7798.10"
"592","Schwanden b.B.","2009","[5] SOZIALE WOHLFAHRT","[54] Jugendschutz","[540] Jugendschutz","5","54","540","[3] Aufwand","[3] AUFWAND","","","3","3","","","100.00"
"592","Schwanden b.B.","2009","[5] SOZIALE WOHLFAHRT","[57] Altersheime","[571] ...","5","57","571","[3] Aufwand","[3] AUFWAND","","","3","3","","","1439.60"
"592","Schwanden b.B.","2009","[5] SOZIALE WOHLFAHRT","[58] Sozialhilfe","[582] Weitere Wohlfahrts-, Vor- + Fürsorgeeinrichtungen","5","58","582","[3] Aufwand","[3] AUFWAND","","","3","3","","","442.35"
"592","Schwanden b.B.","2009","[5] SOZIALE WOHLFAHRT","[58] Sozialhilfe","[587] Lastenausgleich","5","58","587","[3] Aufwand","[3] AUFWAND","","","3","3","","","228191.35"
"592","Schwanden b.B.","2009","[7] UMWELT UND RAUMORDNUNG","[72] Abfallentsorgung","[720] Abfallentsorgung","7","72","720","[3] Aufwand","[3] AUFWAND","","","3","3","","","71081.15"
"592","Schwanden b.B.","2009","[7] UMWELT UND RAUMORDNUNG","[78] Uebriger Umweltschutz","[780] Oeffentliche Toiletten","7","78","780","[3] Aufwand","[3] AUFWAND","","","3","3","","","1164.90"
"592","Schwanden b.B.","2009","[8] VOLKSWIRTSCHAFT","[81] Forstwirtschaft","[810] Forstverwaltung","8","81","810","[3] Aufwand","[3] AUFWAND","","","3","3","","","6168.20"
"592","Schwanden b.B.","2009","[8] VOLKSWIRTSCHAFT","[81] Forstwirtschaft","[812] Holzernte","8","81","812","[3] Aufwand","[3] AUFWAND","","","3","3","","","17084.90"
"592","Schwanden b.B.","2009","[9] FINANZEN UND STEUERN","[94] Vermögens- und Schuldenverwaltung","[940] Zinsen","9","94","940","[3] Aufwand","[3] AUFWAND","","","3","3","","","36351.90"
"592","Schwanden b.B.","2009","[9] FINANZEN UND STEUERN","[94] Vermögens- und Schuldenverwaltung","[942] Liegenschaften des Finanzvermögens","9","94","942","[3] Aufwand","[3] AUFWAND","","","3","3","","","22327.85"
"592","Schwanden b.B.","2009","[9] FINANZEN UND STEUERN","[99] Nicht aufgeteilte Posten","[990] Abschreibungen","9","99","990","[3] Aufwand","[3] AUFWAND","","","3","3","","","148713.35"
"592","Schwanden b.B.","2009","[0] ALLGEMEINE VERWALTUNG","[01] Legislative und Exekutive","[011] Legislative","0","1","11","[4] Ertrag","[4] ERTRAG","","","4","4","","","500.00"
"592","Schwanden b.B.","2009","[0] ALLGEMEINE VERWALTUNG","[02] Allgemeine Verwaltung","[029] Allgemeine Verwaltung","0","2","29","[4] Ertrag","[4] ERTRAG","","","4","4","","","44059.85"
"592","Schwanden b.B.","2009","[0] ALLGEMEINE VERWALTUNG","[09] Nicht aufteilbare Aufgaben","[090] Verwaltungsliegenschaften","0","9","90","[4] Ertrag","[4] ERTRAG","","","4","4","","","1644.50"
"592","Schwanden b.B.","2009","[1] OEFFENTLICHE SICHERHEIT","[10] Rechtsaufsicht","[100] Mass und Gewicht","1","10","100","[4] Ertrag","[4] ERTRAG","","","4","4","","","758.25"
"592","Schwanden b.B.","2009","[1] OEFFENTLICHE SICHERHEIT","[10] Rechtsaufsicht","[101] Uebrige Rechtspflege","1","10","101","[4] Ertrag","[4] ERTRAG","","","4","4","","","20659.55"
"592","Schwanden b.B.","2009","[1] OEFFENTLICHE SICHERHEIT","[14] Wehrdienste","[140] Wehrdienste","1","14","140","[4] Ertrag","[4] ERTRAG","","","4","4","","","42709.10"
"592","Schwanden b.B.","2009","[2] BILDUNG","[21] Volksschule","[214] Musikschulen","2","21","214","[4] Ertrag","[4] ERTRAG","","","4","4","","","1482.90"
"592","Schwanden b.B.","2009","[2] BILDUNG","[21] Volksschule","[217] Schulliegenschaften (Ki.garten sofern nicht zuteilbar, Prim + Sek 1)","2","21","217","[4] Ertrag","[4] ERTRAG","","","4","4","","","15038.00"
"592","Schwanden b.B.","2009","[2] BILDUNG","[21] Volksschule","[219] Nicht Aufteilbares, Volksschule, Tagesschule","2","21","219","[4] Ertrag","[4] ERTRAG","","","4","4","","","10960.00"
"592","Schwanden b.B.","2009","[3] KULTUR UND FREIZEIT","[34] Sport","[341] ...","3","34","341","[4] Ertrag","[4] ERTRAG","","","4","4","","","5914.85"
"592","Schwanden b.B.","2009","[3] KULTUR UND FREIZEIT","[34] Sport","[342] ...","3","34","342","[4] Ertrag","[4] ERTRAG","","","4","4","","","3345.35"
"592","Schwanden b.B.","2009","[6] VERKEHR","[62] Gemeindestrassen","[620] Gemeindestrassennetz","6","62","620","[4] Ertrag","[4] ERTRAG","","","4","4","","","121741.30"
"592","Schwanden b.B.","2009","[7] UMWELT UND RAUMORDNUNG","[71] Abwasserentsorgung","[710] Abwasserentsorgung","7","71","710","[4] Ertrag","[4] ERTRAG","","","4","4","","","148643.60"
"592","Schwanden b.B.","2009","[7] UMWELT UND RAUMORDNUNG","[72] Abfallentsorgung","[720] Abfallentsorgung","7","72","720","[4] Ertrag","[4] ERTRAG","","","4","4","","","71081.15"
"592","Schwanden b.B.","2009","[7] UMWELT UND RAUMORDNUNG","[75] Gewässerverbauungen","[750] Gewässerverbauungen","7","75","750","[4] Ertrag","[4] ERTRAG","","","4","4","","","62116.65"
"592","Schwanden b.B.","2009","[8] VOLKSWIRTSCHAFT","[81] Forstwirtschaft","[810] Forstverwaltung","8","81","810","[4] Ertrag","[4] ERTRAG","","","4","4","","","353.80"
"592","Schwanden b.B.","2009","[8] VOLKSWIRTSCHAFT","[86] Energie","[860] Elektrizität","8","86","860","[4] Ertrag","[4] ERTRAG","","","4","4","","","9716.25"
"592","Schwanden b.B.","2009","[9] FINANZEN UND STEUERN","[90] Steuern","[900] Obligatorische periodische Steuern","9","90","900","[4] Ertrag","[4] ERTRAG","","","4","4","","","1056678.65"
"592","Schwanden b.B.","2009","[9] FINANZEN UND STEUERN","[90] Steuern","[903] Steuerabschreibungen","9","90","903","[4] Ertrag","[4] ERTRAG","","","4","4","","","203.70"
"592","Schwanden b.B.","2009","[9] FINANZEN UND STEUERN","[94] Vermögens- und Schuldenverwaltung","[940] Zinsen","9","94","940","[4] Ertrag","[4] ERTRAG","","","4","4","","","25994.25"
"592","Schwanden b.B.","2009","[9] FINANZEN UND STEUERN","[99] Nicht aufgeteilte Posten","[990] Abschreibungen","9","99","990","[4] Ertrag","[4] ERTRAG","","","4","4","","","1544.10"
"592","Schwanden b.B.","2009","[2] BILDUNG","[21] Volksschule","[217] Schulliegenschaften (Ki.garten sofern nicht zuteilbar, Prim + Sek 1)","2","21","217","[5] Ausgaben","[5] Ausgaben","","","5","5","","","63356.45"
"592","Schwanden b.B.","2009","[6] VERKEHR","[62] Gemeindestrassen","[620] Gemeindestrassennetz","6","62","620","[5] Ausgaben","[5] Ausgaben","","","5","5","","","64636.85"
"592","Schwanden b.B.","2009","[7] UMWELT UND RAUMORDNUNG","[70] Wasserversorgung","[700] Wasserversorgung","7","70","700","[5] Ausgaben","[5] Ausgaben","","","5","5","","","26914.45"
"592","Schwanden b.B.","2009","[7] UMWELT UND RAUMORDNUNG","[71] Abwasserentsorgung","[710] Abwasserentsorgung","7","71","710","[5] Ausgaben","[5] Ausgaben","","","5","5","","","20146.50"
"592","Schwanden b.B.","2009","[7] UMWELT UND RAUMORDNUNG","[75] Gewässerverbauungen","[750] Gewässerverbauungen","7","75","750","[5] Ausgaben","[5] Ausgaben","","","5","5","","","118483.90"
"592","Schwanden b.B.","2009","[7] UMWELT UND RAUMORDNUNG","[79] Raumordnung","[790] Raumplanung","7","79","790","[5] Ausgaben","[5] Ausgaben","","","5","5","","","180002.15"
"592","Schwanden b.B.","2009","[9] FINANZEN UND STEUERN","[94] Vermögens- und Schuldenverwaltung","[944] Burgergut","9","94","944","[5] Ausgaben","[5] Ausgaben","","","5","5","","","50000.00"
"592","Schwanden b.B.","2009","[9] FINANZEN UND STEUERN","[99] Nicht aufgeteilte Posten","[999] Abschluss","9","99","999","[5] Ausgaben","[5] Ausgaben","","","5","5","","","295483.75"
"592","Schwanden b.B.","2009","[3] KULTUR UND FREIZEIT","[30] Kulturförderung","[309] Uebrige Kulturförderung","3","30","309","[6] Einnahmen","[6] Einnahmen","","","6","6","","","600.00"
"592","Schwanden b.B.","2009","[3] KULTUR UND FREIZEIT","[34] Sport","[340] Sport","3","34","340","[6] Einnahmen","[6] Einnahmen","","","6","6","","","2500.00"
"592","Schwanden b.B.","2009","[7] UMWELT UND RAUMORDNUNG","[70] Wasserversorgung","[700] Wasserversorgung","7","70","700","[6] Einnahmen","[6] Einnahmen","","","6","6","","","6660.00"
"592","Schwanden b.B.","2009","[7] UMWELT UND RAUMORDNUNG","[75] Gewässerverbauungen","[750] Gewässerverbauungen","7","75","750","[6] Einnahmen","[6] Einnahmen","","","6","6","","","98736.60"
"592","Schwanden b.B.","2009","[7] UMWELT UND RAUMORDNUNG","[79] Raumordnung","[790] Raumplanung","7","79","790","[6] Einnahmen","[6] Einnahmen","","","6","6","","","180002.15"
"592","Schwanden b.B.","2009","[9] FINANZEN UND STEUERN","[94] Vermögens- und Schuldenverwaltung","[942] Liegenschaften des Finanzvermögens","9","94","942","[6] Einnahmen","[6] Einnahmen","","","6","6","","","37124.55"
"592","Schwanden b.B.","2009","[9] FINANZEN UND STEUERN","[99] Nicht aufgeteilte Posten","[999] Abschluss","9","99","999","[6] Einnahmen","[6] Einnahmen","","","6","6","","","541540.30"
"592","Schwanden b.B.","2010","","","","","","","[1] Aktiven","[11] Verwaltungsvermögen","","","1","11","","","1034938.29"
"592","Schwanden b.B.","2010","[0] ALLGEMEINE VERWALTUNG","[01] Legislative und Exekutive","[011] Legislative","0","1","11","[3] Aufwand","[3] AUFWAND","","","3","3","","","9048.80"
"592","Schwanden b.B.","2010","[0] ALLGEMEINE VERWALTUNG","[02] Allgemeine Verwaltung","[029] Allgemeine Verwaltung","0","2","29","[3] Aufwand","[3] AUFWAND","","","3","3","","","257732.08"
"592","Schwanden b.B.","2010","[0] ALLGEMEINE VERWALTUNG","[09] Nicht aufteilbare Aufgaben","[090] Verwaltungsliegenschaften","0","9","90","[3] Aufwand","[3] AUFWAND","","","3","3","","","31616.30"
"592","Schwanden b.B.","2010","[0] ALLGEMEINE VERWALTUNG","[09] Nicht aufteilbare Aufgaben","[091] ...","0","9","91","[3] Aufwand","[3] AUFWAND","","","3","3","","","173.25"
"592","Schwanden b.B.","2010","[1] OEFFENTLICHE SICHERHEIT","[10] Rechtsaufsicht","[101] Uebrige Rechtspflege","1","10","101","[3] Aufwand","[3] AUFWAND","","","3","3","","","8606.85"
"592","Schwanden b.B.","2010","[1] OEFFENTLICHE SICHERHEIT","[16] Zivile Landesverteidigung","[160] Zivilschutz","1","16","160","[3] Aufwand","[3] AUFWAND","","","3","3","","","14952.10"
"592","Schwanden b.B.","2010","[2] BILDUNG","[29] Uebriges Bildungswesen","[292] Erwachsenenbildung","2","29","292","[3] Aufwand","[3] AUFWAND","","","3","3","","","1866.60"
"592","Schwanden b.B.","2010","[3] KULTUR UND FREIZEIT","[34] Sport","[340] Sport","3","34","340","[3] Aufwand","[3] AUFWAND","","","3","3","","","1250.00"
"592","Schwanden b.B.","2010","[3] KULTUR UND FREIZEIT","[34] Sport","[342] ...","3","34","342","[3] Aufwand","[3] AUFWAND","","","3","3","","","7348.15"
"592","Schwanden b.B.","2010","[3] KULTUR UND FREIZEIT","[35] Uebrige Freizeitgestaltung","[350] Uebrige Freizeitgestaltung","3","35","350","[3] Aufwand","[3] AUFWAND","","","3","3","","","400.00"
"592","Schwanden b.B.","2010","[4] GESUNDHEIT","[44] Ambulante Krankenpflege","[440] Spitex/Krankenpflege","4","44","440","[3] Aufwand","[3] AUFWAND","","","3","3","","","650.00"
"592","Schwanden b.B.","2010","[4] GESUNDHEIT","[46] Schulgesundheitsdienst","[461] Schulzahnärztliche Pflege","4","46","461","[3] Aufwand","[3] AUFWAND","","","3","3","","","753.10"
"592","Schwanden b.B.","2010","[5] SOZIALE WOHLFAHRT","[53] Sonstige Sozialversicherungen","[530] Ergänzungsleistungen der AHV, IV","5","53","530","[3] Aufwand","[3] AUFWAND","","","3","3","","","125011.00"
"592","Schwanden b.B.","2010","[5] SOZIALE WOHLFAHRT","[54] Jugendschutz","[541] Kinderheime und -krippen, Waisenhäuser","5","54","541","[3] Aufwand","[3] AUFWAND","","","3","3","","","100.00"
"592","Schwanden b.B.","2010","[5] SOZIALE WOHLFAHRT","[58] Sozialhilfe","[589] Sozialbehörden, Sekretariat","5","58","589","[3] Aufwand","[3] AUFWAND","","","3","3","","","9528.70"
"592","Schwanden b.B.","2010","[6] VERKEHR","[62] Gemeindestrassen","[620] Gemeindestrassennetz","6","62","620","[3] Aufwand","[3] AUFWAND","","","3","3","","","189064.60"
"592","Schwanden b.B.","2010","[6] VERKEHR","[65] Regionalverkehr","[650] Regionalverkehrsbetriebe","6","65","650","[3] Aufwand","[3] AUFWAND","","","3","3","","","44713.80"
"592","Schwanden b.B.","2010","[7] UMWELT UND RAUMORDNUNG","[70] Wasserversorgung","[700] Wasserversorgung","7","70","700","[3] Aufwand","[3] AUFWAND","","","3","3","","","124403.35"
"592","Schwanden b.B.","2010","[7] UMWELT UND RAUMORDNUNG","[71] Abwasserentsorgung","[710] Abwasserentsorgung","7","71","710","[3] Aufwand","[3] AUFWAND","","","3","3","","","231512.35"
"592","Schwanden b.B.","2010","[7] UMWELT UND RAUMORDNUNG","[74] Friedhof und Bestattung","[740] Friedhof und Bestattung","7","74","740","[3] Aufwand","[3] AUFWAND","","","3","3","","","14736.00"
"592","Schwanden b.B.","2010","[7] UMWELT UND RAUMORDNUNG","[75] Gewässerverbauungen","[750] Gewässerverbauungen","7","75","750","[3] Aufwand","[3] AUFWAND","","","3","3","","","60520.70"
"592","Schwanden b.B.","2010","[7] UMWELT UND RAUMORDNUNG","[79] Raumordnung","[790] Raumplanung","7","79","790","[3] Aufwand","[3] AUFWAND","","","3","3","","","7068.30"
"592","Schwanden b.B.","2010","[8] VOLKSWIRTSCHAFT","[80] Landwirtschaft","[800] Landwirtschaft","8","80","800","[3] Aufwand","[3] AUFWAND","","","3","3","","","50.00"
"592","Schwanden b.B.","2010","[8] VOLKSWIRTSCHAFT","[81] Forstwirtschaft","[811] Kulturen, Pflegemassnahmen","8","81","811","[3] Aufwand","[3] AUFWAND","","","3","3","","","12662.30"
"592","Schwanden b.B.","2010","[8] VOLKSWIRTSCHAFT","[83] Tourismus","[830] Tourismus","8","83","830","[3] Aufwand","[3] AUFWAND","","","3","3","","","3030.00"
"592","Schwanden b.B.","2010","[9] FINANZEN UND STEUERN","[90] Steuern","[903] Steuerabschreibungen","9","90","903","[3] Aufwand","[3] AUFWAND","","","3","3","","","-9035.35"
"592","Schwanden b.B.","2010","[9] FINANZEN UND STEUERN","[94] Vermögens- und Schuldenverwaltung","[944] Burgergut","9","94","944","[3] Aufwand","[3] AUFWAND","","","3","3","","","54177.70"
"592","Schwanden b.B.","2010","[0] ALLGEMEINE VERWALTUNG","[01] Legislative und Exekutive","[012] Exekutive","0","1","12","[4] Ertrag","[4] ERTRAG","","","4","4","","","1110.00"
"592","Schwanden b.B.","2010","[0] ALLGEMEINE VERWALTUNG","[09] Nicht aufteilbare Aufgaben","[091] ...","0","9","91","[4] Ertrag","[4] ERTRAG","","","4","4","","","1916.00"
"592","Schwanden b.B.","2010","[1] OEFFENTLICHE SICHERHEIT","[16] Zivile Landesverteidigung","[160] Zivilschutz","1","16","160","[4] Ertrag","[4] ERTRAG","","","4","4","","","14953.00"
"592","Schwanden b.B.","2010","[3] KULTUR UND FREIZEIT","[30] Kulturförderung","[309] Uebrige Kulturförderung","3","30","309","[4] Ertrag","[4] ERTRAG","","","4","4","","","11810.20"
"592","Schwanden b.B.","2010","[5] SOZIALE WOHLFAHRT","[57] Altersheime","[571] ...","5","57","571","[4] Ertrag","[4] ERTRAG","","","4","4","","","4879.30"
"592","Schwanden b.B.","2010","[5] SOZIALE WOHLFAHRT","[58] Sozialhilfe","[589] Sozialbehörden, Sekretariat","5","58","589","[4] Ertrag","[4] ERTRAG","","","4","4","","","3631.65"
"592","Schwanden b.B.","2010","[7] UMWELT UND RAUMORDNUNG","[70] Wasserversorgung","[700] Wasserversorgung","7","70","700","[4] Ertrag","[4] ERTRAG","","","4","4","","","124403.35"
"592","Schwanden b.B.","2010","[8] VOLKSWIRTSCHAFT","[81] Forstwirtschaft","[811] Kulturen, Pflegemassnahmen","8","81","811","[4] Ertrag","[4] ERTRAG","","","4","4","","","12155.00"
"592","Schwanden b.B.","2010","[8] VOLKSWIRTSCHAFT","[81] Forstwirtschaft","[812] Holzernte","8","81","812","[4] Ertrag","[4] ERTRAG","","","4","4","","","21867.50"
"592","Schwanden b.B.","2010","[9] FINANZEN UND STEUERN","[90] Steuern","[901] Obligatorische aperiodische Steuern","9","90","901","[4] Ertrag","[4] ERTRAG","","","4","4","","","46244.25"
"592","Schwanden b.B.","2010","[9] FINANZEN UND STEUERN","[90] Steuern","[902] Liegenschaftssteuern","9","90","902","[4] Ertrag","[4] ERTRAG","","","4","4","","","134130.25"
"592","Schwanden b.B.","2010","[9] FINANZEN UND STEUERN","[90] Steuern","[904] Fakultative Steuern und Abgaben","9","90","904","[4] Ertrag","[4] ERTRAG","","","4","4","","","2000.00"
"592","Schwanden b.B.","2010","[9] FINANZEN UND STEUERN","[92] Finanzausgleich","[920] Finanzausgleich","9","92","920","[4] Ertrag","[4] ERTRAG","","","4","4","","","219217.00"
"592","Schwanden b.B.","2010","[9] FINANZEN UND STEUERN","[94] Vermögens- und Schuldenverwaltung","[942] Liegenschaften des Finanzvermögens","9","94","942","[4] Ertrag","[4] ERTRAG","","","4","4","","","41509.40"
"592","Schwanden b.B.","2010","[9] FINANZEN UND STEUERN","[94] Vermögens- und Schuldenverwaltung","[944] Burgergut","9","94","944","[4] Ertrag","[4] ERTRAG","","","4","4","","","54177.70"
"592","Schwanden b.B.","2010","[1] OEFFENTLICHE SICHERHEIT","[10] Rechtsaufsicht","[100] Mass und Gewicht","1","10","100","[5] Ausgaben","[5] Ausgaben","","","5","5","","","21443.20"
"592","Schwanden b.B.","2010","[9] FINANZEN UND STEUERN","[94] Vermögens- und Schuldenverwaltung","[942] Liegenschaften des Finanzvermögens","9","94","942","[5] Ausgaben","[5] Ausgaben","","","5","5","","","2987.75"
"592","Schwanden b.B.","2010","[1] OEFFENTLICHE SICHERHEIT","[10] Rechtsaufsicht","[100] Mass und Gewicht","1","10","100","[6] Einnahmen","[6] Einnahmen","","","6","6","","","9448.65"
"592","Schwanden b.B.","2010","[6] VERKEHR","[62] Gemeindestrassen","[620] Gemeindestrassennetz","6","62","620","[6] Einnahmen","[6] Einnahmen","","","6","6","","","20000.00"
"592","Schwanden b.B.","2010","[7] UMWELT UND RAUMORDNUNG","[71] Abwasserentsorgung","[710] Abwasserentsorgung","7","71","710","[6] Einnahmen","[6] Einnahmen","","","6","6","","","2472.45"
"592","Schwanden b.B.","2010","[7] UMWELT UND RAUMORDNUNG","[75] Gewässerverbauungen","[750] Gewässerverbauungen","7","75","750","[6] Einnahmen","[6] Einnahmen","","","6","6","","","56122.25"
"592","Schwanden b.B.","2006","","","","","","","[1] Aktiven","","","","1","","","","3915570.00"
"592","Schwanden b.B.","2006","[0] ALLGEMEINE VERWALTUNG","[01] Legislative und Exekutive","[012] Exekutive","0","1","12","[3] Aufwand","","","","3","","","","30398.40"
"592","Schwanden b.B.","2006","[0] ALLGEMEINE VERWALTUNG","[02] Allgemeine Verwaltung","[029] Allgemeine Verwaltung","0","2","29","[3] Aufwand","","","","3","","","","243584.00"
"592","Schwanden b.B.","2006","[0] ALLGEMEINE VERWALTUNG","[09] Nicht aufteilbare Aufgaben","[090] Verwaltungsliegenschaften","0","9","90","[3] Aufwand","","","","3","","","","29194.85"
"592","Schwanden b.B.","2006","[1] OEFFENTLICHE SICHERHEIT","[10] Rechtsaufsicht","[100] Mass und Gewicht","1","10","100","[3] Aufwand","","","","3","","","","7776.85"
"592","Schwanden b.B.","2006","[1] OEFFENTLICHE SICHERHEIT","[14] Wehrdienste","[140] Wehrdienste","1","14","140","[3] Aufwand","","","","3","","","","23735.70"
"592","Schwanden b.B.","2006","[1] OEFFENTLICHE SICHERHEIT","[16] Zivile Landesverteidigung","[161] Uebrige zivile Landesverteidigung","1","16","161","[3] Aufwand","","","","3","","","","1200.00"
"592","Schwanden b.B.","2006","[2] BILDUNG","[20] Kindergarten","[200] Kindergarten","2","20","200","[3] Aufwand","","","","3","","","","31938.90"
"592","Schwanden b.B.","2006","[2] BILDUNG","[21] Volksschule","[214] Musikschulen","2","21","214","[3] Aufwand","","","","3","","","","10342.75"
"592","Schwanden b.B.","2006","[2] BILDUNG","[21] Volksschule","[217] Schulliegenschaften (Ki.garten sofern nicht zuteilbar, Prim + Sek 1)","2","21","217","[3] Aufwand","","","","3","","","","80582.65"
"592","Schwanden b.B.","2006","[2] BILDUNG","[21] Volksschule","[219] Nicht Aufteilbares, Volksschule, Tagesschule","2","21","219","[3] Aufwand","","","","3","","","","297190.44"
"592","Schwanden b.B.","2006","[3] KULTUR UND FREIZEIT","[30] Kulturförderung","[309] Uebrige Kulturförderung","3","30","309","[3] Aufwand","","","","3","","","","16796.40"
"592","Schwanden b.B.","2006","[3] KULTUR UND FREIZEIT","[33] Parkanlagen und Wanderwege","[330] Parkanlagen und Wanderwege","3","33","330","[3] Aufwand","","","","3","","","","4254.00"
"592","Schwanden b.B.","2006","[3] KULTUR UND FREIZEIT","[34] Sport","[341] ...","3","34","341","[3] Aufwand","","","","3","","","","9531.90"
"592","Schwanden b.B.","2006","[4] GESUNDHEIT","[45] Krankheitsbekämpfung","[450] Krankheitsbekämpfung","4","45","450","[3] Aufwand","","","","3","","","","699.00"
"592","Schwanden b.B.","2006","[4] GESUNDHEIT","[46] Schulgesundheitsdienst","[460] Schulärztliche Pflege","4","46","460","[3] Aufwand","","","","3","","","","218.60"
"592","Schwanden b.B.","2006","[5] SOZIALE WOHLFAHRT","[50] Altersversicherung","[500] AHV-Zweigstelle","5","50","500","[3] Aufwand","","","","3","","","","9299.80"
"592","Schwanden b.B.","2006","[5] SOZIALE WOHLFAHRT","[51] Invalidenversicherung","[510] Gemeindeanteil am Beitrag des Kantons für die IV","5","51","510","[3] Aufwand","","","","3","","","","34693.00"
"592","Schwanden b.B.","2006","[5] SOZIALE WOHLFAHRT","[58] Sozialhilfe","[580] Sozialhilfe","5","58","580","[3] Aufwand","","","","3","","","","3380.60"
"592","Schwanden b.B.","2006","[5] SOZIALE WOHLFAHRT","[58] Sozialhilfe","[582] Weitere Wohlfahrts-, Vor- + Fürsorgeeinrichtungen","5","58","582","[3] Aufwand","","","","3","","","","385.70"
"592","Schwanden b.B.","2006","[5] SOZIALE WOHLFAHRT","[58] Sozialhilfe","[584] Dem Lastenausgleich unterlieg.Pers'kosten Sozialarbeiter","5","58","584","[3] Aufwand","","","","3","","","","12350.65"
"592","Schwanden b.B.","2006","[5] SOZIALE WOHLFAHRT","[58] Sozialhilfe","[587] Lastenausgleich","5","58","587","[3] Aufwand","","","","3","","","","214732.85"
"592","Schwanden b.B.","2006","[7] UMWELT UND RAUMORDNUNG","[72] Abfallentsorgung","[720] Abfallentsorgung","7","72","720","[3] Aufwand","","","","3","","","","71033.90"
"592","Schwanden b.B.","2006","[7] UMWELT UND RAUMORDNUNG","[78] Uebriger Umweltschutz","[780] Oeffentliche Toiletten","7","78","780","[3] Aufwand","","","","3","","","","1221.50"
"592","Schwanden b.B.","2006","[8] VOLKSWIRTSCHAFT","[81] Forstwirtschaft","[810] Forstverwaltung","8","81","810","[3] Aufwand","","","","3","","","","6536.55"
"592","Schwanden b.B.","2006","[8] VOLKSWIRTSCHAFT","[81] Forstwirtschaft","[812] Holzernte","8","81","812","[3] Aufwand","","","","3","","","","48295.55"
"592","Schwanden b.B.","2006","[9] FINANZEN UND STEUERN","[90] Steuern","[903] Steuerabschreibungen","9","90","903","[3] Aufwand","","","","3","","","","11741.30"
"592","Schwanden b.B.","2006","[9] FINANZEN UND STEUERN","[94] Vermögens- und Schuldenverwaltung","[940] Zinsen","9","94","940","[3] Aufwand","","","","3","","","","40463.10"
"592","Schwanden b.B.","2006","[9] FINANZEN UND STEUERN","[94] Vermögens- und Schuldenverwaltung","[942] Liegenschaften des Finanzvermögens","9","94","942","[3] Aufwand","","","","3","","","","11301.85"
"592","Schwanden b.B.","2006","[9] FINANZEN UND STEUERN","[99] Nicht aufgeteilte Posten","[990] Abschreibungen","9","99","990","[3] Aufwand","","","","3","","","","83934.45"
"592","Schwanden b.B.","2006","[0] ALLGEMEINE VERWALTUNG","[01] Legislative und Exekutive","[011] Legislative","0","1","11","[4] Ertrag","","","","4","","","","500.00"
"592","Schwanden b.B.","2006","[0] ALLGEMEINE VERWALTUNG","[01] Legislative und Exekutive","[012] Exekutive","0","1","12","[4] Ertrag","","","","4","","","","920.00"
"592","Schwanden b.B.","2006","[0] ALLGEMEINE VERWALTUNG","[09] Nicht aufteilbare Aufgaben","[091] ...","0","9","91","[4] Ertrag","","","","4","","","","3978.00"
"592","Schwanden b.B.","2006","[1] OEFFENTLICHE SICHERHEIT","[10] Rechtsaufsicht","[101] Uebrige Rechtspflege","1","10","101","[4] Ertrag","","","","4","","","","21249.25"
"592","Schwanden b.B.","2006","[1] OEFFENTLICHE SICHERHEIT","[16] Zivile Landesverteidigung","[160] Zivilschutz","1","16","160","[4] Ertrag","","","","4","","","","13752.00"
"592","Schwanden b.B.","2006","[2] BILDUNG","[20] Kindergarten","[200] Kindergarten","2","20","200","[4] Ertrag","","","","4","","","","25390.90"
"592","Schwanden b.B.","2006","[2] BILDUNG","[29] Uebriges Bildungswesen","[292] Erwachsenenbildung","2","29","292","[4] Ertrag","","","","4","","","","38.30"
"592","Schwanden b.B.","2006","[3] KULTUR UND FREIZEIT","[34] Sport","[342] ...","3","34","342","[4] Ertrag","","","","4","","","","22312.95"
"592","Schwanden b.B.","2006","[5] SOZIALE WOHLFAHRT","[58] Sozialhilfe","[583] Asylwesen","5","58","583","[4] Ertrag","","","","4","","","","5039.02"
"592","Schwanden b.B.","2006","[7] UMWELT UND RAUMORDNUNG","[70] Wasserversorgung","[700] Wasserversorgung","7","70","700","[4] Ertrag","","","","4","","","","96636.80"
"592","Schwanden b.B.","2006","[7] UMWELT UND RAUMORDNUNG","[75] Gewässerverbauungen","[750] Gewässerverbauungen","7","75","750","[4] Ertrag","","","","4","","","","55446.65"
"592","Schwanden b.B.","2006","[8] VOLKSWIRTSCHAFT","[81] Forstwirtschaft","[812] Holzernte","8","81","812","[4] Ertrag","","","","4","","","","65476.90"
"592","Schwanden b.B.","2006","[9] FINANZEN UND STEUERN","[90] Steuern","[901] Obligatorische aperiodische Steuern","9","90","901","[4] Ertrag","","","","4","","","","24081.00"
"592","Schwanden b.B.","2006","[9] FINANZEN UND STEUERN","[90] Steuern","[902] Liegenschaftssteuern","9","90","902","[4] Ertrag","","","","4","","","","130031.80"
"592","Schwanden b.B.","2006","[9] FINANZEN UND STEUERN","[90] Steuern","[904] Fakultative Steuern und Abgaben","9","90","904","[4] Ertrag","","","","4","","","","1700.00"
"592","Schwanden b.B.","2006","[9] FINANZEN UND STEUERN","[92] Finanzausgleich","[920] Finanzausgleich","9","92","920","[4] Ertrag","","","","4","","","","168105.00"
"592","Schwanden b.B.","2006","[9] FINANZEN UND STEUERN","[93] Anteile an kantonalen Steuern und Abgaben","[930] Anteile an kantonalen Steuern und Abgaben","9","93","930","[4] Ertrag","","","","4","","","","530.20"
"592","Schwanden b.B.","2006","[9] FINANZEN UND STEUERN","[94] Vermögens- und Schuldenverwaltung","[944] Burgergut","9","94","944","[4] Ertrag","","","","4","","","","67223.75"
"592","Schwanden b.B.","2006","[0] ALLGEMEINE VERWALTUNG","[09] Nicht aufteilbare Aufgaben","[090] Verwaltungsliegenschaften","0","9","90","[5] Ausgaben","","","","5","","","","14864.25"
"592","Schwanden b.B.","2006","[1] OEFFENTLICHE SICHERHEIT","[10] Rechtsaufsicht","[100] Mass und Gewicht","1","10","100","[5] Ausgaben","","","","5","","","","24228.95"
"592","Schwanden b.B.","2006","[6] VERKEHR","[62] Gemeindestrassen","[620] Gemeindestrassennetz","6","62","620","[5] Ausgaben","","","","5","","","","111878.45"
"592","Schwanden b.B.","2006","[7] UMWELT UND RAUMORDNUNG","[75] Gewässerverbauungen","[750] Gewässerverbauungen","7","75","750","[5] Ausgaben","","","","5","","","","2950.20"
"592","Schwanden b.B.","2006","[8] VOLKSWIRTSCHAFT","[81] Forstwirtschaft","[811] Kulturen, Pflegemassnahmen","8","81","811","[5] Ausgaben","","","","5","","","","38658.35"
"592","Schwanden b.B.","2006","[9] FINANZEN UND STEUERN","[99] Nicht aufgeteilte Posten","[999] Abschluss","9","99","999","[5] Ausgaben","","","","5","","","","71986.30"
"592","Schwanden b.B.","2006","[2] BILDUNG","[20] Kindergarten","[200] Kindergarten","2","20","200","[6] Einnahmen","","","","6","","","","8384.50"
"592","Schwanden b.B.","2006","[3] KULTUR UND FREIZEIT","[30] Kulturförderung","[309] Uebrige Kulturförderung","3","30","309","[6] Einnahmen","","","","6","","","","1250.00"
"592","Schwanden b.B.","2006","[3] KULTUR UND FREIZEIT","[34] Sport","[340] Sport","3","34","340","[6] Einnahmen","","","","6","","","","5500.00"
"592","Schwanden b.B.","2007","","","","","","","[1] Aktiven","","","","1","","","","3953011.65"
"592","Schwanden b.B.","2007","","","","","","","[2] Passiven","","","","2","","","","3953011.65"
"592","Schwanden b.B.","2007","[0] ALLGEMEINE VERWALTUNG","[01] Legislative und Exekutive","[011] Legislative","0","1","11","[3] Aufwand","","","","3","","","","8352.05"
"592","Schwanden b.B.","2007","[0] ALLGEMEINE VERWALTUNG","[02] Allgemeine Verwaltung","[029] Allgemeine Verwaltung","0","2","29","[3] Aufwand","","","","3","","","","256743.44"
"592","Schwanden b.B.","2007","[0] ALLGEMEINE VERWALTUNG","[09] Nicht aufteilbare Aufgaben","[090] Verwaltungsliegenschaften","0","9","90","[3] Aufwand","","","","3","","","","34428.70"
"592","Schwanden b.B.","2007","[0] ALLGEMEINE VERWALTUNG","[09] Nicht aufteilbare Aufgaben","[091] ...","0","9","91","[3] Aufwand","","","","3","","","","260.40"
"592","Schwanden b.B.","2007","[1] OEFFENTLICHE SICHERHEIT","[10] Rechtsaufsicht","[101] Uebrige Rechtspflege","1","10","101","[3] Aufwand","","","","3","","","","13295.15"
"592","Schwanden b.B.","2007","[1] OEFFENTLICHE SICHERHEIT","[15] Militärische Landesverteidigung","[151] Militär","1","15","151","[3] Aufwand","","","","3","","","","709.30"
"592","Schwanden b.B.","2007","[2] BILDUNG","[21] Volksschule","[217] Schulliegenschaften (Ki.garten sofern nicht zuteilbar, Prim + Sek 1)","2","21","217","[3] Aufwand","","","","3","","","","80897.30"
"592","Schwanden b.B.","2007","[2] BILDUNG","[29] Uebriges Bildungswesen","[292] Erwachsenenbildung","2","29","292","[3] Aufwand","","","","3","","","","1858.20"
"592","Schwanden b.B.","2007","[3] KULTUR UND FREIZEIT","[34] Sport","[340] Sport","3","34","340","[3] Aufwand","","","","3","","","","1350.00"
"592","Schwanden b.B.","2007","[3] KULTUR UND FREIZEIT","[34] Sport","[342] ...","3","34","342","[3] Aufwand","","","","3","","","","1455.95"
"592","Schwanden b.B.","2007","[3] KULTUR UND FREIZEIT","[35] Uebrige Freizeitgestaltung","[350] Uebrige Freizeitgestaltung","3","35","350","[3] Aufwand","","","","3","","","","450.00"
"592","Schwanden b.B.","2007","[4] GESUNDHEIT","[44] Ambulante Krankenpflege","[440] Spitex/Krankenpflege","4","44","440","[3] Aufwand","","","","3","","","","650.00"
"592","Schwanden b.B.","2007","[4] GESUNDHEIT","[45] Krankheitsbekämpfung","[450] Krankheitsbekämpfung","4","45","450","[3] Aufwand","","","","3","","","","600.00"
"592","Schwanden b.B.","2007","[4] GESUNDHEIT","[46] Schulgesundheitsdienst","[461] Schulzahnärztliche Pflege","4","46","461","[3] Aufwand","","","","3","","","","1202.25"
"592","Schwanden b.B.","2007","[5] SOZIALE WOHLFAHRT","[50] Altersversicherung","[501] Gemeindeanteil am Beitrag des Kantons für die AHV","5","50","501","[3] Aufwand","","","","3","","","","37249.00"
"592","Schwanden b.B.","2007","[5] SOZIALE WOHLFAHRT","[53] Sonstige Sozialversicherungen","[530] Ergänzungsleistungen der AHV, IV","5","53","530","[3] Aufwand","","","","3","","","","89232.00"
"592","Schwanden b.B.","2007","[5] SOZIALE WOHLFAHRT","[58] Sozialhilfe","[580] Sozialhilfe","5","58","580","[3] Aufwand","","","","3","","","","212.00"
"592","Schwanden b.B.","2007","[5] SOZIALE WOHLFAHRT","[58] Sozialhilfe","[588] Arbeitslosenfürsorge","5","58","588","[3] Aufwand","","","","3","","","","1812.40"
"592","Schwanden b.B.","2007","[5] SOZIALE WOHLFAHRT","[58] Sozialhilfe","[589] Sozialbehörden, Sekretariat","5","58","589","[3] Aufwand","","","","3","","","","11873.80"
"592","Schwanden b.B.","2007","[6] VERKEHR","[62] Gemeindestrassen","[620] Gemeindestrassennetz","6","62","620","[3] Aufwand","","","","3","","","","164514.60"
"592","Schwanden b.B.","2007","[7] UMWELT UND RAUMORDNUNG","[70] Wasserversorgung","[700] Wasserversorgung","7","70","700","[3] Aufwand","","","","3","","","","99596.95"
"592","Schwanden b.B.","2007","[7] UMWELT UND RAUMORDNUNG","[71] Abwasserentsorgung","[710] Abwasserentsorgung","7","71","710","[3] Aufwand","","","","3","","","","146154.80"
"592","Schwanden b.B.","2007","[7] UMWELT UND RAUMORDNUNG","[74] Friedhof und Bestattung","[740] Friedhof und Bestattung","7","74","740","[3] Aufwand","","","","3","","","","17371.00"
"592","Schwanden b.B.","2007","[7] UMWELT UND RAUMORDNUNG","[75] Gewässerverbauungen","[750] Gewässerverbauungen","7","75","750","[3] Aufwand","","","","3","","","","95601.05"
"592","Schwanden b.B.","2007","[7] UMWELT UND RAUMORDNUNG","[79] Raumordnung","[790] Raumplanung","7","79","790","[3] Aufwand","","","","3","","","","3867.05"
"592","Schwanden b.B.","2007","[8] VOLKSWIRTSCHAFT","[80] Landwirtschaft","[800] Landwirtschaft","8","80","800","[3] Aufwand","","","","3","","","","50.00"
"592","Schwanden b.B.","2007","[8] VOLKSWIRTSCHAFT","[81] Forstwirtschaft","[811] Kulturen, Pflegemassnahmen","8","81","811","[3] Aufwand","","","","3","","","","6872.40"
"592","Schwanden b.B.","2007","[8] VOLKSWIRTSCHAFT","[83] Tourismus","[830] Tourismus","8","83","830","[3] Aufwand","","","","3","","","","3030.00"
"592","Schwanden b.B.","2007","[9] FINANZEN UND STEUERN","[90] Steuern","[903] Steuerabschreibungen","9","90","903","[3] Aufwand","","","","3","","","","-4565.65"
"592","Schwanden b.B.","2007","[9] FINANZEN UND STEUERN","[94] Vermögens- und Schuldenverwaltung","[940] Zinsen","9","94","940","[3] Aufwand","","","","3","","","","43277.85"
"592","Schwanden b.B.","2007","[0] ALLGEMEINE VERWALTUNG","[01] Legislative und Exekutive","[012] Exekutive","0","1","12","[4] Ertrag","","","","4","","","","900.00"
"592","Schwanden b.B.","2007","[0] ALLGEMEINE VERWALTUNG","[02] Allgemeine Verwaltung","[029] Allgemeine Verwaltung","0","2","29","[4] Ertrag","","","","4","","","","29478.90"
"592","Schwanden b.B.","2007","[0] ALLGEMEINE VERWALTUNG","[09] Nicht aufteilbare Aufgaben","[090] Verwaltungsliegenschaften","0","9","90","[4] Ertrag","","","","4","","","","1074.85"
"592","Schwanden b.B.","2007","[1] OEFFENTLICHE SICHERHEIT","[14] Wehrdienste","[140] Wehrdienste","1","14","140","[4] Ertrag","","","","4","","","","22023.50"
"592","Schwanden b.B.","2007","[1] OEFFENTLICHE SICHERHEIT","[15] Militärische Landesverteidigung","[151] Militär","1","15","151","[4] Ertrag","","","","4","","","","336.60"
"592","Schwanden b.B.","2007","[2] BILDUNG","[21] Volksschule","[214] Musikschulen","2","21","214","[4] Ertrag","","","","4","","","","1090.25"
"592","Schwanden b.B.","2007","[2] BILDUNG","[21] Volksschule","[217] Schulliegenschaften (Ki.garten sofern nicht zuteilbar, Prim + Sek 1)","2","21","217","[4] Ertrag","","","","4","","","","2454.30"
"592","Schwanden b.B.","2007","[2] BILDUNG","[21] Volksschule","[219] Nicht Aufteilbares, Volksschule, Tagesschule","2","21","219","[4] Ertrag","","","","4","","","","11667.65"
"592","Schwanden b.B.","2007","[3] KULTUR UND FREIZEIT","[30] Kulturförderung","[309] Uebrige Kulturförderung","3","30","309","[4] Ertrag","","","","4","","","","19226.05"
"592","Schwanden b.B.","2007","[3] KULTUR UND FREIZEIT","[34] Sport","[341] ...","3","34","341","[4] Ertrag","","","","4","","","","4982.80"
"592","Schwanden b.B.","2007","[5] SOZIALE WOHLFAHRT","[58] Sozialhilfe","[580] Sozialhilfe","5","58","580","[4] Ertrag","","","","4","","","","395.00"
"592","Schwanden b.B.","2007","[5] SOZIALE WOHLFAHRT","[58] Sozialhilfe","[587] Lastenausgleich","5","58","587","[4] Ertrag","","","","4","","","","8.15"
"592","Schwanden b.B.","2007","[5] SOZIALE WOHLFAHRT","[58] Sozialhilfe","[588] Arbeitslosenfürsorge","5","58","588","[4] Ertrag","","","","4","","","","1812.40"
"592","Schwanden b.B.","2007","[7] UMWELT UND RAUMORDNUNG","[72] Abfallentsorgung","[720] Abfallentsorgung","7","72","720","[4] Ertrag","","","","4","","","","71208.65"
"592","Schwanden b.B.","2007","[8] VOLKSWIRTSCHAFT","[81] Forstwirtschaft","[810] Forstverwaltung","8","81","810","[4] Ertrag","","","","4","","","","510.70"
"592","Schwanden b.B.","2007","[8] VOLKSWIRTSCHAFT","[81] Forstwirtschaft","[812] Holzernte","8","81","812","[4] Ertrag","","","","4","","","","61025.55"
"592","Schwanden b.B.","2007","[8] VOLKSWIRTSCHAFT","[86] Energie","[860] Elektrizität","8","86","860","[4] Ertrag","","","","4","","","","10862.25"
"592","Schwanden b.B.","2007","[9] FINANZEN UND STEUERN","[90] Steuern","[900] Obligatorische periodische Steuern","9","90","900","[4] Ertrag","","","","4","","","","908948.05"
"592","Schwanden b.B.","2007","[9] FINANZEN UND STEUERN","[90] Steuern","[902] Liegenschaftssteuern","9","90","902","[4] Ertrag","","","","4","","","","131664.10"
"592","Schwanden b.B.","2007","[9] FINANZEN UND STEUERN","[90] Steuern","[903] Steuerabschreibungen","9","90","903","[4] Ertrag","","","","4","","","","1632.55"
"592","Schwanden b.B.","2007","[9] FINANZEN UND STEUERN","[94] Vermögens- und Schuldenverwaltung","[940] Zinsen","9","94","940","[4] Ertrag","","","","4","","","","22738.50"
"592","Schwanden b.B.","2007","[9] FINANZEN UND STEUERN","[94] Vermögens- und Schuldenverwaltung","[942] Liegenschaften des Finanzvermögens","9","94","942","[4] Ertrag","","","","4","","","","35912.20"
"592","Schwanden b.B.","2007","[9] FINANZEN UND STEUERN","[99] Nicht aufgeteilte Posten","[990] Abschreibungen","9","99","990","[4] Ertrag","","","","4","","","","1906.30"
"592","Schwanden b.B.","2007","[7] UMWELT UND RAUMORDNUNG","[70] Wasserversorgung","[700] Wasserversorgung","7","70","700","[5] Ausgaben","","","","5","","","","14763.70"
"592","Schwanden b.B.","2007","[7] UMWELT UND RAUMORDNUNG","[75] Gewässerverbauungen","[750] Gewässerverbauungen","7","75","750","[5] Ausgaben","","","","5","","","","3169.85"
"592","Schwanden b.B.","2007","[9] FINANZEN UND STEUERN","[94] Vermögens- und Schuldenverwaltung","[944] Burgergut","9","94","944","[5] Ausgaben","","","","5","","","","40360.00"
"592","Schwanden b.B.","2007","[9] FINANZEN UND STEUERN","[99] Nicht aufgeteilte Posten","[999] Abschluss","9","99","999","[5] Ausgaben","","","","5","","","","207386.65"
"592","Schwanden b.B.","2007","[3] KULTUR UND FREIZEIT","[34] Sport","[342] ...","3","34","342","[6] Einnahmen","","","","6","","","","10944.30"
"592","Schwanden b.B.","2007","[6] VERKEHR","[62] Gemeindestrassen","[620] Gemeindestrassennetz","6","62","620","[6] Einnahmen","","","","6","","","","150073.15"
"592","Schwanden b.B.","2006","","","","","","","[2] Passiven","","","","2","","","","3915570.00"
"592","Schwanden b.B.","2006","[0] ALLGEMEINE VERWALTUNG","[01] Legislative und Exekutive","[011] Legislative","0","1","11","[3] Aufwand","","","","3","","","","8388.30"
"592","Schwanden b.B.","2006","[0] ALLGEMEINE VERWALTUNG","[09] Nicht aufteilbare Aufgaben","[091] ...","0","9","91","[3] Aufwand","","","","3","","","","1466.55"
"592","Schwanden b.B.","2006","[1] OEFFENTLICHE SICHERHEIT","[10] Rechtsaufsicht","[101] Uebrige Rechtspflege","1","10","101","[3] Aufwand","","","","3","","","","12762.05"
"592","Schwanden b.B.","2006","[1] OEFFENTLICHE SICHERHEIT","[15] Militärische Landesverteidigung","[151] Militär","1","15","151","[3] Aufwand","","","","3","","","","868.60"
"592","Schwanden b.B.","2006","[1] OEFFENTLICHE SICHERHEIT","[16] Zivile Landesverteidigung","[160] Zivilschutz","1","16","160","[3] Aufwand","","","","3","","","","13751.85"
"592","Schwanden b.B.","2006","[2] BILDUNG","[29] Uebriges Bildungswesen","[292] Erwachsenenbildung","2","29","292","[3] Aufwand","","","","3","","","","1700.00"
"592","Schwanden b.B.","2006","[3] KULTUR UND FREIZEIT","[34] Sport","[340] Sport","3","34","340","[3] Aufwand","","","","3","","","","1600.00"
"592","Schwanden b.B.","2006","[3] KULTUR UND FREIZEIT","[34] Sport","[342] ...","3","34","342","[3] Aufwand","","","","3","","","","22312.95"
"592","Schwanden b.B.","2006","[4] GESUNDHEIT","[40] Spitäler","[400] Spitäler","4","40","400","[3] Aufwand","","","","3","","","","76.20"
"592","Schwanden b.B.","2006","[4] GESUNDHEIT","[44] Ambulante Krankenpflege","[440] Spitex/Krankenpflege","4","44","440","[3] Aufwand","","","","3","","","","700.00"
"592","Schwanden b.B.","2006","[4] GESUNDHEIT","[46] Schulgesundheitsdienst","[461] Schulzahnärztliche Pflege","4","46","461","[3] Aufwand","","","","3","","","","1876.40"
"592","Schwanden b.B.","2006","[4] GESUNDHEIT","[47] Lebensmittelkontrolle","[470] Lebensmittelkontrolle","4","47","470","[3] Aufwand","","","","3","","","","632.90"
"592","Schwanden b.B.","2006","[5] SOZIALE WOHLFAHRT","[50] Altersversicherung","[501] Gemeindeanteil am Beitrag des Kantons für die AHV","5","50","501","[3] Aufwand","","","","3","","","","37035.00"
"592","Schwanden b.B.","2006","[5] SOZIALE WOHLFAHRT","[53] Sonstige Sozialversicherungen","[530] Ergänzungsleistungen der AHV, IV","5","53","530","[3] Aufwand","","","","3","","","","85225.00"
"592","Schwanden b.B.","2006","[5] SOZIALE WOHLFAHRT","[54] Jugendschutz","[541] Kinderheime und -krippen, Waisenhäuser","5","54","541","[3] Aufwand","","","","3","","","","100.00"
"592","Schwanden b.B.","2006","[5] SOZIALE WOHLFAHRT","[58] Sozialhilfe","[583] Asylwesen","5","58","583","[3] Aufwand","","","","3","","","","4219.40"
"592","Schwanden b.B.","2006","[5] SOZIALE WOHLFAHRT","[58] Sozialhilfe","[588] Arbeitslosenfürsorge","5","58","588","[3] Aufwand","","","","3","","","","1412.05"
"592","Schwanden b.B.","2006","[5] SOZIALE WOHLFAHRT","[58] Sozialhilfe","[589] Sozialbehörden, Sekretariat","5","58","589","[3] Aufwand","","","","3","","","","1367.00"
"592","Schwanden b.B.","2006","[6] VERKEHR","[62] Gemeindestrassen","[620] Gemeindestrassennetz","6","62","620","[3] Aufwand","","","","3","","","","143581.55"
"592","Schwanden b.B.","2006","[6] VERKEHR","[65] Regionalverkehr","[650] Regionalverkehrsbetriebe","6","65","650","[3] Aufwand","","","","3","","","","33544.00"
"592","Schwanden b.B.","2006","[7] UMWELT UND RAUMORDNUNG","[70] Wasserversorgung","[700] Wasserversorgung","7","70","700","[3] Aufwand","","","","3","","","","96636.80"
"592","Schwanden b.B.","2006","[7] UMWELT UND RAUMORDNUNG","[71] Abwasserentsorgung","[710] Abwasserentsorgung","7","71","710","[3] Aufwand","","","","3","","","","143805.10"
"592","Schwanden b.B.","2006","[7] UMWELT UND RAUMORDNUNG","[74] Friedhof und Bestattung","[740] Friedhof und Bestattung","7","74","740","[3] Aufwand","","","","3","","","","17542.20"
"592","Schwanden b.B.","2006","[7] UMWELT UND RAUMORDNUNG","[75] Gewässerverbauungen","[750] Gewässerverbauungen","7","75","750","[3] Aufwand","","","","3","","","","55899.90"
"592","Schwanden b.B.","2006","[7] UMWELT UND RAUMORDNUNG","[79] Raumordnung","[790] Raumplanung","7","79","790","[3] Aufwand","","","","3","","","","3867.05"
"592","Schwanden b.B.","2006","[8] VOLKSWIRTSCHAFT","[80] Landwirtschaft","[800] Landwirtschaft","8","80","800","[3] Aufwand","","","","3","","","","100.00"
"592","Schwanden b.B.","2006","[8] VOLKSWIRTSCHAFT","[81] Forstwirtschaft","[811] Kulturen, Pflegemassnahmen","8","81","811","[3] Aufwand","","","","3","","","","1781.85"
"592","Schwanden b.B.","2006","[8] VOLKSWIRTSCHAFT","[83] Tourismus","[830] Tourismus","8","83","830","[3] Aufwand","","","","3","","","","3000.00"
"592","Schwanden b.B.","2006","[9] FINANZEN UND STEUERN","[94] Vermögens- und Schuldenverwaltung","[944] Burgergut","9","94","944","[3] Aufwand","","","","3","","","","67223.75"
"592","Schwanden b.B.","2006","[0] ALLGEMEINE VERWALTUNG","[02] Allgemeine Verwaltung","[029] Allgemeine Verwaltung","0","2","29","[4] Ertrag","","","","4","","","","29277.10"
"592","Schwanden b.B.","2006","[0] ALLGEMEINE VERWALTUNG","[09] Nicht aufteilbare Aufgaben","[090] Verwaltungsliegenschaften","0","9","90","[4] Ertrag","","","","4","","","","979.20"
"592","Schwanden b.B.","2006","[1] OEFFENTLICHE SICHERHEIT","[14] Wehrdienste","[140] Wehrdienste","1","14","140","[4] Ertrag","","","","4","","","","23735.70"
"592","Schwanden b.B.","2006","[1] OEFFENTLICHE SICHERHEIT","[15] Militärische Landesverteidigung","[151] Militär","1","15","151","[4] Ertrag","","","","4","","","","718.15"
"592","Schwanden b.B.","2006","[2] BILDUNG","[21] Volksschule","[214] Musikschulen","2","21","214","[4] Ertrag","","","","4","","","","1872.95"
"592","Schwanden b.B.","2006","[2] BILDUNG","[21] Volksschule","[217] Schulliegenschaften (Ki.garten sofern nicht zuteilbar, Prim + Sek 1)","2","21","217","[4] Ertrag","","","","4","","","","2575.80"
"592","Schwanden b.B.","2006","[2] BILDUNG","[21] Volksschule","[219] Nicht Aufteilbares, Volksschule, Tagesschule","2","21","219","[4] Ertrag","","","","4","","","","44766.60"
"592","Schwanden b.B.","2006","[3] KULTUR UND FREIZEIT","[30] Kulturförderung","[309] Uebrige Kulturförderung","3","30","309","[4] Ertrag","","","","4","","","","10853.90"
"592","Schwanden b.B.","2006","[3] KULTUR UND FREIZEIT","[34] Sport","[341] ...","3","34","341","[4] Ertrag","","","","4","","","","6601.25"
"592","Schwanden b.B.","2006","[5] SOZIALE WOHLFAHRT","[58] Sozialhilfe","[587] Lastenausgleich","5","58","587","[4] Ertrag","","","","4","","","","4765.30"
"592","Schwanden b.B.","2006","[5] SOZIALE WOHLFAHRT","[58] Sozialhilfe","[588] Arbeitslosenfürsorge","5","58","588","[4] Ertrag","","","","4","","","","1419.95"
"592","Schwanden b.B.","2006","[6] VERKEHR","[62] Gemeindestrassen","[620] Gemeindestrassennetz","6","62","620","[4] Ertrag","","","","4","","","","107776.80"
"592","Schwanden b.B.","2006","[7] UMWELT UND RAUMORDNUNG","[71] Abwasserentsorgung","[710] Abwasserentsorgung","7","71","710","[4] Ertrag","","","","4","","","","143805.10"
"592","Schwanden b.B.","2006","[7] UMWELT UND RAUMORDNUNG","[72] Abfallentsorgung","[720] Abfallentsorgung","7","72","720","[4] Ertrag","","","","4","","","","71033.90"
"592","Schwanden b.B.","2006","[8] VOLKSWIRTSCHAFT","[80] Landwirtschaft","[800] Landwirtschaft","8","80","800","[4] Ertrag","","","","4","","","","42.00"
"592","Schwanden b.B.","2006","[8] VOLKSWIRTSCHAFT","[81] Forstwirtschaft","[810] Forstverwaltung","8","81","810","[4] Ertrag","","","","4","","","","150.00"
"592","Schwanden b.B.","2006","[8] VOLKSWIRTSCHAFT","[86] Energie","[860] Elektrizität","8","86","860","[4] Ertrag","","","","4","","","","9301.05"
"592","Schwanden b.B.","2006","[9] FINANZEN UND STEUERN","[90] Steuern","[900] Obligatorische periodische Steuern","9","90","900","[4] Ertrag","","","","4","","","","875023.85"
"592","Schwanden b.B.","2006","[9] FINANZEN UND STEUERN","[90] Steuern","[903] Steuerabschreibungen","9","90","903","[4] Ertrag","","","","4","","","","1084.60"
"592","Schwanden b.B.","2006","[9] FINANZEN UND STEUERN","[94] Vermögens- und Schuldenverwaltung","[940] Zinsen","9","94","940","[4] Ertrag","","","","4","","","","21317.05"
"592","Schwanden b.B.","2006","[9] FINANZEN UND STEUERN","[94] Vermögens- und Schuldenverwaltung","[942] Liegenschaften des Finanzvermögens","9","94","942","[4] Ertrag","","","","4","","","","35266.10"
"592","Schwanden b.B.","2006","[9] FINANZEN UND STEUERN","[99] Nicht aufgeteilte Posten","[990] Abschreibungen","9","99","990","[4] Ertrag","","","","4","","","","1976.90"
"592","Schwanden b.B.","2006","[3] KULTUR UND FREIZEIT","[33] Parkanlagen und Wanderwege","[330] Parkanlagen und Wanderwege","3","33","330","[5] Ausgaben","","","","5","","","","5000.00"
"592","Schwanden b.B.","2006","[6] VERKEHR","[62] Gemeindestrassen","[620] Gemeindestrassennetz","6","62","620","[6] Einnahmen","","","","6","","","","8800.00"
"592","Schwanden b.B.","2006","[7] UMWELT UND RAUMORDNUNG","[70] Wasserversorgung","[700] Wasserversorgung","7","70","700","[6] Einnahmen","","","","6","","","","7956.30"
"592","Schwanden b.B.","2006","[7] UMWELT UND RAUMORDNUNG","[71] Abwasserentsorgung","[710] Abwasserentsorgung","7","71","710","[6] Einnahmen","","","","6","","","","11978.35"
"592","Schwanden b.B.","2006","[8] VOLKSWIRTSCHAFT","[81] Forstwirtschaft","[811] Kulturen, Pflegemassnahmen","8","81","811","[6] Einnahmen","","","","6","","","","28117.15"
"592","Schwanden b.B.","2006","[9] FINANZEN UND STEUERN","[99] Nicht aufgeteilte Posten","[999] Abschluss","9","99","999","[6] Einnahmen","","","","6","","","","197580.20"
"592","Schwanden b.B.","2007","[0] ALLGEMEINE VERWALTUNG","[01] Legislative und Exekutive","[012] Exekutive","0","1","12","[3] Aufwand","","","","3","","","","29424.90"
"592","Schwanden b.B.","2007","[1] OEFFENTLICHE SICHERHEIT","[10] Rechtsaufsicht","[100] Mass und Gewicht","1","10","100","[3] Aufwand","","","","3","","","","7301.95"
"592","Schwanden b.B.","2007","[1] OEFFENTLICHE SICHERHEIT","[14] Wehrdienste","[140] Wehrdienste","1","14","140","[3] Aufwand","","","","3","","","","22023.50"
"592","Schwanden b.B.","2007","[1] OEFFENTLICHE SICHERHEIT","[16] Zivile Landesverteidigung","[160] Zivilschutz","1","16","160","[3] Aufwand","","","","3","","","","12172.30"
"592","Schwanden b.B.","2007","[1] OEFFENTLICHE SICHERHEIT","[16] Zivile Landesverteidigung","[161] Uebrige zivile Landesverteidigung","1","16","161","[3] Aufwand","","","","3","","","","1800.00"
"592","Schwanden b.B.","2007","[2] BILDUNG","[20] Kindergarten","[200] Kindergarten","2","20","200","[3] Aufwand","","","","3","","","","19576.55"
"592","Schwanden b.B.","2007","[2] BILDUNG","[21] Volksschule","[214] Musikschulen","2","21","214","[3] Aufwand","","","","3","","","","9150.00"
"592","Schwanden b.B.","2007","[2] BILDUNG","[21] Volksschule","[219] Nicht Aufteilbares, Volksschule, Tagesschule","2","21","219","[3] Aufwand","","","","3","","","","285835.20"
"592","Schwanden b.B.","2007","[3] KULTUR UND FREIZEIT","[30] Kulturförderung","[309] Uebrige Kulturförderung","3","30","309","[3] Aufwand","","","","3","","","","16947.35"
"592","Schwanden b.B.","2007","[3] KULTUR UND FREIZEIT","[33] Parkanlagen und Wanderwege","[330] Parkanlagen und Wanderwege","3","33","330","[3] Aufwand","","","","3","","","","4483.50"
"592","Schwanden b.B.","2007","[3] KULTUR UND FREIZEIT","[34] Sport","[341] ...","3","34","341","[3] Aufwand","","","","3","","","","8054.00"
"592","Schwanden b.B.","2007","[3] KULTUR UND FREIZEIT","[36] ...","[365] ...","3","36","365","[3] Aufwand","","","","3","","","","100.00"
"592","Schwanden b.B.","2007","[4] GESUNDHEIT","[46] Schulgesundheitsdienst","[460] Schulärztliche Pflege","4","46","460","[3] Aufwand","","","","3","","","","613.35"
"592","Schwanden b.B.","2007","[4] GESUNDHEIT","[47] Lebensmittelkontrolle","[470] Lebensmittelkontrolle","4","47","470","[3] Aufwand","","","","3","","","","482.35"
"592","Schwanden b.B.","2007","[5] SOZIALE WOHLFAHRT","[50] Altersversicherung","[500] AHV-Zweigstelle","5","50","500","[3] Aufwand","","","","3","","","","8356.10"
"592","Schwanden b.B.","2007","[5] SOZIALE WOHLFAHRT","[51] Invalidenversicherung","[510] Gemeindeanteil am Beitrag des Kantons für die IV","5","51","510","[3] Aufwand","","","","3","","","","33782.00"
"592","Schwanden b.B.","2007","[5] SOZIALE WOHLFAHRT","[54] Jugendschutz","[540] Jugendschutz","5","54","540","[3] Aufwand","","","","3","","","","100.00"
"592","Schwanden b.B.","2007","[5] SOZIALE WOHLFAHRT","[58] Sozialhilfe","[582] Weitere Wohlfahrts-, Vor- + Fürsorgeeinrichtungen","5","58","582","[3] Aufwand","","","","3","","","","538.15"
"592","Schwanden b.B.","2007","[5] SOZIALE WOHLFAHRT","[58] Sozialhilfe","[587] Lastenausgleich","5","58","587","[3] Aufwand","","","","3","","","","220936.45"
"592","Schwanden b.B.","2007","[6] VERKEHR","[65] Regionalverkehr","[650] Regionalverkehrsbetriebe","6","65","650","[3] Aufwand","","","","3","","","","30255.00"
"592","Schwanden b.B.","2007","[7] UMWELT UND RAUMORDNUNG","[72] Abfallentsorgung","[720] Abfallentsorgung","7","72","720","[3] Aufwand","","","","3","","","","71208.65"
"592","Schwanden b.B.","2007","[7] UMWELT UND RAUMORDNUNG","[78] Uebriger Umweltschutz","[780] Oeffentliche Toiletten","7","78","780","[3] Aufwand","","","","3","","","","1569.30"
"592","Schwanden b.B.","2007","[8] VOLKSWIRTSCHAFT","[81] Forstwirtschaft","[810] Forstverwaltung","8","81","810","[3] Aufwand","","","","3","","","","5408.10"
"592","Schwanden b.B.","2007","[8] VOLKSWIRTSCHAFT","[81] Forstwirtschaft","[812] Holzernte","8","81","812","[3] Aufwand","","","","3","","","","10888.05"
"592","Schwanden b.B.","2007","[9] FINANZEN UND STEUERN","[94] Vermögens- und Schuldenverwaltung","[942] Liegenschaften des Finanzvermögens","9","94","942","[3] Aufwand","","","","3","","","","25488.70"
"592","Schwanden b.B.","2007","[9] FINANZEN UND STEUERN","[94] Vermögens- und Schuldenverwaltung","[944] Burgergut","9","94","944","[3] Aufwand","","","","3","","","","75883.40"
"592","Schwanden b.B.","2007","[9] FINANZEN UND STEUERN","[99] Nicht aufgeteilte Posten","[990] Abschreibungen","9","99","990","[3] Aufwand","","","","3","","","","157055.71"
"592","Schwanden b.B.","2007","[0] ALLGEMEINE VERWALTUNG","[01] Legislative und Exekutive","[011] Legislative","0","1","11","[4] Ertrag","","","","4","","","","500.00"
"592","Schwanden b.B.","2007","[0] ALLGEMEINE VERWALTUNG","[09] Nicht aufteilbare Aufgaben","[091] ...","0","9","91","[4] Ertrag","","","","4","","","","1488.00"
"592","Schwanden b.B.","2007","[1] OEFFENTLICHE SICHERHEIT","[10] Rechtsaufsicht","[101] Uebrige Rechtspflege","1","10","101","[4] Ertrag","","","","4","","","","23607.75"
"592","Schwanden b.B.","2007","[1] OEFFENTLICHE SICHERHEIT","[16] Zivile Landesverteidigung","[160] Zivilschutz","1","16","160","[4] Ertrag","","","","4","","","","12173.00"
"592","Schwanden b.B.","2007","[3] KULTUR UND FREIZEIT","[34] Sport","[342] ...","3","34","342","[4] Ertrag","","","","4","","","","1455.95"
"592","Schwanden b.B.","2007","[4] GESUNDHEIT","[40] Spitäler","[400] Spitäler","4","40","400","[4] Ertrag","","","","4","","","","22555.90"
"592","Schwanden b.B.","2007","[4] GESUNDHEIT","[47] Lebensmittelkontrolle","[470] Lebensmittelkontrolle","4","47","470","[4] Ertrag","","","","4","","","","50.00"
"592","Schwanden b.B.","2007","[5] SOZIALE WOHLFAHRT","[58] Sozialhilfe","[583] Asylwesen","5","58","583","[4] Ertrag","","","","4","","","","1240.30"
"592","Schwanden b.B.","2007","[5] SOZIALE WOHLFAHRT","[58] Sozialhilfe","[589] Sozialbehörden, Sekretariat","5","58","589","[4] Ertrag","","","","4","","","","9528.15"
"592","Schwanden b.B.","2007","[6] VERKEHR","[62] Gemeindestrassen","[620] Gemeindestrassennetz","6","62","620","[4] Ertrag","","","","4","","","","118527.45"
"592","Schwanden b.B.","2007","[7] UMWELT UND RAUMORDNUNG","[70] Wasserversorgung","[700] Wasserversorgung","7","70","700","[4] Ertrag","","","","4","","","","99596.95"
"592","Schwanden b.B.","2007","[7] UMWELT UND RAUMORDNUNG","[71] Abwasserentsorgung","[710] Abwasserentsorgung","7","71","710","[4] Ertrag","","","","4","","","","146154.80"
"592","Schwanden b.B.","2007","[7] UMWELT UND RAUMORDNUNG","[75] Gewässerverbauungen","[750] Gewässerverbauungen","7","75","750","[4] Ertrag","","","","4","","","","93712.60"
"592","Schwanden b.B.","2007","[8] VOLKSWIRTSCHAFT","[81] Forstwirtschaft","[811] Kulturen, Pflegemassnahmen","8","81","811","[4] Ertrag","","","","4","","","","1120.00"
"592","Schwanden b.B.","2007","[9] FINANZEN UND STEUERN","[90] Steuern","[901] Obligatorische aperiodische Steuern","9","90","901","[4] Ertrag","","","","4","","","","58381.85"
"592","Schwanden b.B.","2007","[9] FINANZEN UND STEUERN","[90] Steuern","[904] Fakultative Steuern und Abgaben","9","90","904","[4] Ertrag","","","","4","","","","1900.00"
"592","Schwanden b.B.","2007","[9] FINANZEN UND STEUERN","[92] Finanzausgleich","[920] Finanzausgleich","9","92","920","[4] Ertrag","","","","4","","","","170364.00"
"592","Schwanden b.B.","2007","[9] FINANZEN UND STEUERN","[93] Anteile an kantonalen Steuern und Abgaben","[930] Anteile an kantonalen Steuern und Abgaben","9","93","930","[4] Ertrag","","","","4","","","","7058.85"
"592","Schwanden b.B.","2007","[9] FINANZEN UND STEUERN","[94] Vermögens- und Schuldenverwaltung","[944] Burgergut","9","94","944","[4] Ertrag","","","","4","","","","75883.40"
"592","Schwanden b.B.","2007","[0] ALLGEMEINE VERWALTUNG","[09] Nicht aufteilbare Aufgaben","[090] Verwaltungsliegenschaften","0","9","90","[5] Ausgaben","","","","5","","","","2976.75"
"592","Schwanden b.B.","2007","[1] OEFFENTLICHE SICHERHEIT","[10] Rechtsaufsicht","[100] Mass und Gewicht","1","10","100","[5] Ausgaben","","","","5","","","","23500.00"
"592","Schwanden b.B.","2007","[2] BILDUNG","[21] Volksschule","[217] Schulliegenschaften (Ki.garten sofern nicht zuteilbar, Prim + Sek 1)","2","21","217","[5] Ausgaben","","","","5","","","","8653.00"
"592","Schwanden b.B.","2007","[3] KULTUR UND FREIZEIT","[34] Sport","[342] ...","3","34","342","[5] Ausgaben","","","","5","","","","39621.75"
"592","Schwanden b.B.","2007","[6] VERKEHR","[62] Gemeindestrassen","[620] Gemeindestrassennetz","6","62","620","[5] Ausgaben","","","","5","","","","160567.80"
"592","Schwanden b.B.","2007","[7] UMWELT UND RAUMORDNUNG","[71] Abwasserentsorgung","[710] Abwasserentsorgung","7","71","710","[5] Ausgaben","","","","5","","","","34790.15"
"592","Schwanden b.B.","2007","[3] KULTUR UND FREIZEIT","[30] Kulturförderung","[309] Uebrige Kulturförderung","3","30","309","[6] Einnahmen","","","","6","","","","600.00"
"592","Schwanden b.B.","2007","[3] KULTUR UND FREIZEIT","[34] Sport","[340] Sport","3","34","340","[6] Einnahmen","","","","6","","","","5500.00"
"592","Schwanden b.B.","2007","[7] UMWELT UND RAUMORDNUNG","[70] Wasserversorgung","[700] Wasserversorgung","7","70","700","[6] Einnahmen","","","","6","","","","8765.10"
"592","Schwanden b.B.","2007","[9] FINANZEN UND STEUERN","[94] Vermögens- und Schuldenverwaltung","[944] Burgergut","9","94","944","[6] Einnahmen","","","","6","","","","10360.00"
"592","Schwanden b.B.","2008","","","","","","","[1] Aktiven","","","","1","","","","4196118.47"
"592","Schwanden b.B.","2008","[0] ALLGEMEINE VERWALTUNG","[02] Allgemeine Verwaltung","[029] Allgemeine Verwaltung","0","2","29","[3] Aufwand","","","","3","","","","254683.61"
"592","Schwanden b.B.","2008","[0] ALLGEMEINE VERWALTUNG","[09] Nicht aufteilbare Aufgaben","[090] Verwaltungsliegenschaften","0","9","90","[3] Aufwand","","","","3","","","","33252.00"
"592","Schwanden b.B.","2008","[1] OEFFENTLICHE SICHERHEIT","[10] Rechtsaufsicht","[100] Mass und Gewicht","1","10","100","[3] Aufwand","","","","3","","","","8797.90"
"592","Schwanden b.B.","2007","[7] UMWELT UND RAUMORDNUNG","[71] Abwasserentsorgung","[710] Abwasserentsorgung","7","71","710","[6] Einnahmen","","","","6","","","","21144.10"
"592","Schwanden b.B.","2007","[9] FINANZEN UND STEUERN","[99] Nicht aufgeteilte Posten","[999] Abschluss","9","99","999","[6] Einnahmen","","","","6","","","","328403.00"
"592","Schwanden b.B.","2008","","","","","","","[2] Passiven","","","","2","","","","4196118.47"
"592","Schwanden b.B.","2008","[0] ALLGEMEINE VERWALTUNG","[01] Legislative und Exekutive","[011] Legislative","0","1","11","[3] Aufwand","","","","3","","","","8506.85"
"592","Schwanden b.B.","2008","[0] ALLGEMEINE VERWALTUNG","[01] Legislative und Exekutive","[012] Exekutive","0","1","12","[3] Aufwand","","","","3","","","","36044.50"
"592","Schwanden b.B.","2008","[0] ALLGEMEINE VERWALTUNG","[09] Nicht aufteilbare Aufgaben","[091] ...","0","9","91","[3] Aufwand","","","","3","","","","431.40"
"592","Schwanden b.B.","2008","[1] OEFFENTLICHE SICHERHEIT","[10] Rechtsaufsicht","[101] Uebrige Rechtspflege","1","10","101","[3] Aufwand","","","","3","","","","8747.35"
"592","Schwanden b.B.","2008","[1] OEFFENTLICHE SICHERHEIT","[16] Zivile Landesverteidigung","[160] Zivilschutz","1","16","160","[3] Aufwand","","","","3","","","","8877.40"
"592","Schwanden b.B.","2008","[2] BILDUNG","[20] Kindergarten","[200] Kindergarten","2","20","200","[3] Aufwand","","","","3","","","","16904.20"
"592","Schwanden b.B.","2008","[2] BILDUNG","[29] Uebriges Bildungswesen","[292] Erwachsenenbildung","2","29","292","[3] Aufwand","","","","3","","","","1858.20"
"592","Schwanden b.B.","2008","[3] KULTUR UND FREIZEIT","[33] Parkanlagen und Wanderwege","[330] Parkanlagen und Wanderwege","3","33","330","[3] Aufwand","","","","3","","","","8012.25"
"592","Schwanden b.B.","2008","[3] KULTUR UND FREIZEIT","[34] Sport","[340] Sport","3","34","340","[3] Aufwand","","","","3","","","","850.00"
"592","Schwanden b.B.","2008","[3] KULTUR UND FREIZEIT","[34] Sport","[342] ...","3","34","342","[3] Aufwand","","","","3","","","","1275.30"
"592","Schwanden b.B.","2008","[3] KULTUR UND FREIZEIT","[35] Uebrige Freizeitgestaltung","[350] Uebrige Freizeitgestaltung","3","35","350","[3] Aufwand","","","","3","","","","400.00"
"592","Schwanden b.B.","2008","[4] GESUNDHEIT","[44] Ambulante Krankenpflege","[440] Spitex/Krankenpflege","4","44","440","[3] Aufwand","","","","3","","","","650.00"
"592","Schwanden b.B.","2008","[4] GESUNDHEIT","[47] Lebensmittelkontrolle","[470] Lebensmittelkontrolle","4","47","470","[3] Aufwand","","","","3","","","","82.10"
"592","Schwanden b.B.","2008","[5] SOZIALE WOHLFAHRT","[50] Altersversicherung","[501] Gemeindeanteil am Beitrag des Kantons für die AHV","5","50","501","[3] Aufwand","","","","3","","","","46326.00"
"592","Schwanden b.B.","2008","[5] SOZIALE WOHLFAHRT","[51] Invalidenversicherung","[510] Gemeindeanteil am Beitrag des Kantons für die IV","5","51","510","[3] Aufwand","","","","3","","","","54398.00"
"592","Schwanden b.B.","2008","[5] SOZIALE WOHLFAHRT","[54] Jugendschutz","[541] Kinderheime und -krippen, Waisenhäuser","5","54","541","[3] Aufwand","","","","3","","","","100.00"
"592","Schwanden b.B.","2008","[5] SOZIALE WOHLFAHRT","[58] Sozialhilfe","[583] Asylwesen","5","58","583","[3] Aufwand","","","","3","","","","808.79"
"592","Schwanden b.B.","2008","[5] SOZIALE WOHLFAHRT","[58] Sozialhilfe","[589] Sozialbehörden, Sekretariat","5","58","589","[3] Aufwand","","","","3","","","","11275.20"
"592","Schwanden b.B.","2008","[6] VERKEHR","[65] Regionalverkehr","[650] Regionalverkehrsbetriebe","6","65","650","[3] Aufwand","","","","3","","","","43071.00"
"592","Schwanden b.B.","2008","[7] UMWELT UND RAUMORDNUNG","[70] Wasserversorgung","[700] Wasserversorgung","7","70","700","[3] Aufwand","","","","3","","","","144776.70"
"592","Schwanden b.B.","2008","[7] UMWELT UND RAUMORDNUNG","[74] Friedhof und Bestattung","[740] Friedhof und Bestattung","7","74","740","[3] Aufwand","","","","3","","","","17574.00"
"592","Schwanden b.B.","2008","[7] UMWELT UND RAUMORDNUNG","[75] Gewässerverbauungen","[750] Gewässerverbauungen","7","75","750","[3] Aufwand","","","","3","","","","95223.00"
"592","Schwanden b.B.","2008","[7] UMWELT UND RAUMORDNUNG","[78] Uebriger Umweltschutz","[780] Oeffentliche Toiletten","7","78","780","[3] Aufwand","","","","3","","","","836.50"
"592","Schwanden b.B.","2008","[7] UMWELT UND RAUMORDNUNG","[79] Raumordnung","[790] Raumplanung","7","79","790","[3] Aufwand","","","","3","","","","3865.20"
"592","Schwanden b.B.","2008","[8] VOLKSWIRTSCHAFT","[81] Forstwirtschaft","[811] Kulturen, Pflegemassnahmen","8","81","811","[3] Aufwand","","","","3","","","","15184.50"
"592","Schwanden b.B.","2008","[8] VOLKSWIRTSCHAFT","[81] Forstwirtschaft","[812] Holzernte","8","81","812","[3] Aufwand","","","","3","","","","10186.30"
"592","Schwanden b.B.","2008","[8] VOLKSWIRTSCHAFT","[83] Tourismus","[830] Tourismus","8","83","830","[3] Aufwand","","","","3","","","","3030.00"
"592","Schwanden b.B.","2008","[9] FINANZEN UND STEUERN","[94] Vermögens- und Schuldenverwaltung","[944] Burgergut","9","94","944","[3] Aufwand","","","","3","","","","65149.75"
"592","Schwanden b.B.","2008","[0] ALLGEMEINE VERWALTUNG","[01] Legislative und Exekutive","[011] Legislative","0","1","11","[4] Ertrag","","","","4","","","","500.00"
"592","Schwanden b.B.","2008","[0] ALLGEMEINE VERWALTUNG","[02] Allgemeine Verwaltung","[029] Allgemeine Verwaltung","0","2","29","[4] Ertrag","","","","4","","","","36935.00"
"592","Schwanden b.B.","2008","[0] ALLGEMEINE VERWALTUNG","[09] Nicht aufteilbare Aufgaben","[090] Verwaltungsliegenschaften","0","9","90","[4] Ertrag","","","","4","","","","1515.75"
"592","Schwanden b.B.","2008","[1] OEFFENTLICHE SICHERHEIT","[10] Rechtsaufsicht","[100] Mass und Gewicht","1","10","100","[4] Ertrag","","","","4","","","","2815.95"
"592","Schwanden b.B.","2008","[1] OEFFENTLICHE SICHERHEIT","[10] Rechtsaufsicht","[101] Uebrige Rechtspflege","1","10","101","[4] Ertrag","","","","4","","","","19442.00"
"592","Schwanden b.B.","2008","[1] OEFFENTLICHE SICHERHEIT","[14] Wehrdienste","[140] Wehrdienste","1","14","140","[4] Ertrag","","","","4","","","","21898.85"
"592","Schwanden b.B.","2008","[2] BILDUNG","[21] Volksschule","[214] Musikschulen","2","21","214","[4] Ertrag","","","","4","","","","1985.50"
"592","Schwanden b.B.","2008","[2] BILDUNG","[21] Volksschule","[217] Schulliegenschaften (Ki.garten sofern nicht zuteilbar, Prim + Sek 1)","2","21","217","[4] Ertrag","","","","4","","","","1840.00"
"592","Schwanden b.B.","2008","[3] KULTUR UND FREIZEIT","[34] Sport","[341] ...","3","34","341","[4] Ertrag","","","","4","","","","5168.55"
"592","Schwanden b.B.","2008","[3] KULTUR UND FREIZEIT","[34] Sport","[342] ...","3","34","342","[4] Ertrag","","","","4","","","","1275.30"
"592","Schwanden b.B.","2008","[6] VERKEHR","[62] Gemeindestrassen","[620] Gemeindestrassennetz","6","62","620","[4] Ertrag","","","","4","","","","117899.90"
"592","Schwanden b.B.","2008","[7] UMWELT UND RAUMORDNUNG","[71] Abwasserentsorgung","[710] Abwasserentsorgung","7","71","710","[4] Ertrag","","","","4","","","","153761.25"
"592","Schwanden b.B.","2008","[7] UMWELT UND RAUMORDNUNG","[72] Abfallentsorgung","[720] Abfallentsorgung","7","72","720","[4] Ertrag","","","","4","","","","78741.20"
"592","Schwanden b.B.","2008","[7] UMWELT UND RAUMORDNUNG","[75] Gewässerverbauungen","[750] Gewässerverbauungen","7","75","750","[4] Ertrag","","","","4","","","","91721.05"
"592","Schwanden b.B.","2008","[8] VOLKSWIRTSCHAFT","[81] Forstwirtschaft","[810] Forstverwaltung","8","81","810","[4] Ertrag","","","","4","","","","2443.50"
"592","Schwanden b.B.","2008","[8] VOLKSWIRTSCHAFT","[81] Forstwirtschaft","[811] Kulturen, Pflegemassnahmen","8","81","811","[4] Ertrag","","","","4","","","","2380.00"
"592","Schwanden b.B.","2008","[9] FINANZEN UND STEUERN","[90] Steuern","[900] Obligatorische periodische Steuern","9","90","900","[4] Ertrag","","","","4","","","","953842.65"
"592","Schwanden b.B.","2008","[9] FINANZEN UND STEUERN","[90] Steuern","[901] Obligatorische aperiodische Steuern","9","90","901","[4] Ertrag","","","","4","","","","27968.20"
"592","Schwanden b.B.","2008","[9] FINANZEN UND STEUERN","[90] Steuern","[903] Steuerabschreibungen","9","90","903","[4] Ertrag","","","","4","","","","635.55"
"592","Schwanden b.B.","2008","[9] FINANZEN UND STEUERN","[94] Vermögens- und Schuldenverwaltung","[940] Zinsen","9","94","940","[4] Ertrag","","","","4","","","","27965.10"
"592","Schwanden b.B.","2008","[9] FINANZEN UND STEUERN","[99] Nicht aufgeteilte Posten","[990] Abschreibungen","9","99","990","[4] Ertrag","","","","4","","","","1715.65"
"592","Schwanden b.B.","2008","[1] OEFFENTLICHE SICHERHEIT","[10] Rechtsaufsicht","[100] Mass und Gewicht","1","10","100","[5] Ausgaben","","","","5","","","","23500.00"
"592","Schwanden b.B.","2008","[8] VOLKSWIRTSCHAFT","[86] Energie","[860] Elektrizität","8","86","860","[5] Ausgaben","","","","5","","","","9494.40"
"592","Schwanden b.B.","2008","[9] FINANZEN UND STEUERN","[94] Vermögens- und Schuldenverwaltung","[942] Liegenschaften des Finanzvermögens","9","94","942","[5] Ausgaben","","","","5","","","","197332.30"
"592","Schwanden b.B.","2008","[3] KULTUR UND FREIZEIT","[34] Sport","[340] Sport","3","34","340","[6] Einnahmen","","","","6","","","","5500.00"
"592","Schwanden b.B.","2008","[3] KULTUR UND FREIZEIT","[34] Sport","[342] ...","3","34","342","[6] Einnahmen","","","","6","","","","10000.00"
"592","Schwanden b.B.","2008","[7] UMWELT UND RAUMORDNUNG","[70] Wasserversorgung","[700] Wasserversorgung","7","70","700","[6] Einnahmen","","","","6","","","","13135.00"
"592","Schwanden b.B.","2008","[7] UMWELT UND RAUMORDNUNG","[71] Abwasserentsorgung","[710] Abwasserentsorgung","7","71","710","[6] Einnahmen","","","","6","","","","19242.65"
"592","Schwanden b.B.","2008","[7] UMWELT UND RAUMORDNUNG","[79] Raumordnung","[790] Raumplanung","7","79","790","[6] Einnahmen","","","","6","","","","233878.65"
"592","Schwanden b.B.","2008","[9] FINANZEN UND STEUERN","[99] Nicht aufgeteilte Posten","[999] Abschluss","9","99","999","[6] Einnahmen","","","","6","","","","363578.35"
"592","Schwanden b.B.","2009","","","","","","","[1] Aktiven","","","","1","","","","4409278.18"
"592","Schwanden b.B.","2009","[0] ALLGEMEINE VERWALTUNG","[02] Allgemeine Verwaltung","[029] Allgemeine Verwaltung","0","2","29","[3] Aufwand","","","","3","","","","276207.41"
"592","Schwanden b.B.","2009","[0] ALLGEMEINE VERWALTUNG","[09] Nicht aufteilbare Aufgaben","[090] Verwaltungsliegenschaften","0","9","90","[3] Aufwand","","","","3","","","","44301.30"
"592","Schwanden b.B.","2009","[1] OEFFENTLICHE SICHERHEIT","[10] Rechtsaufsicht","[100] Mass und Gewicht","1","10","100","[3] Aufwand","","","","3","","","","11280.95"
"592","Schwanden b.B.","2009","[1] OEFFENTLICHE SICHERHEIT","[14] Wehrdienste","[140] Wehrdienste","1","14","140","[3] Aufwand","","","","3","","","","42709.10"
"592","Schwanden b.B.","2009","[1] OEFFENTLICHE SICHERHEIT","[16] Zivile Landesverteidigung","[161] Uebrige zivile Landesverteidigung","1","16","161","[3] Aufwand","","","","3","","","","9942.65"
"592","Schwanden b.B.","2009","[2] BILDUNG","[21] Volksschule","[214] Musikschulen","2","21","214","[3] Aufwand","","","","3","","","","8100.00"
"592","Schwanden b.B.","2009","[2] BILDUNG","[21] Volksschule","[217] Schulliegenschaften (Ki.garten sofern nicht zuteilbar, Prim + Sek 1)","2","21","217","[3] Aufwand","","","","3","","","","86824.05"
"592","Schwanden b.B.","2009","[2] BILDUNG","[21] Volksschule","[219] Nicht Aufteilbares, Volksschule, Tagesschule","2","21","219","[3] Aufwand","","","","3","","","","304604.65"
"592","Schwanden b.B.","2009","[3] KULTUR UND FREIZEIT","[30] Kulturförderung","[309] Uebrige Kulturförderung","3","30","309","[3] Aufwand","","","","3","","","","10884.90"
"592","Schwanden b.B.","2009","[3] KULTUR UND FREIZEIT","[33] Parkanlagen und Wanderwege","[330] Parkanlagen und Wanderwege","3","33","330","[3] Aufwand","","","","3","","","","2614.80"
"592","Schwanden b.B.","2009","[3] KULTUR UND FREIZEIT","[34] Sport","[341] ...","3","34","341","[3] Aufwand","","","","3","","","","7401.75"
"592","Schwanden b.B.","2009","[4] GESUNDHEIT","[45] Krankheitsbekämpfung","[450] Krankheitsbekämpfung","4","45","450","[3] Aufwand","","","","3","","","","607.00"
"592","Schwanden b.B.","2009","[4] GESUNDHEIT","[46] Schulgesundheitsdienst","[460] Schulärztliche Pflege","4","46","460","[3] Aufwand","","","","3","","","","525.70"
"592","Schwanden b.B.","2009","[4] GESUNDHEIT","[46] Schulgesundheitsdienst","[461] Schulzahnärztliche Pflege","4","46","461","[3] Aufwand","","","","3","","","","817.60"
"592","Schwanden b.B.","2009","[5] SOZIALE WOHLFAHRT","[50] Altersversicherung","[500] AHV-Zweigstelle","5","50","500","[3] Aufwand","","","","3","","","","7798.10"
"592","Schwanden b.B.","2009","[5] SOZIALE WOHLFAHRT","[54] Jugendschutz","[540] Jugendschutz","5","54","540","[3] Aufwand","","","","3","","","","100.00"
"592","Schwanden b.B.","2009","[5] SOZIALE WOHLFAHRT","[57] Altersheime","[571] ...","5","57","571","[3] Aufwand","","","","3","","","","1439.60"
"592","Schwanden b.B.","2009","[5] SOZIALE WOHLFAHRT","[58] Sozialhilfe","[582] Weitere Wohlfahrts-, Vor- + Fürsorgeeinrichtungen","5","58","582","[3] Aufwand","","","","3","","","","442.35"
"592","Schwanden b.B.","2009","[5] SOZIALE WOHLFAHRT","[58] Sozialhilfe","[587] Lastenausgleich","5","58","587","[3] Aufwand","","","","3","","","","228191.35"
"592","Schwanden b.B.","2009","[7] UMWELT UND RAUMORDNUNG","[72] Abfallentsorgung","[720] Abfallentsorgung","7","72","720","[3] Aufwand","","","","3","","","","71081.15"
"592","Schwanden b.B.","2009","[8] VOLKSWIRTSCHAFT","[80] Landwirtschaft","[800] Landwirtschaft","8","80","800","[3] Aufwand","","","","3","","","","50.00"
"592","Schwanden b.B.","2009","[8] VOLKSWIRTSCHAFT","[81] Forstwirtschaft","[810] Forstverwaltung","8","81","810","[3] Aufwand","","","","3","","","","6168.20"
"592","Schwanden b.B.","2009","[8] VOLKSWIRTSCHAFT","[81] Forstwirtschaft","[812] Holzernte","8","81","812","[3] Aufwand","","","","3","","","","17084.90"
"592","Schwanden b.B.","2009","[9] FINANZEN UND STEUERN","[90] Steuern","[903] Steuerabschreibungen","9","90","903","[3] Aufwand","","","","3","","","","22565.40"
"592","Schwanden b.B.","2009","[9] FINANZEN UND STEUERN","[94] Vermögens- und Schuldenverwaltung","[940] Zinsen","9","94","940","[3] Aufwand","","","","3","","","","36351.90"
"592","Schwanden b.B.","2009","[9] FINANZEN UND STEUERN","[94] Vermögens- und Schuldenverwaltung","[942] Liegenschaften des Finanzvermögens","9","94","942","[3] Aufwand","","","","3","","","","22327.85"
"592","Schwanden b.B.","2009","[9] FINANZEN UND STEUERN","[99] Nicht aufgeteilte Posten","[990] Abschreibungen","9","99","990","[3] Aufwand","","","","3","","","","148713.35"
"592","Schwanden b.B.","2009","[0] ALLGEMEINE VERWALTUNG","[01] Legislative und Exekutive","[012] Exekutive","0","1","12","[4] Ertrag","","","","4","","","","2073.00"
"592","Schwanden b.B.","2009","[0] ALLGEMEINE VERWALTUNG","[09] Nicht aufteilbare Aufgaben","[091] ...","0","9","91","[4] Ertrag","","","","4","","","","1363.00"
"592","Schwanden b.B.","2009","[1] OEFFENTLICHE SICHERHEIT","[16] Zivile Landesverteidigung","[160] Zivilschutz","1","16","160","[4] Ertrag","","","","4","","","","16098.00"
"592","Schwanden b.B.","2009","[2] BILDUNG","[21] Volksschule","[219] Nicht Aufteilbares, Volksschule, Tagesschule","2","21","219","[4] Ertrag","","","","4","","","","10960.00"
"592","Schwanden b.B.","2009","[3] KULTUR UND FREIZEIT","[30] Kulturförderung","[309] Uebrige Kulturförderung","3","30","309","[4] Ertrag","","","","4","","","","9239.15"
"592","Schwanden b.B.","2009","[5] SOZIALE WOHLFAHRT","[57] Altersheime","[571] ...","5","57","571","[4] Ertrag","","","","4","","","","1229.85"
"592","Schwanden b.B.","2009","[5] SOZIALE WOHLFAHRT","[58] Sozialhilfe","[587] Lastenausgleich","5","58","587","[4] Ertrag","","","","4","","","","-888.15"
"592","Schwanden b.B.","2009","[5] SOZIALE WOHLFAHRT","[58] Sozialhilfe","[589] Sozialbehörden, Sekretariat","5","58","589","[4] Ertrag","","","","4","","","","3976.85"
"592","Schwanden b.B.","2009","[7] UMWELT UND RAUMORDNUNG","[70] Wasserversorgung","[700] Wasserversorgung","7","70","700","[4] Ertrag","","","","4","","","","108814.65"
"592","Schwanden b.B.","2009","[8] VOLKSWIRTSCHAFT","[81] Forstwirtschaft","[812] Holzernte","8","81","812","[4] Ertrag","","","","4","","","","48041.00"
"592","Schwanden b.B.","2009","[9] FINANZEN UND STEUERN","[90] Steuern","[902] Liegenschaftssteuern","9","90","902","[4] Ertrag","","","","4","","","","133003.05"
"592","Schwanden b.B.","2009","[9] FINANZEN UND STEUERN","[90] Steuern","[904] Fakultative Steuern und Abgaben","9","90","904","[4] Ertrag","","","","4","","","","1850.00"
"592","Schwanden b.B.","2009","[9] FINANZEN UND STEUERN","[92] Finanzausgleich","[920] Finanzausgleich","9","92","920","[4] Ertrag","","","","4","","","","242692.00"
"592","Schwanden b.B.","2009","[9] FINANZEN UND STEUERN","[94] Vermögens- und Schuldenverwaltung","[942] Liegenschaften des Finanzvermögens","9","94","942","[4] Ertrag","","","","4","","","","99889.45"
"592","Schwanden b.B.","2009","[9] FINANZEN UND STEUERN","[94] Vermögens- und Schuldenverwaltung","[944] Burgergut","9","94","944","[4] Ertrag","","","","4","","","","59784.25"
"592","Schwanden b.B.","2009","[2] BILDUNG","[21] Volksschule","[217] Schulliegenschaften (Ki.garten sofern nicht zuteilbar, Prim + Sek 1)","2","21","217","[5] Ausgaben","","","","5","","","","63356.45"
"592","Schwanden b.B.","2009","[6] VERKEHR","[62] Gemeindestrassen","[620] Gemeindestrassennetz","6","62","620","[5] Ausgaben","","","","5","","","","64636.85"
"592","Schwanden b.B.","2009","[7] UMWELT UND RAUMORDNUNG","[70] Wasserversorgung","[700] Wasserversorgung","7","70","700","[5] Ausgaben","","","","5","","","","26914.45"
"592","Schwanden b.B.","2009","[7] UMWELT UND RAUMORDNUNG","[71] Abwasserentsorgung","[710] Abwasserentsorgung","7","71","710","[5] Ausgaben","","","","5","","","","20146.50"
"592","Schwanden b.B.","2009","[7] UMWELT UND RAUMORDNUNG","[75] Gewässerverbauungen","[750] Gewässerverbauungen","7","75","750","[5] Ausgaben","","","","5","","","","118483.90"
"592","Schwanden b.B.","2009","[7] UMWELT UND RAUMORDNUNG","[79] Raumordnung","[790] Raumplanung","7","79","790","[5] Ausgaben","","","","5","","","","180002.15"
"592","Schwanden b.B.","2009","[9] FINANZEN UND STEUERN","[99] Nicht aufgeteilte Posten","[999] Abschluss","9","99","999","[5] Ausgaben","","","","5","","","","295483.75"
"592","Schwanden b.B.","2009","[3] KULTUR UND FREIZEIT","[30] Kulturförderung","[309] Uebrige Kulturförderung","3","30","309","[6] Einnahmen","","","","6","","","","600.00"
"592","Schwanden b.B.","2009","[9] FINANZEN UND STEUERN","[94] Vermögens- und Schuldenverwaltung","[942] Liegenschaften des Finanzvermögens","9","94","942","[6] Einnahmen","","","","6","","","","37124.55"
"592","Schwanden b.B.","2010","","","","","","","[2] Passiven","","","","2","","","","4585882.57"
"592","Schwanden b.B.","2010","[0] ALLGEMEINE VERWALTUNG","[01] Legislative und Exekutive","[011] Legislative","0","1","11","[3] Aufwand","","","","3","","","","9048.80"
"592","Schwanden b.B.","2010","[0] ALLGEMEINE VERWALTUNG","[01] Legislative und Exekutive","[012] Exekutive","0","1","12","[3] Aufwand","","","","3","","","","49681.95"
"592","Schwanden b.B.","2010","[0] ALLGEMEINE VERWALTUNG","[09] Nicht aufteilbare Aufgaben","[091] ...","0","9","91","[3] Aufwand","","","","3","","","","173.25"
"592","Schwanden b.B.","2010","[1] OEFFENTLICHE SICHERHEIT","[10] Rechtsaufsicht","[101] Uebrige Rechtspflege","1","10","101","[3] Aufwand","","","","3","","","","8606.85"
"592","Schwanden b.B.","2008","[1] OEFFENTLICHE SICHERHEIT","[14] Wehrdienste","[140] Wehrdienste","1","14","140","[3] Aufwand","","","","3","","","","21898.85"
"592","Schwanden b.B.","2008","[1] OEFFENTLICHE SICHERHEIT","[15] Militärische Landesverteidigung","[151] Militär","1","15","151","[3] Aufwand","","","","3","","","","301.90"
"592","Schwanden b.B.","2008","[1] OEFFENTLICHE SICHERHEIT","[16] Zivile Landesverteidigung","[161] Uebrige zivile Landesverteidigung","1","16","161","[3] Aufwand","","","","3","","","","2692.75"
"592","Schwanden b.B.","2008","[2] BILDUNG","[21] Volksschule","[214] Musikschulen","2","21","214","[3] Aufwand","","","","3","","","","9100.00"
"592","Schwanden b.B.","2008","[2] BILDUNG","[21] Volksschule","[217] Schulliegenschaften (Ki.garten sofern nicht zuteilbar, Prim + Sek 1)","2","21","217","[3] Aufwand","","","","3","","","","68807.60"
"592","Schwanden b.B.","2008","[2] BILDUNG","[21] Volksschule","[219] Nicht Aufteilbares, Volksschule, Tagesschule","2","21","219","[3] Aufwand","","","","3","","","","295134.65"
"592","Schwanden b.B.","2008","[3] KULTUR UND FREIZEIT","[30] Kulturförderung","[309] Uebrige Kulturförderung","3","30","309","[3] Aufwand","","","","3","","","","18942.75"
"592","Schwanden b.B.","2008","[3] KULTUR UND FREIZEIT","[34] Sport","[341] ...","3","34","341","[3] Aufwand","","","","3","","","","8665.95"
"592","Schwanden b.B.","2008","[4] GESUNDHEIT","[45] Krankheitsbekämpfung","[450] Krankheitsbekämpfung","4","45","450","[3] Aufwand","","","","3","","","","605.00"
"592","Schwanden b.B.","2008","[4] GESUNDHEIT","[46] Schulgesundheitsdienst","[460] Schulärztliche Pflege","4","46","460","[3] Aufwand","","","","3","","","","397.95"
"592","Schwanden b.B.","2008","[4] GESUNDHEIT","[46] Schulgesundheitsdienst","[461] Schulzahnärztliche Pflege","4","46","461","[3] Aufwand","","","","3","","","","921.10"
"592","Schwanden b.B.","2008","[5] SOZIALE WOHLFAHRT","[50] Altersversicherung","[500] AHV-Zweigstelle","5","50","500","[3] Aufwand","","","","3","","","","8227.80"
"592","Schwanden b.B.","2008","[5] SOZIALE WOHLFAHRT","[53] Sonstige Sozialversicherungen","[530] Ergänzungsleistungen der AHV, IV","5","53","530","[3] Aufwand","","","","3","","","","93684.00"
"592","Schwanden b.B.","2008","[5] SOZIALE WOHLFAHRT","[54] Jugendschutz","[540] Jugendschutz","5","54","540","[3] Aufwand","","","","3","","","","100.00"
"592","Schwanden b.B.","2008","[5] SOZIALE WOHLFAHRT","[58] Sozialhilfe","[582] Weitere Wohlfahrts-, Vor- + Fürsorgeeinrichtungen","5","58","582","[3] Aufwand","","","","3","","","","513.50"
"592","Schwanden b.B.","2008","[5] SOZIALE WOHLFAHRT","[58] Sozialhilfe","[587] Lastenausgleich","5","58","587","[3] Aufwand","","","","3","","","","227727.60"
"592","Schwanden b.B.","2008","[6] VERKEHR","[62] Gemeindestrassen","[620] Gemeindestrassennetz","6","62","620","[3] Aufwand","","","","3","","","","161865.30"
"592","Schwanden b.B.","2008","[7] UMWELT UND RAUMORDNUNG","[71] Abwasserentsorgung","[710] Abwasserentsorgung","7","71","710","[3] Aufwand","","","","3","","","","153761.25"
"592","Schwanden b.B.","2008","[7] UMWELT UND RAUMORDNUNG","[72] Abfallentsorgung","[720] Abfallentsorgung","7","72","720","[3] Aufwand","","","","3","","","","78741.20"
"592","Schwanden b.B.","2008","[8] VOLKSWIRTSCHAFT","[80] Landwirtschaft","[800] Landwirtschaft","8","80","800","[3] Aufwand","","","","3","","","","50.00"
"592","Schwanden b.B.","2008","[8] VOLKSWIRTSCHAFT","[81] Forstwirtschaft","[810] Forstverwaltung","8","81","810","[3] Aufwand","","","","3","","","","7184.15"
"592","Schwanden b.B.","2008","[8] VOLKSWIRTSCHAFT","[81] Forstwirtschaft","[813] Strassen- und Wegunterhalt","8","81","813","[3] Aufwand","","","","3","","","","800.05"
"592","Schwanden b.B.","2008","[9] FINANZEN UND STEUERN","[90] Steuern","[903] Steuerabschreibungen","9","90","903","[3] Aufwand","","","","3","","","","30103.55"
"592","Schwanden b.B.","2008","[9] FINANZEN UND STEUERN","[94] Vermögens- und Schuldenverwaltung","[940] Zinsen","9","94","940","[3] Aufwand","","","","3","","","","46862.05"
"592","Schwanden b.B.","2008","[9] FINANZEN UND STEUERN","[94] Vermögens- und Schuldenverwaltung","[942] Liegenschaften des Finanzvermögens","9","94","942","[3] Aufwand","","","","3","","","","12640.50"
"592","Schwanden b.B.","2008","[9] FINANZEN UND STEUERN","[99] Nicht aufgeteilte Posten","[990] Abschreibungen","9","99","990","[3] Aufwand","","","","3","","","","76757.95"
"592","Schwanden b.B.","2008","[0] ALLGEMEINE VERWALTUNG","[01] Legislative und Exekutive","[012] Exekutive","0","1","12","[4] Ertrag","","","","4","","","","1408.35"
"592","Schwanden b.B.","2008","[0] ALLGEMEINE VERWALTUNG","[09] Nicht aufteilbare Aufgaben","[091] ...","0","9","91","[4] Ertrag","","","","4","","","","3160.00"
"592","Schwanden b.B.","2008","[1] OEFFENTLICHE SICHERHEIT","[16] Zivile Landesverteidigung","[160] Zivilschutz","1","16","160","[4] Ertrag","","","","4","","","","8877.65"
"592","Schwanden b.B.","2008","[2] BILDUNG","[20] Kindergarten","[200] Kindergarten","2","20","200","[4] Ertrag","","","","4","","","","1201.00"
"592","Schwanden b.B.","2008","[2] BILDUNG","[21] Volksschule","[219] Nicht Aufteilbares, Volksschule, Tagesschule","2","21","219","[4] Ertrag","","","","4","","","","5965.55"
"592","Schwanden b.B.","2008","[3] KULTUR UND FREIZEIT","[30] Kulturförderung","[309] Uebrige Kulturförderung","3","30","309","[4] Ertrag","","","","4","","","","14559.25"
"592","Schwanden b.B.","2008","[3] KULTUR UND FREIZEIT","[33] Parkanlagen und Wanderwege","[330] Parkanlagen und Wanderwege","3","33","330","[4] Ertrag","","","","4","","","","1000.00"
"592","Schwanden b.B.","2008","[5] SOZIALE WOHLFAHRT","[58] Sozialhilfe","[587] Lastenausgleich","5","58","587","[4] Ertrag","","","","4","","","","-1384.70"
"592","Schwanden b.B.","2008","[5] SOZIALE WOHLFAHRT","[58] Sozialhilfe","[589] Sozialbehörden, Sekretariat","5","58","589","[4] Ertrag","","","","4","","","","7601.65"
"592","Schwanden b.B.","2008","[7] UMWELT UND RAUMORDNUNG","[70] Wasserversorgung","[700] Wasserversorgung","7","70","700","[4] Ertrag","","","","4","","","","144776.70"
"592","Schwanden b.B.","2008","[8] VOLKSWIRTSCHAFT","[81] Forstwirtschaft","[812] Holzernte","8","81","812","[4] Ertrag","","","","4","","","","49072.90"
"592","Schwanden b.B.","2008","[8] VOLKSWIRTSCHAFT","[86] Energie","[860] Elektrizität","8","86","860","[4] Ertrag","","","","4","","","","9856.35"
"592","Schwanden b.B.","2008","[9] FINANZEN UND STEUERN","[90] Steuern","[902] Liegenschaftssteuern","9","90","902","[4] Ertrag","","","","4","","","","133184.25"
"592","Schwanden b.B.","2008","[9] FINANZEN UND STEUERN","[90] Steuern","[904] Fakultative Steuern und Abgaben","9","90","904","[4] Ertrag","","","","4","","","","1750.00"
"592","Schwanden b.B.","2008","[9] FINANZEN UND STEUERN","[92] Finanzausgleich","[920] Finanzausgleich","9","92","920","[4] Ertrag","","","","4","","","","188113.00"
"592","Schwanden b.B.","2008","[9] FINANZEN UND STEUERN","[94] Vermögens- und Schuldenverwaltung","[942] Liegenschaften des Finanzvermögens","9","94","942","[4] Ertrag","","","","4","","","","37309.65"
"592","Schwanden b.B.","2008","[9] FINANZEN UND STEUERN","[94] Vermögens- und Schuldenverwaltung","[944] Burgergut","9","94","944","[4] Ertrag","","","","4","","","","65149.75"
"592","Schwanden b.B.","2008","[2] BILDUNG","[21] Volksschule","[217] Schulliegenschaften (Ki.garten sofern nicht zuteilbar, Prim + Sek 1)","2","21","217","[5] Ausgaben","","","","5","","","","18821.70"
"592","Schwanden b.B.","2008","[6] VERKEHR","[62] Gemeindestrassen","[620] Gemeindestrassennetz","6","62","620","[5] Ausgaben","","","","5","","","","10365.30"
"592","Schwanden b.B.","2008","[7] UMWELT UND RAUMORDNUNG","[70] Wasserversorgung","[700] Wasserversorgung","7","70","700","[5] Ausgaben","","","","5","","","","66753.20"
"592","Schwanden b.B.","2008","[7] UMWELT UND RAUMORDNUNG","[75] Gewässerverbauungen","[750] Gewässerverbauungen","7","75","750","[5] Ausgaben","","","","5","","","","765.10"
"592","Schwanden b.B.","2008","[7] UMWELT UND RAUMORDNUNG","[79] Raumordnung","[790] Raumplanung","7","79","790","[5] Ausgaben","","","","5","","","","233878.65"
"592","Schwanden b.B.","2008","[9] FINANZEN UND STEUERN","[99] Nicht aufgeteilte Posten","[999] Abschluss","9","99","999","[5] Ausgaben","","","","5","","","","282606.30"
"592","Schwanden b.B.","2008","[3] KULTUR UND FREIZEIT","[30] Kulturförderung","[309] Uebrige Kulturförderung","3","30","309","[6] Einnahmen","","","","6","","","","850.00"
"592","Schwanden b.B.","2008","[9] FINANZEN UND STEUERN","[94] Vermögens- und Schuldenverwaltung","[942] Liegenschaften des Finanzvermögens","9","94","942","[6] Einnahmen","","","","6","","","","197332.30"
"592","Schwanden b.B.","2009","","","","","","","[2] Passiven","","","","2","","","","4409278.18"
"592","Schwanden b.B.","2009","[0] ALLGEMEINE VERWALTUNG","[01] Legislative und Exekutive","[011] Legislative","0","1","11","[3] Aufwand","","","","3","","","","8123.15"
"592","Schwanden b.B.","2009","[0] ALLGEMEINE VERWALTUNG","[01] Legislative und Exekutive","[012] Exekutive","0","1","12","[3] Aufwand","","","","3","","","","55850.20"
"592","Schwanden b.B.","2009","[0] ALLGEMEINE VERWALTUNG","[09] Nicht aufteilbare Aufgaben","[091] ...","0","9","91","[3] Aufwand","","","","3","","","","536.00"
"592","Schwanden b.B.","2009","[1] OEFFENTLICHE SICHERHEIT","[10] Rechtsaufsicht","[101] Uebrige Rechtspflege","1","10","101","[3] Aufwand","","","","3","","","","13019.45"
"592","Schwanden b.B.","2009","[1] OEFFENTLICHE SICHERHEIT","[16] Zivile Landesverteidigung","[160] Zivilschutz","1","16","160","[3] Aufwand","","","","3","","","","16097.30"
"592","Schwanden b.B.","2009","[2] BILDUNG","[20] Kindergarten","[200] Kindergarten","2","20","200","[3] Aufwand","","","","3","","","","22754.65"
"592","Schwanden b.B.","2009","[2] BILDUNG","[29] Uebriges Bildungswesen","[292] Erwachsenenbildung","2","29","292","[3] Aufwand","","","","3","","","","1858.20"
"592","Schwanden b.B.","2009","[3] KULTUR UND FREIZEIT","[34] Sport","[340] Sport","3","34","340","[3] Aufwand","","","","3","","","","850.00"
"592","Schwanden b.B.","2009","[3] KULTUR UND FREIZEIT","[34] Sport","[342] ...","3","34","342","[3] Aufwand","","","","3","","","","3345.35"
"592","Schwanden b.B.","2009","[3] KULTUR UND FREIZEIT","[35] Uebrige Freizeitgestaltung","[350] Uebrige Freizeitgestaltung","3","35","350","[3] Aufwand","","","","3","","","","400.00"
"592","Schwanden b.B.","2009","[4] GESUNDHEIT","[44] Ambulante Krankenpflege","[440] Spitex/Krankenpflege","4","44","440","[3] Aufwand","","","","3","","","","650.00"
"592","Schwanden b.B.","2009","[4] GESUNDHEIT","[47] Lebensmittelkontrolle","[470] Lebensmittelkontrolle","4","47","470","[3] Aufwand","","","","3","","","","86.70"
"592","Schwanden b.B.","2009","[5] SOZIALE WOHLFAHRT","[53] Sonstige Sozialversicherungen","[530] Ergänzungsleistungen der AHV, IV","5","53","530","[3] Aufwand","","","","3","","","","117939.00"
"592","Schwanden b.B.","2009","[5] SOZIALE WOHLFAHRT","[58] Sozialhilfe","[589] Sozialbehörden, Sekretariat","5","58","589","[3] Aufwand","","","","3","","","","7742.55"
"592","Schwanden b.B.","2009","[6] VERKEHR","[62] Gemeindestrassen","[620] Gemeindestrassennetz","6","62","620","[3] Aufwand","","","","3","","","","195675.35"
"592","Schwanden b.B.","2009","[6] VERKEHR","[65] Regionalverkehr","[650] Regionalverkehrsbetriebe","6","65","650","[3] Aufwand","","","","3","","","","42118.45"
"592","Schwanden b.B.","2009","[7] UMWELT UND RAUMORDNUNG","[70] Wasserversorgung","[700] Wasserversorgung","7","70","700","[3] Aufwand","","","","3","","","","108814.65"
"592","Schwanden b.B.","2009","[7] UMWELT UND RAUMORDNUNG","[71] Abwasserentsorgung","[710] Abwasserentsorgung","7","71","710","[3] Aufwand","","","","3","","","","148643.60"
"592","Schwanden b.B.","2009","[7] UMWELT UND RAUMORDNUNG","[74] Friedhof und Bestattung","[740] Friedhof und Bestattung","7","74","740","[3] Aufwand","","","","3","","","","14472.00"
"592","Schwanden b.B.","2009","[7] UMWELT UND RAUMORDNUNG","[75] Gewässerverbauungen","[750] Gewässerverbauungen","7","75","750","[3] Aufwand","","","","3","","","","60116.65"
"592","Schwanden b.B.","2009","[7] UMWELT UND RAUMORDNUNG","[78] Uebriger Umweltschutz","[780] Oeffentliche Toiletten","7","78","780","[3] Aufwand","","","","3","","","","1164.90"
"592","Schwanden b.B.","2009","[7] UMWELT UND RAUMORDNUNG","[79] Raumordnung","[790] Raumplanung","7","79","790","[3] Aufwand","","","","3","","","","3966.40"
"592","Schwanden b.B.","2009","[8] VOLKSWIRTSCHAFT","[81] Forstwirtschaft","[811] Kulturen, Pflegemassnahmen","8","81","811","[3] Aufwand","","","","3","","","","1550.00"
"592","Schwanden b.B.","2009","[8] VOLKSWIRTSCHAFT","[83] Tourismus","[830] Tourismus","8","83","830","[3] Aufwand","","","","3","","","","3030.00"
"592","Schwanden b.B.","2009","[9] FINANZEN UND STEUERN","[94] Vermögens- und Schuldenverwaltung","[944] Burgergut","9","94","944","[3] Aufwand","","","","3","","","","59784.25"
"592","Schwanden b.B.","2009","[0] ALLGEMEINE VERWALTUNG","[01] Legislative und Exekutive","[011] Legislative","0","1","11","[4] Ertrag","","","","4","","","","500.00"
"592","Schwanden b.B.","2009","[0] ALLGEMEINE VERWALTUNG","[02] Allgemeine Verwaltung","[029] Allgemeine Verwaltung","0","2","29","[4] Ertrag","","","","4","","","","44059.85"
"592","Schwanden b.B.","2009","[0] ALLGEMEINE VERWALTUNG","[09] Nicht aufteilbare Aufgaben","[090] Verwaltungsliegenschaften","0","9","90","[4] Ertrag","","","","4","","","","1644.50"
"592","Schwanden b.B.","2009","[1] OEFFENTLICHE SICHERHEIT","[10] Rechtsaufsicht","[100] Mass und Gewicht","1","10","100","[4] Ertrag","","","","4","","","","758.25"
"592","Schwanden b.B.","2009","[1] OEFFENTLICHE SICHERHEIT","[10] Rechtsaufsicht","[101] Uebrige Rechtspflege","1","10","101","[4] Ertrag","","","","4","","","","20659.55"
"592","Schwanden b.B.","2009","[1] OEFFENTLICHE SICHERHEIT","[14] Wehrdienste","[140] Wehrdienste","1","14","140","[4] Ertrag","","","","4","","","","42709.10"
"592","Schwanden b.B.","2009","[2] BILDUNG","[21] Volksschule","[214] Musikschulen","2","21","214","[4] Ertrag","","","","4","","","","1482.90"
"592","Schwanden b.B.","2009","[2] BILDUNG","[21] Volksschule","[217] Schulliegenschaften (Ki.garten sofern nicht zuteilbar, Prim + Sek 1)","2","21","217","[4] Ertrag","","","","4","","","","15038.00"
"592","Schwanden b.B.","2009","[3] KULTUR UND FREIZEIT","[34] Sport","[341] ...","3","34","341","[4] Ertrag","","","","4","","","","5914.85"
"592","Schwanden b.B.","2009","[3] KULTUR UND FREIZEIT","[34] Sport","[342] ...","3","34","342","[4] Ertrag","","","","4","","","","3345.35"
"592","Schwanden b.B.","2009","[6] VERKEHR","[62] Gemeindestrassen","[620] Gemeindestrassennetz","6","62","620","[4] Ertrag","","","","4","","","","121741.30"
"592","Schwanden b.B.","2009","[7] UMWELT UND RAUMORDNUNG","[71] Abwasserentsorgung","[710] Abwasserentsorgung","7","71","710","[4] Ertrag","","","","4","","","","148643.60"
"592","Schwanden b.B.","2009","[7] UMWELT UND RAUMORDNUNG","[72] Abfallentsorgung","[720] Abfallentsorgung","7","72","720","[4] Ertrag","","","","4","","","","71081.15"
"592","Schwanden b.B.","2009","[7] UMWELT UND RAUMORDNUNG","[75] Gewässerverbauungen","[750] Gewässerverbauungen","7","75","750","[4] Ertrag","","","","4","","","","62116.65"
"592","Schwanden b.B.","2009","[8] VOLKSWIRTSCHAFT","[81] Forstwirtschaft","[810] Forstverwaltung","8","81","810","[4] Ertrag","","","","4","","","","353.80"
"592","Schwanden b.B.","2009","[8] VOLKSWIRTSCHAFT","[86] Energie","[860] Elektrizität","8","86","860","[4] Ertrag","","","","4","","","","9716.25"
"592","Schwanden b.B.","2009","[9] FINANZEN UND STEUERN","[90] Steuern","[900] Obligatorische periodische Steuern","9","90","900","[4] Ertrag","","","","4","","","","1056678.65"
"592","Schwanden b.B.","2009","[9] FINANZEN UND STEUERN","[90] Steuern","[901] Obligatorische aperiodische Steuern","9","90","901","[4] Ertrag","","","","4","","","","19755.95"
"592","Schwanden b.B.","2009","[9] FINANZEN UND STEUERN","[90] Steuern","[903] Steuerabschreibungen","9","90","903","[4] Ertrag","","","","4","","","","203.70"
"592","Schwanden b.B.","2009","[9] FINANZEN UND STEUERN","[94] Vermögens- und Schuldenverwaltung","[940] Zinsen","9","94","940","[4] Ertrag","","","","4","","","","25994.25"
"592","Schwanden b.B.","2009","[9] FINANZEN UND STEUERN","[99] Nicht aufgeteilte Posten","[990] Abschreibungen","9","99","990","[4] Ertrag","","","","4","","","","1544.10"
"592","Schwanden b.B.","2009","[1] OEFFENTLICHE SICHERHEIT","[10] Rechtsaufsicht","[100] Mass und Gewicht","1","10","100","[5] Ausgaben","","","","5","","","","18000.00"
"592","Schwanden b.B.","2009","[9] FINANZEN UND STEUERN","[94] Vermögens- und Schuldenverwaltung","[942] Liegenschaften des Finanzvermögens","9","94","942","[5] Ausgaben","","","","5","","","","37124.55"
"592","Schwanden b.B.","2009","[9] FINANZEN UND STEUERN","[94] Vermögens- und Schuldenverwaltung","[944] Burgergut","9","94","944","[5] Ausgaben","","","","5","","","","50000.00"
"592","Schwanden b.B.","2009","[0] ALLGEMEINE VERWALTUNG","[09] Nicht aufteilbare Aufgaben","[090] Verwaltungsliegenschaften","0","9","90","[6] Einnahmen","","","","6","","","","1.00"
"592","Schwanden b.B.","2009","[3] KULTUR UND FREIZEIT","[34] Sport","[340] Sport","3","34","340","[6] Einnahmen","","","","6","","","","2500.00"
"592","Schwanden b.B.","2009","[7] UMWELT UND RAUMORDNUNG","[70] Wasserversorgung","[700] Wasserversorgung","7","70","700","[6] Einnahmen","","","","6","","","","6660.00"
"592","Schwanden b.B.","2009","[7] UMWELT UND RAUMORDNUNG","[71] Abwasserentsorgung","[710] Abwasserentsorgung","7","71","710","[6] Einnahmen","","","","6","","","","6984.00"
"592","Schwanden b.B.","2009","[7] UMWELT UND RAUMORDNUNG","[75] Gewässerverbauungen","[750] Gewässerverbauungen","7","75","750","[6] Einnahmen","","","","6","","","","98736.60"
"592","Schwanden b.B.","2009","[7] UMWELT UND RAUMORDNUNG","[79] Raumordnung","[790] Raumplanung","7","79","790","[6] Einnahmen","","","","6","","","","180002.15"
"592","Schwanden b.B.","2009","[9] FINANZEN UND STEUERN","[99] Nicht aufgeteilte Posten","[999] Abschluss","9","99","999","[6] Einnahmen","","","","6","","","","541540.30"
"592","Schwanden b.B.","2010","","","","","","","[1] Aktiven","","","","1","","","","4585882.57"
"592","Schwanden b.B.","2010","[0] ALLGEMEINE VERWALTUNG","[02] Allgemeine Verwaltung","[029] Allgemeine Verwaltung","0","2","29","[3] Aufwand","","","","3","","","","257732.08"
"592","Schwanden b.B.","2010","[0] ALLGEMEINE VERWALTUNG","[09] Nicht aufteilbare Aufgaben","[090] Verwaltungsliegenschaften","0","9","90","[3] Aufwand","","","","3","","","","31616.30"
"592","Schwanden b.B.","2010","[1] OEFFENTLICHE SICHERHEIT","[10] Rechtsaufsicht","[100] Mass und Gewicht","1","10","100","[3] Aufwand","","","","3","","","","23568.50"
"592","Schwanden b.B.","2010","[1] OEFFENTLICHE SICHERHEIT","[14] Wehrdienste","[140] Wehrdienste","1","14","140","[3] Aufwand","","","","3","","","","36034.90"
"592","Schwanden b.B.","2010","[1] OEFFENTLICHE SICHERHEIT","[16] Zivile Landesverteidigung","[161] Uebrige zivile Landesverteidigung","1","16","161","[3] Aufwand","","","","3","","","","971.10"
"592","Schwanden b.B.","2010","[2] BILDUNG","[21] Volksschule","[214] Musikschulen","2","21","214","[3] Aufwand","","","","3","","","","8150.00"
"592","Schwanden b.B.","2010","[2] BILDUNG","[21] Volksschule","[217] Schulliegenschaften (Ki.garten sofern nicht zuteilbar, Prim + Sek 1)","2","21","217","[3] Aufwand","","","","3","","","","85733.70"
"592","Schwanden b.B.","2010","[2] BILDUNG","[21] Volksschule","[219] Nicht Aufteilbares, Volksschule, Tagesschule","2","21","219","[3] Aufwand","","","","3","","","","278343.40"
"592","Schwanden b.B.","2010","[3] KULTUR UND FREIZEIT","[30] Kulturförderung","[309] Uebrige Kulturförderung","3","30","309","[3] Aufwand","","","","3","","","","15583.55"
"592","Schwanden b.B.","2010","[1] OEFFENTLICHE SICHERHEIT","[16] Zivile Landesverteidigung","[160] Zivilschutz","1","16","160","[3] Aufwand","","","","3","","","","14952.10"
"592","Schwanden b.B.","2010","[2] BILDUNG","[20] Kindergarten","[200] Kindergarten","2","20","200","[3] Aufwand","","","","3","","","","26452.05"
"592","Schwanden b.B.","2010","[2] BILDUNG","[29] Uebriges Bildungswesen","[292] Erwachsenenbildung","2","29","292","[3] Aufwand","","","","3","","","","1866.60"
"592","Schwanden b.B.","2010","[3] KULTUR UND FREIZEIT","[34] Sport","[340] Sport","3","34","340","[3] Aufwand","","","","3","","","","1250.00"
"592","Schwanden b.B.","2010","[3] KULTUR UND FREIZEIT","[34] Sport","[342] ...","3","34","342","[3] Aufwand","","","","3","","","","7348.15"
"592","Schwanden b.B.","2010","[3] KULTUR UND FREIZEIT","[35] Uebrige Freizeitgestaltung","[350] Uebrige Freizeitgestaltung","3","35","350","[3] Aufwand","","","","3","","","","400.00"
"592","Schwanden b.B.","2010","[4] GESUNDHEIT","[44] Ambulante Krankenpflege","[440] Spitex/Krankenpflege","4","44","440","[3] Aufwand","","","","3","","","","650.00"
"592","Schwanden b.B.","2010","[4] GESUNDHEIT","[47] Lebensmittelkontrolle","[470] Lebensmittelkontrolle","4","47","470","[3] Aufwand","","","","3","","","","85.55"
"592","Schwanden b.B.","2010","[5] SOZIALE WOHLFAHRT","[53] Sonstige Sozialversicherungen","[530] Ergänzungsleistungen der AHV, IV","5","53","530","[3] Aufwand","","","","3","","","","125011.00"
"592","Schwanden b.B.","2010","[5] SOZIALE WOHLFAHRT","[54] Jugendschutz","[541] Kinderheime und -krippen, Waisenhäuser","5","54","541","[3] Aufwand","","","","3","","","","100.00"
"592","Schwanden b.B.","2010","[5] SOZIALE WOHLFAHRT","[58] Sozialhilfe","[589] Sozialbehörden, Sekretariat","5","58","589","[3] Aufwand","","","","3","","","","9528.70"
"592","Schwanden b.B.","2010","[6] VERKEHR","[62] Gemeindestrassen","[620] Gemeindestrassennetz","6","62","620","[3] Aufwand","","","","3","","","","189064.60"
"592","Schwanden b.B.","2010","[6] VERKEHR","[65] Regionalverkehr","[650] Regionalverkehrsbetriebe","6","65","650","[3] Aufwand","","","","3","","","","44713.80"
"592","Schwanden b.B.","2010","[7] UMWELT UND RAUMORDNUNG","[70] Wasserversorgung","[700] Wasserversorgung","7","70","700","[3] Aufwand","","","","3","","","","124403.35"
"592","Schwanden b.B.","2010","[7] UMWELT UND RAUMORDNUNG","[74] Friedhof und Bestattung","[740] Friedhof und Bestattung","7","74","740","[3] Aufwand","","","","3","","","","14736.00"
"592","Schwanden b.B.","2010","[7] UMWELT UND RAUMORDNUNG","[75] Gewässerverbauungen","[750] Gewässerverbauungen","7","75","750","[3] Aufwand","","","","3","","","","60520.70"
"592","Schwanden b.B.","2010","[7] UMWELT UND RAUMORDNUNG","[78] Uebriger Umweltschutz","[780] Oeffentliche Toiletten","7","78","780","[3] Aufwand","","","","3","","","","1059.85"
"592","Schwanden b.B.","2010","[7] UMWELT UND RAUMORDNUNG","[79] Raumordnung","[790] Raumplanung","7","79","790","[3] Aufwand","","","","3","","","","7068.30"
"592","Schwanden b.B.","2010","[8] VOLKSWIRTSCHAFT","[81] Forstwirtschaft","[811] Kulturen, Pflegemassnahmen","8","81","811","[3] Aufwand","","","","3","","","","12662.30"
"592","Schwanden b.B.","2010","[8] VOLKSWIRTSCHAFT","[83] Tourismus","[830] Tourismus","8","83","830","[3] Aufwand","","","","3","","","","3030.00"
"592","Schwanden b.B.","2010","[9] FINANZEN UND STEUERN","[94] Vermögens- und Schuldenverwaltung","[944] Burgergut","9","94","944","[3] Aufwand","","","","3","","","","54177.70"
"592","Schwanden b.B.","2010","[0] ALLGEMEINE VERWALTUNG","[01] Legislative und Exekutive","[011] Legislative","0","1","11","[4] Ertrag","","","","4","","","","500.00"
"592","Schwanden b.B.","2010","[0] ALLGEMEINE VERWALTUNG","[02] Allgemeine Verwaltung","[029] Allgemeine Verwaltung","0","2","29","[4] Ertrag","","","","4","","","","41345.71"
"592","Schwanden b.B.","2010","[0] ALLGEMEINE VERWALTUNG","[09] Nicht aufteilbare Aufgaben","[090] Verwaltungsliegenschaften","0","9","90","[4] Ertrag","","","","4","","","","1123.60"
"592","Schwanden b.B.","2010","[1] OEFFENTLICHE SICHERHEIT","[10] Rechtsaufsicht","[100] Mass und Gewicht","1","10","100","[4] Ertrag","","","","4","","","","621.30"
"592","Schwanden b.B.","2010","[1] OEFFENTLICHE SICHERHEIT","[10] Rechtsaufsicht","[101] Uebrige Rechtspflege","1","10","101","[4] Ertrag","","","","4","","","","22328.90"
"592","Schwanden b.B.","2010","[1] OEFFENTLICHE SICHERHEIT","[14] Wehrdienste","[140] Wehrdienste","1","14","140","[4] Ertrag","","","","4","","","","36034.90"
"592","Schwanden b.B.","2010","[2] BILDUNG","[21] Volksschule","[214] Musikschulen","2","21","214","[4] Ertrag","","","","4","","","","2033.40"
"592","Schwanden b.B.","2010","[2] BILDUNG","[21] Volksschule","[217] Schulliegenschaften (Ki.garten sofern nicht zuteilbar, Prim + Sek 1)","2","21","217","[4] Ertrag","","","","4","","","","14481.25"
"592","Schwanden b.B.","2010","[3] KULTUR UND FREIZEIT","[34] Sport","[341] ...","3","34","341","[4] Ertrag","","","","4","","","","6452.80"
"592","Schwanden b.B.","2010","[3] KULTUR UND FREIZEIT","[34] Sport","[342] ...","3","34","342","[4] Ertrag","","","","4","","","","7348.15"
"592","Schwanden b.B.","2010","[5] SOZIALE WOHLFAHRT","[58] Sozialhilfe","[583] Asylwesen","5","58","583","[4] Ertrag","","","","4","","","","1046.60"
"592","Schwanden b.B.","2010","[6] VERKEHR","[62] Gemeindestrassen","[620] Gemeindestrassennetz","6","62","620","[4] Ertrag","","","","4","","","","122373.75"
"592","Schwanden b.B.","2010","[7] UMWELT UND RAUMORDNUNG","[71] Abwasserentsorgung","[710] Abwasserentsorgung","7","71","710","[4] Ertrag","","","","4","","","","231512.35"
"592","Schwanden b.B.","2010","[7] UMWELT UND RAUMORDNUNG","[72] Abfallentsorgung","[720] Abfallentsorgung","7","72","720","[4] Ertrag","","","","4","","","","63096.10"
"592","Schwanden b.B.","2010","[7] UMWELT UND RAUMORDNUNG","[75] Gewässerverbauungen","[750] Gewässerverbauungen","7","75","750","[4] Ertrag","","","","4","","","","62520.70"
"592","Schwanden b.B.","2010","[8] VOLKSWIRTSCHAFT","[81] Forstwirtschaft","[810] Forstverwaltung","8","81","810","[4] Ertrag","","","","4","","","","168.05"
"592","Schwanden b.B.","2010","[8] VOLKSWIRTSCHAFT","[86] Energie","[860] Elektrizität","8","86","860","[4] Ertrag","","","","4","","","","9749.20"
"592","Schwanden b.B.","2010","[9] FINANZEN UND STEUERN","[90] Steuern","[900] Obligatorische periodische Steuern","9","90","900","[4] Ertrag","","","","4","","","","972593.65"
"592","Schwanden b.B.","2010","[9] FINANZEN UND STEUERN","[90] Steuern","[901] Obligatorische aperiodische Steuern","9","90","901","[4] Ertrag","","","","4","","","","46244.25"
"592","Schwanden b.B.","2010","[9] FINANZEN UND STEUERN","[90] Steuern","[903] Steuerabschreibungen","9","90","903","[4] Ertrag","","","","4","","","","1096.45"
"592","Schwanden b.B.","2010","[9] FINANZEN UND STEUERN","[93] Anteile an kantonalen Steuern und Abgaben","[930] Anteile an kantonalen Steuern und Abgaben","9","93","930","[4] Ertrag","","","","4","","","","30238.50"
"592","Schwanden b.B.","2010","[9] FINANZEN UND STEUERN","[94] Vermögens- und Schuldenverwaltung","[940] Zinsen","9","94","940","[4] Ertrag","","","","4","","","","30594.45"
"592","Schwanden b.B.","2010","[9] FINANZEN UND STEUERN","[99] Nicht aufgeteilte Posten","[990] Abschreibungen","9","99","990","[4] Ertrag","","","","4","","","","1389.65"
"592","Schwanden b.B.","2010","[1] OEFFENTLICHE SICHERHEIT","[10] Rechtsaufsicht","[100] Mass und Gewicht","1","10","100","[5] Ausgaben","","","","5","","","","21443.20"
"592","Schwanden b.B.","2010","[9] FINANZEN UND STEUERN","[94] Vermögens- und Schuldenverwaltung","[942] Liegenschaften des Finanzvermögens","9","94","942","[5] Ausgaben","","","","5","","","","2987.75"
"592","Schwanden b.B.","2010","[9] FINANZEN UND STEUERN","[94] Vermögens- und Schuldenverwaltung","[944] Burgergut","9","94","944","[5] Ausgaben","","","","5","","","","20000.00"
"592","Schwanden b.B.","2010","[3] KULTUR UND FREIZEIT","[34] Sport","[340] Sport","3","34","340","[6] Einnahmen","","","","6","","","","2500.00"
"592","Schwanden b.B.","2010","[6] VERKEHR","[62] Gemeindestrassen","[620] Gemeindestrassennetz","6","62","620","[6] Einnahmen","","","","6","","","","20000.00"
"592","Schwanden b.B.","2010","[7] UMWELT UND RAUMORDNUNG","[70] Wasserversorgung","[700] Wasserversorgung","7","70","700","[6] Einnahmen","","","","6","","","","1700.00"
"592","Schwanden b.B.","2010","[7] UMWELT UND RAUMORDNUNG","[71] Abwasserentsorgung","[710] Abwasserentsorgung","7","71","710","[6] Einnahmen","","","","6","","","","2472.45"
"592","Schwanden b.B.","2010","[7] UMWELT UND RAUMORDNUNG","[75] Gewässerverbauungen","[750] Gewässerverbauungen","7","75","750","[6] Einnahmen","","","","6","","","","56122.25"
"592","Schwanden b.B.","2010","[7] UMWELT UND RAUMORDNUNG","[79] Raumordnung","[790] Raumplanung","7","79","790","[6] Einnahmen","","","","6","","","","41220.95"
"592","Schwanden b.B.","2010","[9] FINANZEN UND STEUERN","[99] Nicht aufgeteilte Posten","[999] Abschluss","9","99","999","[6] Einnahmen","","","","6","","","","589575.65"
"592","Schwanden b.B.","2010","[3] KULTUR UND FREIZEIT","[33] Parkanlagen und Wanderwege","[330] Parkanlagen und Wanderwege","3","33","330","[3] Aufwand","","","","3","","","","5744.10"
"592","Schwanden b.B.","2010","[3] KULTUR UND FREIZEIT","[34] Sport","[341] ...","3","34","341","[3] Aufwand","","","","3","","","","8099.30"
"592","Schwanden b.B.","2010","[4] GESUNDHEIT","[45] Krankheitsbekämpfung","[450] Krankheitsbekämpfung","4","45","450","[3] Aufwand","","","","3","","","","610.00"
"592","Schwanden b.B.","2010","[4] GESUNDHEIT","[46] Schulgesundheitsdienst","[460] Schulärztliche Pflege","4","46","460","[3] Aufwand","","","","3","","","","678.55"
"592","Schwanden b.B.","2010","[4] GESUNDHEIT","[46] Schulgesundheitsdienst","[461] Schulzahnärztliche Pflege","4","46","461","[3] Aufwand","","","","3","","","","753.10"
"592","Schwanden b.B.","2010","[5] SOZIALE WOHLFAHRT","[50] Altersversicherung","[500] AHV-Zweigstelle","5","50","500","[3] Aufwand","","","","3","","","","7363.15"
"592","Schwanden b.B.","2010","[5] SOZIALE WOHLFAHRT","[54] Jugendschutz","[540] Jugendschutz","5","54","540","[3] Aufwand","","","","3","","","","100.00"
"592","Schwanden b.B.","2010","[5] SOZIALE WOHLFAHRT","[57] Altersheime","[571] ...","5","57","571","[3] Aufwand","","","","3","","","","5515.10"
"592","Schwanden b.B.","2010","[5] SOZIALE WOHLFAHRT","[58] Sozialhilfe","[582] Weitere Wohlfahrts-, Vor- + Fürsorgeeinrichtungen","5","58","582","[3] Aufwand","","","","3","","","","515.25"
"592","Schwanden b.B.","2010","[5] SOZIALE WOHLFAHRT","[58] Sozialhilfe","[587] Lastenausgleich","5","58","587","[3] Aufwand","","","","3","","","","251049.60"
"592","Schwanden b.B.","2010","[7] UMWELT UND RAUMORDNUNG","[71] Abwasserentsorgung","[710] Abwasserentsorgung","7","71","710","[3] Aufwand","","","","3","","","","231512.35"
"592","Schwanden b.B.","2010","[7] UMWELT UND RAUMORDNUNG","[72] Abfallentsorgung","[720] Abfallentsorgung","7","72","720","[3] Aufwand","","","","3","","","","63096.10"
"592","Schwanden b.B.","2010","[7] UMWELT UND RAUMORDNUNG","[77] Naturschutz","[770] Naturschutz","7","77","770","[3] Aufwand","","","","3","","","","1298.00"
"592","Schwanden b.B.","2010","[8] VOLKSWIRTSCHAFT","[80] Landwirtschaft","[800] Landwirtschaft","8","80","800","[3] Aufwand","","","","3","","","","50.00"
"592","Schwanden b.B.","2010","[8] VOLKSWIRTSCHAFT","[81] Forstwirtschaft","[810] Forstverwaltung","8","81","810","[3] Aufwand","","","","3","","","","5425.10"
"592","Schwanden b.B.","2010","[8] VOLKSWIRTSCHAFT","[81] Forstwirtschaft","[812] Holzernte","8","81","812","[3] Aufwand","","","","3","","","","9180.80"
"592","Schwanden b.B.","2010","[9] FINANZEN UND STEUERN","[90] Steuern","[903] Steuerabschreibungen","9","90","903","[3] Aufwand","","","","3","","","","-9035.35"
"592","Schwanden b.B.","2010","[9] FINANZEN UND STEUERN","[94] Vermögens- und Schuldenverwaltung","[940] Zinsen","9","94","940","[3] Aufwand","","","","3","","","","38642.30"
"592","Schwanden b.B.","2010","[9] FINANZEN UND STEUERN","[94] Vermögens- und Schuldenverwaltung","[942] Liegenschaften des Finanzvermögens","9","94","942","[3] Aufwand","","","","3","","","","18006.40"
"592","Schwanden b.B.","2010","[9] FINANZEN UND STEUERN","[99] Nicht aufgeteilte Posten","[990] Abschreibungen","9","99","990","[3] Aufwand","","","","3","","","","224387.85"
"592","Schwanden b.B.","2010","[0] ALLGEMEINE VERWALTUNG","[01] Legislative und Exekutive","[012] Exekutive","0","1","12","[4] Ertrag","","","","4","","","","1110.00"
"592","Schwanden b.B.","2010","[0] ALLGEMEINE VERWALTUNG","[09] Nicht aufteilbare Aufgaben","[091] ...","0","9","91","[4] Ertrag","","","","4","","","","1916.00"
"592","Schwanden b.B.","2010","[1] OEFFENTLICHE SICHERHEIT","[16] Zivile Landesverteidigung","[160] Zivilschutz","1","16","160","[4] Ertrag","","","","4","","","","14953.00"
"592","Schwanden b.B.","2010","[2] BILDUNG","[21] Volksschule","[219] Nicht Aufteilbares, Volksschule, Tagesschule","2","21","219","[4] Ertrag","","","","4","","","","17944.35"
"592","Schwanden b.B.","2010","[3] KULTUR UND FREIZEIT","[30] Kulturförderung","[309] Uebrige Kulturförderung","3","30","309","[4] Ertrag","","","","4","","","","11810.20"
"592","Schwanden b.B.","2010","[5] SOZIALE WOHLFAHRT","[57] Altersheime","[571] ...","5","57","571","[4] Ertrag","","","","4","","","","4879.30"
"592","Schwanden b.B.","2010","[5] SOZIALE WOHLFAHRT","[58] Sozialhilfe","[589] Sozialbehörden, Sekretariat","5","58","589","[4] Ertrag","","","","4","","","","3631.65"
"592","Schwanden b.B.","2010","[7] UMWELT UND RAUMORDNUNG","[70] Wasserversorgung","[700] Wasserversorgung","7","70","700","[4] Ertrag","","","","4","","","","124403.35"
"592","Schwanden b.B.","2010","[8] VOLKSWIRTSCHAFT","[81] Forstwirtschaft","[811] Kulturen, Pflegemassnahmen","8","81","811","[4] Ertrag","","","","4","","","","12155.00"
"592","Schwanden b.B.","2010","[8] VOLKSWIRTSCHAFT","[81] Forstwirtschaft","[812] Holzernte","8","81","812","[4] Ertrag","","","","4","","","","21867.50"
"592","Schwanden b.B.","2010","[9] FINANZEN UND STEUERN","[90] Steuern","[902] Liegenschaftssteuern","9","90","902","[4] Ertrag","","","","4","","","","134130.25"
"592","Schwanden b.B.","2010","[9] FINANZEN UND STEUERN","[90] Steuern","[904] Fakultative Steuern und Abgaben","9","90","904","[4] Ertrag","","","","4","","","","2000.00"
"592","Schwanden b.B.","2010","[9] FINANZEN UND STEUERN","[92] Finanzausgleich","[920] Finanzausgleich","9","92","920","[4] Ertrag","","","","4","","","","219217.00"
"592","Schwanden b.B.","2010","[9] FINANZEN UND STEUERN","[94] Vermögens- und Schuldenverwaltung","[942] Liegenschaften des Finanzvermögens","9","94","942","[4] Ertrag","","","","4","","","","41509.40"
"592","Schwanden b.B.","2010","[9] FINANZEN UND STEUERN","[94] Vermögens- und Schuldenverwaltung","[944] Burgergut","9","94","944","[4] Ertrag","","","","4","","","","54177.70"
"592","Schwanden b.B.","2010","[2] BILDUNG","[21] Volksschule","[217] Schulliegenschaften (Ki.garten sofern nicht zuteilbar, Prim + Sek 1)","2","21","217","[5] Ausgaben","","","","5","","","","35952.40"
"592","Schwanden b.B.","2010","[6] VERKEHR","[62] Gemeindestrassen","[620] Gemeindestrassennetz","6","62","620","[5] Ausgaben","","","","5","","","","221355.65"
"592","Schwanden b.B.","2010","[7] UMWELT UND RAUMORDNUNG","[70] Wasserversorgung","[700] Wasserversorgung","7","70","700","[5] Ausgaben","","","","5","","","","1167.80"
"592","Schwanden b.B.","2010","[7] UMWELT UND RAUMORDNUNG","[71] Abwasserentsorgung","[710] Abwasserentsorgung","7","71","710","[5] Ausgaben","","","","5","","","","47831.30"
"592","Schwanden b.B.","2010","[7] UMWELT UND RAUMORDNUNG","[75] Gewässerverbauungen","[750] Gewässerverbauungen","7","75","750","[5] Ausgaben","","","","5","","","","187346.70"
"592","Schwanden b.B.","2010","[7] UMWELT UND RAUMORDNUNG","[79] Raumordnung","[790] Raumplanung","7","79","790","[5] Ausgaben","","","","5","","","","54478.60"
"592","Schwanden b.B.","2010","[9] FINANZEN UND STEUERN","[99] Nicht aufgeteilte Posten","[999] Abschluss","9","99","999","[5] Ausgaben","","","","5","","","","133934.30"
"592","Schwanden b.B.","2010","[1] OEFFENTLICHE SICHERHEIT","[10] Rechtsaufsicht","[100] Mass und Gewicht","1","10","100","[6] Einnahmen","","","","6","","","","9448.65"
"592","Schwanden b.B.","2010","[3] KULTUR UND FREIZEIT","[30] Kulturförderung","[309] Uebrige Kulturförderung","3","30","309","[6] Einnahmen","","","","6","","","","470.00"
"592","Schwanden b.B.","2010","[9] FINANZEN UND STEUERN","[94] Vermögens- und Schuldenverwaltung","[942] Liegenschaften des Finanzvermögens","9","94","942","[6] Einnahmen","","","","6","","","","2987.75"
"592","Schwanden b.B.","2006","","","","","","","[1] Aktiven","[10] Finanzvermögen","[100] Flüssige Mittel","[1002] Banken","1","10","100","1002","87447.45"
"592","Schwanden b.B.","2006","","","","","","","[1] Aktiven","[10] Finanzvermögen","[101] Guthaben","[1011] Kontokorrente","1","10","101","1011",".00"
"592","Schwanden b.B.","2006","","","","","","","[1] Aktiven","[10] Finanzvermögen","[101] Guthaben","[1012] Steuerguthaben","1","10","101","1012","399673.95"
"592","Schwanden b.B.","2006","","","","","","","[1] Aktiven","[10] Finanzvermögen","[102] Anlagen","[1024] Mobilien, Maschinen, Fahrzeuge ","1","10","102","1024","802.70"
"592","Schwanden b.B.","2006","","","","","","","[1] Aktiven","[11] Verwaltungsvermögen","[114] Sachgüter","[1140] Grundstücke","1","11","114","1140","4500.00"
"592","Schwanden b.B.","2006","","","","","","","[1] Aktiven","[11] Verwaltungsvermögen","[114] Sachgüter","[1141] Tiefbauten","1","11","114","1141","274965.10"
"592","Schwanden b.B.","2006","","","","","","","[1] Aktiven","[11] Verwaltungsvermögen","[114] Sachgüter","[1143] Hochbauten","1","11","114","1143","447918.90"
"592","Schwanden b.B.","2006","","","","","","","[1] Aktiven","[11] Verwaltungsvermögen","[114] Sachgüter","[1146] Mobilien, Maschinen, Fahrzeuge ","1","11","114","1146","21211.55"
"592","Schwanden b.B.","2006","","","","","","","[1] Aktiven","[11] Verwaltungsvermögen","[115] Darlehen und Beteiligungen","[1155] Private Institutionen","1","11","115","1155","38502.00"
"592","Schwanden b.B.","2006","","","","","","","[1] Aktiven","[11] Verwaltungsvermögen","[116] Investitionsbeiträge","[1162] Gemeinden","1","11","116","1162","28289.15"
"592","Schwanden b.B.","2006","","","","","","","[2] Passiven","[20] Fremdkapital","[200] Laufende Verpflichtungen","[2000] Kreditoren","2","20","200","2000","141951.40"
"592","Schwanden b.B.","2006","","","","","","","[2] Passiven","[20] Fremdkapital","[200] Laufende Verpflichtungen","[2001] Depotgelder","2","20","200","2001","2379.90"
"592","Schwanden b.B.","2006","","","","","","","[2] Passiven","[20] Fremdkapital","[200] Laufende Verpflichtungen","[2009] Uebrige laufende Verpflichtungen","2","20","200","2009","8681.10"
"592","Schwanden b.B.","2006","","","","","","","[2] Passiven","[20] Fremdkapital","[204] Rückstellungen","[2049] Wertberichtigung auf Guthaben","2","20","204","2049","109324.85"
"592","Schwanden b.B.","2006","","","","","","","[2] Passiven","[22] Spezialfinanzierungen","[228] Verpflichtungen für Spezialfinanzierungen","[2280] Spezialfinanzierungen gestützt auf übergeordnetes Recht","2","22","228","2280","1041123.86"
"592","Schwanden b.B.","2006","","","","","","","[2] Passiven","[22] Spezialfinanzierungen","[228] Verpflichtungen für Spezialfinanzierungen","[2281] Spezialfinanzierungen gestützt auf Gemeindereglemente","2","22","228","2281","1764820.55"
"592","Schwanden b.B.","2006","","","","","","","[2] Passiven","[23] Eigenkapital","[239] Eigenkapital","[2390] Eigenkapital","2","23","239","2390","645281.89"
"592","Schwanden b.B.","2006","[0] ALLGEMEINE VERWALTUNG","[01] Legislative und Exekutive","[012] Exekutive","0","1","12","[3] Aufwand","[3] AUFWAND","[30] Personalaufwand","[300] Personalaufwand der Behörden und Kommissionen","3","3","30","300","14044.00"
"592","Schwanden b.B.","2006","[3] KULTUR UND FREIZEIT","[30] Kulturförderung","[309] Uebrige Kulturförderung","3","30","309","[3] Aufwand","[3] AUFWAND","[30] Personalaufwand","[300] Personalaufwand der Behörden und Kommissionen","3","3","30","300","960.00"
"592","Schwanden b.B.","2006","[5] SOZIALE WOHLFAHRT","[58] Sozialhilfe","[589] Sozialbehörden, Sekretariat","5","58","589","[3] Aufwand","[3] AUFWAND","[30] Personalaufwand","[300] Personalaufwand der Behörden und Kommissionen","3","3","30","300","1152.00"
"592","Schwanden b.B.","2006","[7] UMWELT UND RAUMORDNUNG","[70] Wasserversorgung","[700] Wasserversorgung","7","70","700","[3] Aufwand","[3] AUFWAND","[30] Personalaufwand","[300] Personalaufwand der Behörden und Kommissionen","3","3","30","300","168.00"
"592","Schwanden b.B.","2006","[8] VOLKSWIRTSCHAFT","[81] Forstwirtschaft","[810] Forstverwaltung","8","81","810","[3] Aufwand","[3] AUFWAND","[30] Personalaufwand","[300] Personalaufwand der Behörden und Kommissionen","3","3","30","300","300.00"
"592","Schwanden b.B.","2006","[0] ALLGEMEINE VERWALTUNG","[02] Allgemeine Verwaltung","[029] Allgemeine Verwaltung","0","2","29","[3] Aufwand","[3] AUFWAND","[30] Personalaufwand","[301] Löhne des Verwaltungs- + Betriebspersonals","3","3","30","301","168359.05"
"592","Schwanden b.B.","2006","[0] ALLGEMEINE VERWALTUNG","[09] Nicht aufteilbare Aufgaben","[090] Verwaltungsliegenschaften","0","9","90","[3] Aufwand","[3] AUFWAND","[30] Personalaufwand","[301] Löhne des Verwaltungs- + Betriebspersonals","3","3","30","301","4994.75"
"592","Schwanden b.B.","2006","[2] BILDUNG","[21] Volksschule","[217] Schulliegenschaften (Ki.garten sofern nicht zuteilbar, Prim + Sek 1)","2","21","217","[3] Aufwand","[3] AUFWAND","[30] Personalaufwand","[301] Löhne des Verwaltungs- + Betriebspersonals","3","3","30","301","15619.80"
"592","Schwanden b.B.","2006","[6] VERKEHR","[62] Gemeindestrassen","[620] Gemeindestrassennetz","6","62","620","[3] Aufwand","[3] AUFWAND","[30] Personalaufwand","[301] Löhne des Verwaltungs- + Betriebspersonals","3","3","30","301","79380.25"
"592","Schwanden b.B.","2006","[7] UMWELT UND RAUMORDNUNG","[70] Wasserversorgung","[700] Wasserversorgung","7","70","700","[3] Aufwand","[3] AUFWAND","[30] Personalaufwand","[301] Löhne des Verwaltungs- + Betriebspersonals","3","3","30","301","4198.95"
"592","Schwanden b.B.","2006","[0] ALLGEMEINE VERWALTUNG","[01] Legislative und Exekutive","[012] Exekutive","0","1","12","[3] Aufwand","[3] AUFWAND","[30] Personalaufwand","[303] Sozialversicherungsbeiträge","3","3","30","303","459.85"
"592","Schwanden b.B.","2006","[1] OEFFENTLICHE SICHERHEIT","[10] Rechtsaufsicht","[101] Uebrige Rechtspflege","1","10","101","[3] Aufwand","[3] AUFWAND","[30] Personalaufwand","[303] Sozialversicherungsbeiträge","3","3","30","303","45.60"
"592","Schwanden b.B.","2006","[4] GESUNDHEIT","[47] Lebensmittelkontrolle","[470] Lebensmittelkontrolle","4","47","470","[3] Aufwand","[3] AUFWAND","[30] Personalaufwand","[303] Sozialversicherungsbeiträge","3","3","30","303","23.20"
"592","Schwanden b.B.","2006","[5] SOZIALE WOHLFAHRT","[58] Sozialhilfe","[589] Sozialbehörden, Sekretariat","5","58","589","[3] Aufwand","[3] AUFWAND","[30] Personalaufwand","[303] Sozialversicherungsbeiträge","3","3","30","303","65.00"
"592","Schwanden b.B.","2006","[0] ALLGEMEINE VERWALTUNG","[02] Allgemeine Verwaltung","[029] Allgemeine Verwaltung","0","2","29","[3] Aufwand","[3] AUFWAND","[30] Personalaufwand","[304] Personalversicherungsbeiträge","3","3","30","304","10287.00"
"592","Schwanden b.B.","2006","[2] BILDUNG","[21] Volksschule","[217] Schulliegenschaften (Ki.garten sofern nicht zuteilbar, Prim + Sek 1)","2","21","217","[3] Aufwand","[3] AUFWAND","[30] Personalaufwand","[304] Personalversicherungsbeiträge","3","3","30","304","983.40"
"592","Schwanden b.B.","2006","[6] VERKEHR","[62] Gemeindestrassen","[620] Gemeindestrassennetz","6","62","620","[3] Aufwand","[3] AUFWAND","[30] Personalaufwand","[304] Personalversicherungsbeiträge","3","3","30","304","5280.60"
"592","Schwanden b.B.","2006","[0] ALLGEMEINE VERWALTUNG","[02] Allgemeine Verwaltung","[029] Allgemeine Verwaltung","0","2","29","[3] Aufwand","[3] AUFWAND","[30] Personalaufwand","[309] Uebriger Personalaufwand","3","3","30","309","5905.05"
"592","Schwanden b.B.","2006","[3] KULTUR UND FREIZEIT","[34] Sport","[342] ...","3","34","342","[3] Aufwand","[3] AUFWAND","[31] Sachaufwand","[310] Büro- und Schulmaterialien, Drucksachen","3","3","31","310","1463.35"
"592","Schwanden b.B.","2006","[7] UMWELT UND RAUMORDNUNG","[70] Wasserversorgung","[700] Wasserversorgung","7","70","700","[3] Aufwand","[3] AUFWAND","[31] Sachaufwand","[310] Büro- und Schulmaterialien, Drucksachen","3","3","31","310","119.10"
"592","Schwanden b.B.","2006","[8] VOLKSWIRTSCHAFT","[81] Forstwirtschaft","[810] Forstverwaltung","8","81","810","[3] Aufwand","[3] AUFWAND","[31] Sachaufwand","[310] Büro- und Schulmaterialien, Drucksachen","3","3","31","310","193.10"
"592","Schwanden b.B.","2006","[0] ALLGEMEINE VERWALTUNG","[02] Allgemeine Verwaltung","[029] Allgemeine Verwaltung","0","2","29","[3] Aufwand","[3] AUFWAND","[31] Sachaufwand","[311] Anschaffung Mobilien, Maschinen, Fahrzeuge","3","3","31","311","3005.10"
"592","Schwanden b.B.","2006","[0] ALLGEMEINE VERWALTUNG","[09] Nicht aufteilbare Aufgaben","[090] Verwaltungsliegenschaften","0","9","90","[3] Aufwand","[3] AUFWAND","[31] Sachaufwand","[311] Anschaffung Mobilien, Maschinen, Fahrzeuge","3","3","31","311","2030.15"
"592","Schwanden b.B.","2006","[1] OEFFENTLICHE SICHERHEIT","[14] Wehrdienste","[140] Wehrdienste","1","14","140","[3] Aufwand","[3] AUFWAND","[31] Sachaufwand","[311] Anschaffung Mobilien, Maschinen, Fahrzeuge","3","3","31","311","504.00"
"592","Schwanden b.B.","2006","[2] BILDUNG","[21] Volksschule","[217] Schulliegenschaften (Ki.garten sofern nicht zuteilbar, Prim + Sek 1)","2","21","217","[3] Aufwand","[3] AUFWAND","[31] Sachaufwand","[311] Anschaffung Mobilien, Maschinen, Fahrzeuge","3","3","31","311","3321.20"
"592","Schwanden b.B.","2006","[6] VERKEHR","[62] Gemeindestrassen","[620] Gemeindestrassennetz","6","62","620","[3] Aufwand","[3] AUFWAND","[31] Sachaufwand","[311] Anschaffung Mobilien, Maschinen, Fahrzeuge","3","3","31","311","826.50"
"592","Schwanden b.B.","2006","[7] UMWELT UND RAUMORDNUNG","[78] Uebriger Umweltschutz","[780] Oeffentliche Toiletten","7","78","780","[3] Aufwand","[3] AUFWAND","[31] Sachaufwand","[311] Anschaffung Mobilien, Maschinen, Fahrzeuge","3","3","31","311","649.90"
"592","Schwanden b.B.","2006","[3] KULTUR UND FREIZEIT","[33] Parkanlagen und Wanderwege","[330] Parkanlagen und Wanderwege","3","33","330","[3] Aufwand","[3] AUFWAND","[31] Sachaufwand","[312] Wasser, Energie, Heizmaterialien","3","3","31","312","2461.40"
"592","Schwanden b.B.","2006","[0] ALLGEMEINE VERWALTUNG","[09] Nicht aufteilbare Aufgaben","[090] Verwaltungsliegenschaften","0","9","90","[3] Aufwand","[3] AUFWAND","[31] Sachaufwand","[313] Verbrauchsmaterialien","3","3","31","313","981.30"
"592","Schwanden b.B.","2006","[6] VERKEHR","[62] Gemeindestrassen","[620] Gemeindestrassennetz","6","62","620","[3] Aufwand","[3] AUFWAND","[31] Sachaufwand","[313] Verbrauchsmaterialien","3","3","31","313","6896.35"
"592","Schwanden b.B.","2006","[0] ALLGEMEINE VERWALTUNG","[09] Nicht aufteilbare Aufgaben","[090] Verwaltungsliegenschaften","0","9","90","[3] Aufwand","[3] AUFWAND","[31] Sachaufwand","[314] Dienstleistungen Dritter für den baulichen Unterhalt","3","3","31","314","4409.40"
"592","Schwanden b.B.","2006","[1] OEFFENTLICHE SICHERHEIT","[10] Rechtsaufsicht","[100] Mass und Gewicht","1","10","100","[3] Aufwand","[3] AUFWAND","[31] Sachaufwand","[314] Dienstleistungen Dritter für den baulichen Unterhalt","3","3","31","314","5941.90"
"592","Schwanden b.B.","2006","[1] OEFFENTLICHE SICHERHEIT","[14] Wehrdienste","[140] Wehrdienste","1","14","140","[3] Aufwand","[3] AUFWAND","[31] Sachaufwand","[314] Dienstleistungen Dritter für den baulichen Unterhalt","3","3","31","314","108.40"
"592","Schwanden b.B.","2006","[2] BILDUNG","[21] Volksschule","[217] Schulliegenschaften (Ki.garten sofern nicht zuteilbar, Prim + Sek 1)","2","21","217","[3] Aufwand","[3] AUFWAND","[31] Sachaufwand","[314] Dienstleistungen Dritter für den baulichen Unterhalt","3","3","31","314","9608.45"
"592","Schwanden b.B.","2006","[3] KULTUR UND FREIZEIT","[34] Sport","[341] ...","3","34","341","[3] Aufwand","[3] AUFWAND","[31] Sachaufwand","[314] Dienstleistungen Dritter für den baulichen Unterhalt","3","3","31","314","3450.55"
"592","Schwanden b.B.","2006","[6] VERKEHR","[62] Gemeindestrassen","[620] Gemeindestrassennetz","6","62","620","[3] Aufwand","[3] AUFWAND","[31] Sachaufwand","[314] Dienstleistungen Dritter für den baulichen Unterhalt","3","3","31","314","10294.00"
"592","Schwanden b.B.","2006","[7] UMWELT UND RAUMORDNUNG","[71] Abwasserentsorgung","[710] Abwasserentsorgung","7","71","710","[3] Aufwand","[3] AUFWAND","[31] Sachaufwand","[314] Dienstleistungen Dritter für den baulichen Unterhalt","3","3","31","314","11415.25"
"592","Schwanden b.B.","2006","[7] UMWELT UND RAUMORDNUNG","[78] Uebriger Umweltschutz","[780] Oeffentliche Toiletten","7","78","780","[3] Aufwand","[3] AUFWAND","[31] Sachaufwand","[314] Dienstleistungen Dritter für den baulichen Unterhalt","3","3","31","314","571.60"
"592","Schwanden b.B.","2006","[0] ALLGEMEINE VERWALTUNG","[09] Nicht aufteilbare Aufgaben","[091] ...","0","9","91","[3] Aufwand","[3] AUFWAND","[31] Sachaufwand","[315] Dienstleistungen Dritter für den übrigen Unterhalt","3","3","31","315","326.55"
"592","Schwanden b.B.","2006","[1] OEFFENTLICHE SICHERHEIT","[16] Zivile Landesverteidigung","[160] Zivilschutz","1","16","160","[3] Aufwand","[3] AUFWAND","[31] Sachaufwand","[315] Dienstleistungen Dritter für den übrigen Unterhalt","3","3","31","315","108.00"
"592","Schwanden b.B.","2006","[0] ALLGEMEINE VERWALTUNG","[09] Nicht aufteilbare Aufgaben","[090] Verwaltungsliegenschaften","0","9","90","[3] Aufwand","[3] AUFWAND","[31] Sachaufwand","[316] Mieten, Pachten, Benützungskosten","3","3","31","316","2616.10"
"592","Schwanden b.B.","2006","[6] VERKEHR","[62] Gemeindestrassen","[620] Gemeindestrassennetz","6","62","620","[3] Aufwand","[3] AUFWAND","[31] Sachaufwand","[316] Mieten, Pachten, Benützungskosten","3","3","31","316","50.00"
"592","Schwanden b.B.","2006","[0] ALLGEMEINE VERWALTUNG","[01] Legislative und Exekutive","[012] Exekutive","0","1","12","[3] Aufwand","[3] AUFWAND","[31] Sachaufwand","[317] Spesenentschädigungen","3","3","31","317","15894.55"
"592","Schwanden b.B.","2006","[0] ALLGEMEINE VERWALTUNG","[02] Allgemeine Verwaltung","[029] Allgemeine Verwaltung","0","2","29","[3] Aufwand","[3] AUFWAND","[31] Sachaufwand","[317] Spesenentschädigungen","3","3","31","317","448.20"
"592","Schwanden b.B.","2006","[3] KULTUR UND FREIZEIT","[34] Sport","[341] ...","3","34","341","[3] Aufwand","[3] AUFWAND","[31] Sachaufwand","[317] Spesenentschädigungen","3","3","31","317","156.15"
"592","Schwanden b.B.","2006","[0] ALLGEMEINE VERWALTUNG","[01] Legislative und Exekutive","[011] Legislative","0","1","11","[3] Aufwand","[3] AUFWAND","[31] Sachaufwand","[318] Dienstleistungen und Honorare, allg. Verwaltungsaufwand","3","3","31","318","2151.30"
"592","Schwanden b.B.","2006","[1] OEFFENTLICHE SICHERHEIT","[10] Rechtsaufsicht","[101] Uebrige Rechtspflege","1","10","101","[3] Aufwand","[3] AUFWAND","[31] Sachaufwand","[318] Dienstleistungen und Honorare, allg. Verwaltungsaufwand","3","3","31","318","10279.35"
"592","Schwanden b.B.","2006","[1] OEFFENTLICHE SICHERHEIT","[16] Zivile Landesverteidigung","[160] Zivilschutz","1","16","160","[3] Aufwand","[3] AUFWAND","[31] Sachaufwand","[318] Dienstleistungen und Honorare, allg. Verwaltungsaufwand","3","3","31","318","141.20"
"592","Schwanden b.B.","2006","[7] UMWELT UND RAUMORDNUNG","[70] Wasserversorgung","[700] Wasserversorgung","7","70","700","[3] Aufwand","[3] AUFWAND","[31] Sachaufwand","[318] Dienstleistungen und Honorare, allg. Verwaltungsaufwand","3","3","31","318","1762.95"
"592","Schwanden b.B.","2006","[8] VOLKSWIRTSCHAFT","[81] Forstwirtschaft","[810] Forstverwaltung","8","81","810","[3] Aufwand","[3] AUFWAND","[31] Sachaufwand","[318] Dienstleistungen und Honorare, allg. Verwaltungsaufwand","3","3","31","318","1148.25"
"592","Schwanden b.B.","2006","[9] FINANZEN UND STEUERN","[94] Vermögens- und Schuldenverwaltung","[942] Liegenschaften des Finanzvermögens","9","94","942","[3] Aufwand","[3] AUFWAND","[31] Sachaufwand","[318] Dienstleistungen und Honorare, allg. Verwaltungsaufwand","3","3","31","318","3923.05"
"592","Schwanden b.B.","2006","[1] OEFFENTLICHE SICHERHEIT","[14] Wehrdienste","[140] Wehrdienste","1","14","140","[3] Aufwand","[3] AUFWAND","[33] Abschreibungen","[330] Finanzvermögen","3","3","33","330","1295.15"
"592","Schwanden b.B.","2006","[9] FINANZEN UND STEUERN","[99] Nicht aufgeteilte Posten","[990] Abschreibungen","9","99","990","[3] Aufwand","[3] AUFWAND","[33] Abschreibungen","[330] Finanzvermögen","3","3","33","330","-8001.00"
"592","Schwanden b.B.","2006","[2] BILDUNG","[20] Kindergarten","[200] Kindergarten","2","20","200","[3] Aufwand","[3] AUFWAND","[35] Entschädigungen an Gemeinwesen","[351] Kanton","3","3","35","351","11999.40"
"592","Schwanden b.B.","2006","[1] OEFFENTLICHE SICHERHEIT","[10] Rechtsaufsicht","[101] Uebrige Rechtspflege","1","10","101","[3] Aufwand","[3] AUFWAND","[35] Entschädigungen an Gemeinwesen","[352] Gemeinden","3","3","35","352","1732.10"
"592","Schwanden b.B.","2006","[4] GESUNDHEIT","[44] Ambulante Krankenpflege","[440] Spitex/Krankenpflege","4","44","440","[3] Aufwand","[3] AUFWAND","[35] Entschädigungen an Gemeinwesen","[352] Gemeinden","3","3","35","352","500.00"
"592","Schwanden b.B.","2006","[5] SOZIALE WOHLFAHRT","[50] Altersversicherung","[500] AHV-Zweigstelle","5","50","500","[3] Aufwand","[3] AUFWAND","[35] Entschädigungen an Gemeinwesen","[352] Gemeinden","3","3","35","352","8799.80"
"592","Schwanden b.B.","2006","[9] FINANZEN UND STEUERN","[94] Vermögens- und Schuldenverwaltung","[944] Burgergut","9","94","944","[3] Aufwand","[3] AUFWAND","[35] Entschädigungen an Gemeinwesen","[352] Gemeinden","3","3","35","352","19000.00"
"592","Schwanden b.B.","2006","[5] SOZIALE WOHLFAHRT","[50] Altersversicherung","[501] Gemeindeanteil am Beitrag des Kantons für die AHV","5","50","501","[3] Aufwand","[3] AUFWAND","[36] Eigene Beiträge","[361] Kanton","3","3","36","361","37035.00"
"592","Schwanden b.B.","2006","[5] SOZIALE WOHLFAHRT","[53] Sonstige Sozialversicherungen","[530] Ergänzungsleistungen der AHV, IV","5","53","530","[3] Aufwand","[3] AUFWAND","[36] Eigene Beiträge","[361] Kanton","3","3","36","361","85225.00"
"592","Schwanden b.B.","2006","[6] VERKEHR","[65] Regionalverkehr","[650] Regionalverkehrsbetriebe","6","65","650","[3] Aufwand","[3] AUFWAND","[36] Eigene Beiträge","[361] Kanton","3","3","36","361","33544.00"
"592","Schwanden b.B.","2006","[7] UMWELT UND RAUMORDNUNG","[70] Wasserversorgung","[700] Wasserversorgung","7","70","700","[3] Aufwand","[3] AUFWAND","[36] Eigene Beiträge","[362] Gemeinden","3","3","36","362","8065.00"
"592","Schwanden b.B.","2006","[7] UMWELT UND RAUMORDNUNG","[74] Friedhof und Bestattung","[740] Friedhof und Bestattung","7","74","740","[3] Aufwand","[3] AUFWAND","[36] Eigene Beiträge","[362] Gemeinden","3","3","36","362","17284.00"
"592","Schwanden b.B.","2006","[7] UMWELT UND RAUMORDNUNG","[75] Gewässerverbauungen","[750] Gewässerverbauungen","7","75","750","[3] Aufwand","[3] AUFWAND","[36] Eigene Beiträge","[362] Gemeinden","3","3","36","362","1953.25"
"592","Schwanden b.B.","2006","[7] UMWELT UND RAUMORDNUNG","[79] Raumordnung","[790] Raumplanung","7","79","790","[3] Aufwand","[3] AUFWAND","[36] Eigene Beiträge","[362] Gemeinden","3","3","36","362","3867.05"
"592","Schwanden b.B.","2006","[0] ALLGEMEINE VERWALTUNG","[02] Allgemeine Verwaltung","[029] Allgemeine Verwaltung","0","2","29","[3] Aufwand","[3] AUFWAND","[36] Eigene Beiträge","[365] Private Institutionen","3","3","36","365","2125.60"
"592","Schwanden b.B.","2006","[1] OEFFENTLICHE SICHERHEIT","[16] Zivile Landesverteidigung","[161] Uebrige zivile Landesverteidigung","1","16","161","[3] Aufwand","[3] AUFWAND","[36] Eigene Beiträge","[365] Private Institutionen","3","3","36","365","1200.00"
"592","Schwanden b.B.","2006","[2] BILDUNG","[21] Volksschule","[214] Musikschulen","2","21","214","[3] Aufwand","[3] AUFWAND","[36] Eigene Beiträge","[365] Private Institutionen","3","3","36","365","10342.75"
"592","Schwanden b.B.","2006","[3] KULTUR UND FREIZEIT","[30] Kulturförderung","[309] Uebrige Kulturförderung","3","30","309","[3] Aufwand","[3] AUFWAND","[36] Eigene Beiträge","[365] Private Institutionen","3","3","36","365","2432.00"
"592","Schwanden b.B.","2006","[3] KULTUR UND FREIZEIT","[33] Parkanlagen und Wanderwege","[330] Parkanlagen und Wanderwege","3","33","330","[3] Aufwand","[3] AUFWAND","[36] Eigene Beiträge","[365] Private Institutionen","3","3","36","365","184.50"
"592","Schwanden b.B.","2006","[4] GESUNDHEIT","[45] Krankheitsbekämpfung","[450] Krankheitsbekämpfung","4","45","450","[3] Aufwand","[3] AUFWAND","[36] Eigene Beiträge","[365] Private Institutionen","3","3","36","365","699.00"
"592","Schwanden b.B.","2006","","","","","","","[1] Aktiven","[10] Finanzvermögen","[100] Flüssige Mittel","[1000] Kasse","1","10","100","1000","1845.95"
"592","Schwanden b.B.","2006","","","","","","","[1] Aktiven","[10] Finanzvermögen","[100] Flüssige Mittel","[1001] Post","1","10","100","1001","119553.00"
"592","Schwanden b.B.","2006","","","","","","","[1] Aktiven","[10] Finanzvermögen","[101] Guthaben","[1010] Vorschüsse","1","10","101","1010","200.00"
"592","Schwanden b.B.","2006","","","","","","","[1] Aktiven","[10] Finanzvermögen","[101] Guthaben","[1013] Rückerstattungen von Gemeinwesen","1","10","101","1013","136765.30"
"592","Schwanden b.B.","2006","","","","","","","[1] Aktiven","[10] Finanzvermögen","[101] Guthaben","[1015] Andere Debitoren","1","10","101","1015","92482.30"
"592","Schwanden b.B.","2006","","","","","","","[1] Aktiven","[10] Finanzvermögen","[102] Anlagen","[1020] Festverzinsliche Wertpapiere","1","10","102","1020","1190713.35"
"592","Schwanden b.B.","2006","","","","","","","[1] Aktiven","[10] Finanzvermögen","[102] Anlagen","[1023] Liegenschaften","1","10","102","1023","997125.00"
"592","Schwanden b.B.","2006","","","","","","","[1] Aktiven","[10] Finanzvermögen","[102] Anlagen","[1025] Vorräte","1","10","102","1025","3529.45"
"592","Schwanden b.B.","2006","","","","","","","[1] Aktiven","[10] Finanzvermögen","[103] Transitorische Aktiven","[1030] Transitorische Aktiven","1","10","103","1030","19503.25"
"592","Schwanden b.B.","2006","","","","","","","[1] Aktiven","[11] Verwaltungsvermögen","[114] Sachgüter","[1145] Waldungen","1","11","114","1145","7349.80"
"592","Schwanden b.B.","2006","","","","","","","[1] Aktiven","[11] Verwaltungsvermögen","[115] Darlehen und Beteiligungen","[1154] Gemischtwirtschaftliche Unternehmungen","1","11","115","1154","4.00"
"592","Schwanden b.B.","2006","","","","","","","[1] Aktiven","[11] Verwaltungsvermögen","[117] Uebrige aktiverte Ausgaben","[1171] Raumplanung","1","11","117","1171","21381.75"
"592","Schwanden b.B.","2006","","","","","","","[1] Aktiven","[11] Verwaltungsvermögen","[117] Uebrige aktiverte Ausgaben","[1179] Uebrige aktivierte Ausgaben","1","11","117","1179","21806.05"
"592","Schwanden b.B.","2006","","","","","","","[2] Passiven","[20] Fremdkapital","[200] Laufende Verpflichtungen","[2005] Durchlaufende Beiträge","2","20","200","2005","3585.95"
"592","Schwanden b.B.","2006","","","","","","","[2] Passiven","[20] Fremdkapital","[202] Mittel- und langfristige Schulden","[2021] Schuldscheine","2","20","202","2021","187650.00"
"592","Schwanden b.B.","2006","","","","","","","[2] Passiven","[20] Fremdkapital","[203] Verpflichtungen für Sonderrechnungen","[2033] Verwaltete Stiftungen","2","20","203","2033","9788.50"
"592","Schwanden b.B.","2006","","","","","","","[2] Passiven","[20] Fremdkapital","[205] Transitorische Passiven","[2050] Transitorische Passiven","2","20","205","2050","982.00"
"592","Schwanden b.B.","2006","[0] ALLGEMEINE VERWALTUNG","[01] Legislative und Exekutive","[011] Legislative","0","1","11","[3] Aufwand","[3] AUFWAND","[30] Personalaufwand","[300] Personalaufwand der Behörden und Kommissionen","3","3","30","300","6237.00"
"592","Schwanden b.B.","2006","[4] GESUNDHEIT","[40] Spitäler","[400] Spitäler","4","40","400","[3] Aufwand","[3] AUFWAND","[30] Personalaufwand","[300] Personalaufwand der Behörden und Kommissionen","3","3","30","300","48.00"
"592","Schwanden b.B.","2006","[7] UMWELT UND RAUMORDNUNG","[71] Abwasserentsorgung","[710] Abwasserentsorgung","7","71","710","[3] Aufwand","[3] AUFWAND","[30] Personalaufwand","[300] Personalaufwand der Behörden und Kommissionen","3","3","30","300","293.00"
"592","Schwanden b.B.","2006","[7] UMWELT UND RAUMORDNUNG","[72] Abfallentsorgung","[720] Abfallentsorgung","7","72","720","[3] Aufwand","[3] AUFWAND","[30] Personalaufwand","[300] Personalaufwand der Behörden und Kommissionen","3","3","30","300","1000.00"
"592","Schwanden b.B.","2006","[9] FINANZEN UND STEUERN","[94] Vermögens- und Schuldenverwaltung","[944] Burgergut","9","94","944","[3] Aufwand","[3] AUFWAND","[30] Personalaufwand","[300] Personalaufwand der Behörden und Kommissionen","3","3","30","300","744.00"
"592","Schwanden b.B.","2006","[3] KULTUR UND FREIZEIT","[34] Sport","[341] ...","3","34","341","[3] Aufwand","[3] AUFWAND","[30] Personalaufwand","[301] Löhne des Verwaltungs- + Betriebspersonals","3","3","30","301","1224.00"
"592","Schwanden b.B.","2006","[4] GESUNDHEIT","[47] Lebensmittelkontrolle","[470] Lebensmittelkontrolle","4","47","470","[3] Aufwand","[3] AUFWAND","[30] Personalaufwand","[301] Löhne des Verwaltungs- + Betriebspersonals","3","3","30","301","548.00"
"592","Schwanden b.B.","2006","[0] ALLGEMEINE VERWALTUNG","[02] Allgemeine Verwaltung","[029] Allgemeine Verwaltung","0","2","29","[3] Aufwand","[3] AUFWAND","[30] Personalaufwand","[303] Sozialversicherungsbeiträge","3","3","30","303","8707.80"
"592","Schwanden b.B.","2006","[0] ALLGEMEINE VERWALTUNG","[09] Nicht aufteilbare Aufgaben","[090] Verwaltungsliegenschaften","0","9","90","[3] Aufwand","[3] AUFWAND","[30] Personalaufwand","[303] Sozialversicherungsbeiträge","3","3","30","303","304.65"
"592","Schwanden b.B.","2006","[2] BILDUNG","[21] Volksschule","[217] Schulliegenschaften (Ki.garten sofern nicht zuteilbar, Prim + Sek 1)","2","21","217","[3] Aufwand","[3] AUFWAND","[30] Personalaufwand","[303] Sozialversicherungsbeiträge","3","3","30","303","983.00"
"592","Schwanden b.B.","2006","[3] KULTUR UND FREIZEIT","[34] Sport","[341] ...","3","34","341","[3] Aufwand","[3] AUFWAND","[30] Personalaufwand","[303] Sozialversicherungsbeiträge","3","3","30","303","77.10"
"592","Schwanden b.B.","2006","[4] GESUNDHEIT","[40] Spitäler","[400] Spitäler","4","40","400","[3] Aufwand","[3] AUFWAND","[30] Personalaufwand","[303] Sozialversicherungsbeiträge","3","3","30","303","3.00"
"592","Schwanden b.B.","2006","[6] VERKEHR","[62] Gemeindestrassen","[620] Gemeindestrassennetz","6","62","620","[3] Aufwand","[3] AUFWAND","[30] Personalaufwand","[303] Sozialversicherungsbeiträge","3","3","30","303","4635.05"
"592","Schwanden b.B.","2006","[0] ALLGEMEINE VERWALTUNG","[02] Allgemeine Verwaltung","[029] Allgemeine Verwaltung","0","2","29","[3] Aufwand","[3] AUFWAND","[30] Personalaufwand","[305] Unfall- und Krankenversicherungsbeiträge","3","3","30","305","2894.30"
"592","Schwanden b.B.","2006","[2] BILDUNG","[21] Volksschule","[217] Schulliegenschaften (Ki.garten sofern nicht zuteilbar, Prim + Sek 1)","2","21","217","[3] Aufwand","[3] AUFWAND","[30] Personalaufwand","[305] Unfall- und Krankenversicherungsbeiträge","3","3","30","305","268.00"
"592","Schwanden b.B.","2006","[6] VERKEHR","[62] Gemeindestrassen","[620] Gemeindestrassennetz","6","62","620","[3] Aufwand","[3] AUFWAND","[30] Personalaufwand","[305] Unfall- und Krankenversicherungsbeiträge","3","3","30","305","1367.35"
"592","Schwanden b.B.","2006","[0] ALLGEMEINE VERWALTUNG","[02] Allgemeine Verwaltung","[029] Allgemeine Verwaltung","0","2","29","[3] Aufwand","[3] AUFWAND","[31] Sachaufwand","[310] Büro- und Schulmaterialien, Drucksachen","3","3","31","310","8286.50"
"592","Schwanden b.B.","2006","[2] BILDUNG","[21] Volksschule","[219] Nicht Aufteilbares, Volksschule, Tagesschule","2","21","219","[3] Aufwand","[3] AUFWAND","[31] Sachaufwand","[310] Büro- und Schulmaterialien, Drucksachen","3","3","31","310","79.74"
"592","Schwanden b.B.","2006","[3] KULTUR UND FREIZEIT","[30] Kulturförderung","[309] Uebrige Kulturförderung","3","30","309","[3] Aufwand","[3] AUFWAND","[31] Sachaufwand","[310] Büro- und Schulmaterialien, Drucksachen","3","3","31","310","1047.05"
"592","Schwanden b.B.","2006","[1] OEFFENTLICHE SICHERHEIT","[16] Zivile Landesverteidigung","[160] Zivilschutz","1","16","160","[3] Aufwand","[3] AUFWAND","[31] Sachaufwand","[311] Anschaffung Mobilien, Maschinen, Fahrzeuge","3","3","31","311","338.95"
"592","Schwanden b.B.","2006","[0] ALLGEMEINE VERWALTUNG","[09] Nicht aufteilbare Aufgaben","[090] Verwaltungsliegenschaften","0","9","90","[3] Aufwand","[3] AUFWAND","[31] Sachaufwand","[312] Wasser, Energie, Heizmaterialien","3","3","31","312","5110.55"
"592","Schwanden b.B.","2006","[2] BILDUNG","[21] Volksschule","[217] Schulliegenschaften (Ki.garten sofern nicht zuteilbar, Prim + Sek 1)","2","21","217","[3] Aufwand","[3] AUFWAND","[31] Sachaufwand","[312] Wasser, Energie, Heizmaterialien","3","3","31","312","17642.70"
"592","Schwanden b.B.","2006","[6] VERKEHR","[62] Gemeindestrassen","[620] Gemeindestrassennetz","6","62","620","[3] Aufwand","[3] AUFWAND","[31] Sachaufwand","[312] Wasser, Energie, Heizmaterialien","3","3","31","312","5852.60"
"592","Schwanden b.B.","2006","[7] UMWELT UND RAUMORDNUNG","[71] Abwasserentsorgung","[710] Abwasserentsorgung","7","71","710","[3] Aufwand","[3] AUFWAND","[31] Sachaufwand","[312] Wasser, Energie, Heizmaterialien","3","3","31","312","116.95"
"592","Schwanden b.B.","2006","[9] FINANZEN UND STEUERN","[94] Vermögens- und Schuldenverwaltung","[942] Liegenschaften des Finanzvermögens","9","94","942","[3] Aufwand","[3] AUFWAND","[31] Sachaufwand","[312] Wasser, Energie, Heizmaterialien","3","3","31","312","3434.80"
"592","Schwanden b.B.","2006","[0] ALLGEMEINE VERWALTUNG","[02] Allgemeine Verwaltung","[029] Allgemeine Verwaltung","0","2","29","[3] Aufwand","[3] AUFWAND","[31] Sachaufwand","[313] Verbrauchsmaterialien","3","3","31","313","2649.45"
"592","Schwanden b.B.","2006","[2] BILDUNG","[21] Volksschule","[217] Schulliegenschaften (Ki.garten sofern nicht zuteilbar, Prim + Sek 1)","2","21","217","[3] Aufwand","[3] AUFWAND","[31] Sachaufwand","[313] Verbrauchsmaterialien","3","3","31","313","3760.45"
"592","Schwanden b.B.","2006","[7] UMWELT UND RAUMORDNUNG","[72] Abfallentsorgung","[720] Abfallentsorgung","7","72","720","[3] Aufwand","[3] AUFWAND","[31] Sachaufwand","[313] Verbrauchsmaterialien","3","3","31","313","848.75"
"592","Schwanden b.B.","2006","[1] OEFFENTLICHE SICHERHEIT","[16] Zivile Landesverteidigung","[160] Zivilschutz","1","16","160","[3] Aufwand","[3] AUFWAND","[31] Sachaufwand","[314] Dienstleistungen Dritter für den baulichen Unterhalt","3","3","31","314","4036.70"
"592","Schwanden b.B.","2006","[3] KULTUR UND FREIZEIT","[33] Parkanlagen und Wanderwege","[330] Parkanlagen und Wanderwege","3","33","330","[3] Aufwand","[3] AUFWAND","[31] Sachaufwand","[314] Dienstleistungen Dritter für den baulichen Unterhalt","3","3","31","314","1608.10"
"592","Schwanden b.B.","2006","[3] KULTUR UND FREIZEIT","[34] Sport","[342] ...","3","34","342","[3] Aufwand","[3] AUFWAND","[31] Sachaufwand","[314] Dienstleistungen Dritter für den baulichen Unterhalt","3","3","31","314","2720.70"
"592","Schwanden b.B.","2006","[7] UMWELT UND RAUMORDNUNG","[70] Wasserversorgung","[700] Wasserversorgung","7","70","700","[3] Aufwand","[3] AUFWAND","[31] Sachaufwand","[314] Dienstleistungen Dritter für den baulichen Unterhalt","3","3","31","314","4747.85"
"592","Schwanden b.B.","2006","[9] FINANZEN UND STEUERN","[94] Vermögens- und Schuldenverwaltung","[942] Liegenschaften des Finanzvermögens","9","94","942","[3] Aufwand","[3] AUFWAND","[31] Sachaufwand","[314] Dienstleistungen Dritter für den baulichen Unterhalt","3","3","31","314","1944.00"
"592","Schwanden b.B.","2006","[0] ALLGEMEINE VERWALTUNG","[02] Allgemeine Verwaltung","[029] Allgemeine Verwaltung","0","2","29","[3] Aufwand","[3] AUFWAND","[31] Sachaufwand","[315] Dienstleistungen Dritter für den übrigen Unterhalt","3","3","31","315","5346.35"
"592","Schwanden b.B.","2006","[0] ALLGEMEINE VERWALTUNG","[09] Nicht aufteilbare Aufgaben","[090] Verwaltungsliegenschaften","0","9","90","[3] Aufwand","[3] AUFWAND","[31] Sachaufwand","[315] Dienstleistungen Dritter für den übrigen Unterhalt","3","3","31","315","380.00"
"592","Schwanden b.B.","2006","[6] VERKEHR","[62] Gemeindestrassen","[620] Gemeindestrassennetz","6","62","620","[3] Aufwand","[3] AUFWAND","[31] Sachaufwand","[315] Dienstleistungen Dritter für den übrigen Unterhalt","3","3","31","315","7513.65"
"592","Schwanden b.B.","2006","[8] VOLKSWIRTSCHAFT","[81] Forstwirtschaft","[812] Holzernte","8","81","812","[3] Aufwand","[3] AUFWAND","[31] Sachaufwand","[315] Dienstleistungen Dritter für den übrigen Unterhalt","3","3","31","315","6997.95"
"592","Schwanden b.B.","2006","[9] FINANZEN UND STEUERN","[94] Vermögens- und Schuldenverwaltung","[944] Burgergut","9","94","944","[3] Aufwand","[3] AUFWAND","[31] Sachaufwand","[315] Dienstleistungen Dritter für den übrigen Unterhalt","3","3","31","315","16689.00"
"592","Schwanden b.B.","2006","[0] ALLGEMEINE VERWALTUNG","[09] Nicht aufteilbare Aufgaben","[091] ...","0","9","91","[3] Aufwand","[3] AUFWAND","[31] Sachaufwand","[317] Spesenentschädigungen","3","3","31","317","1140.00"
"592","Schwanden b.B.","2006","[4] GESUNDHEIT","[40] Spitäler","[400] Spitäler","4","40","400","[3] Aufwand","[3] AUFWAND","[31] Sachaufwand","[317] Spesenentschädigungen","3","3","31","317","25.20"
"592","Schwanden b.B.","2006","[4] GESUNDHEIT","[47] Lebensmittelkontrolle","[470] Lebensmittelkontrolle","4","47","470","[3] Aufwand","[3] AUFWAND","[31] Sachaufwand","[317] Spesenentschädigungen","3","3","31","317","61.70"
"592","Schwanden b.B.","2006","[5] SOZIALE WOHLFAHRT","[58] Sozialhilfe","[589] Sozialbehörden, Sekretariat","5","58","589","[3] Aufwand","[3] AUFWAND","[31] Sachaufwand","[317] Spesenentschädigungen","3","3","31","317","150.00"
"592","Schwanden b.B.","2006","[6] VERKEHR","[62] Gemeindestrassen","[620] Gemeindestrassennetz","6","62","620","[3] Aufwand","[3] AUFWAND","[31] Sachaufwand","[317] Spesenentschädigungen","3","3","31","317","90.00"
"592","Schwanden b.B.","2006","[8] VOLKSWIRTSCHAFT","[81] Forstwirtschaft","[810] Forstverwaltung","8","81","810","[3] Aufwand","[3] AUFWAND","[31] Sachaufwand","[317] Spesenentschädigungen","3","3","31","317","148.20"
"592","Schwanden b.B.","2006","[0] ALLGEMEINE VERWALTUNG","[02] Allgemeine Verwaltung","[029] Allgemeine Verwaltung","0","2","29","[3] Aufwand","[3] AUFWAND","[31] Sachaufwand","[318] Dienstleistungen und Honorare, allg. Verwaltungsaufwand","3","3","31","318","14883.15"
"592","Schwanden b.B.","2006","[0] ALLGEMEINE VERWALTUNG","[09] Nicht aufteilbare Aufgaben","[090] Verwaltungsliegenschaften","0","9","90","[3] Aufwand","[3] AUFWAND","[31] Sachaufwand","[318] Dienstleistungen und Honorare, allg. Verwaltungsaufwand","3","3","31","318","3367.95"
"592","Schwanden b.B.","2006","[1] OEFFENTLICHE SICHERHEIT","[10] Rechtsaufsicht","[100] Mass und Gewicht","1","10","100","[3] Aufwand","[3] AUFWAND","[31] Sachaufwand","[318] Dienstleistungen und Honorare, allg. Verwaltungsaufwand","3","3","31","318","1834.95"
"592","Schwanden b.B.","2006","[1] OEFFENTLICHE SICHERHEIT","[14] Wehrdienste","[140] Wehrdienste","1","14","140","[3] Aufwand","[3] AUFWAND","[31] Sachaufwand","[318] Dienstleistungen und Honorare, allg. Verwaltungsaufwand","3","3","31","318","666.30"
"592","Schwanden b.B.","2006","[1] OEFFENTLICHE SICHERHEIT","[15] Militärische Landesverteidigung","[151] Militär","1","15","151","[3] Aufwand","[3] AUFWAND","[31] Sachaufwand","[318] Dienstleistungen und Honorare, allg. Verwaltungsaufwand","3","3","31","318","868.60"
"592","Schwanden b.B.","2006","[2] BILDUNG","[21] Volksschule","[217] Schulliegenschaften (Ki.garten sofern nicht zuteilbar, Prim + Sek 1)","2","21","217","[3] Aufwand","[3] AUFWAND","[31] Sachaufwand","[318] Dienstleistungen und Honorare, allg. Verwaltungsaufwand","3","3","31","318","6795.65"
"592","Schwanden b.B.","2006","[2] BILDUNG","[21] Volksschule","[219] Nicht Aufteilbares, Volksschule, Tagesschule","2","21","219","[3] Aufwand","[3] AUFWAND","[31] Sachaufwand","[318] Dienstleistungen und Honorare, allg. Verwaltungsaufwand","3","3","31","318","6488.95"
"592","Schwanden b.B.","2006","[3] KULTUR UND FREIZEIT","[30] Kulturförderung","[309] Uebrige Kulturförderung","3","30","309","[3] Aufwand","[3] AUFWAND","[31] Sachaufwand","[318] Dienstleistungen und Honorare, allg. Verwaltungsaufwand","3","3","31","318","2764.85"
"592","Schwanden b.B.","2006","[4] GESUNDHEIT","[46] Schulgesundheitsdienst","[460] Schulärztliche Pflege","4","46","460","[3] Aufwand","[3] AUFWAND","[31] Sachaufwand","[318] Dienstleistungen und Honorare, allg. Verwaltungsaufwand","3","3","31","318","218.60"
"592","Schwanden b.B.","2006","[4] GESUNDHEIT","[46] Schulgesundheitsdienst","[461] Schulzahnärztliche Pflege","4","46","461","[3] Aufwand","[3] AUFWAND","[31] Sachaufwand","[318] Dienstleistungen und Honorare, allg. Verwaltungsaufwand","3","3","31","318","1876.40"
"592","Schwanden b.B.","2006","[6] VERKEHR","[62] Gemeindestrassen","[620] Gemeindestrassennetz","6","62","620","[3] Aufwand","[3] AUFWAND","[31] Sachaufwand","[318] Dienstleistungen und Honorare, allg. Verwaltungsaufwand","3","3","31","318","6218.10"
"592","Schwanden b.B.","2006","[7] UMWELT UND RAUMORDNUNG","[71] Abwasserentsorgung","[710] Abwasserentsorgung","7","71","710","[3] Aufwand","[3] AUFWAND","[31] Sachaufwand","[318] Dienstleistungen und Honorare, allg. Verwaltungsaufwand","3","3","31","318","619.10"
"592","Schwanden b.B.","2006","[7] UMWELT UND RAUMORDNUNG","[72] Abfallentsorgung","[720] Abfallentsorgung","7","72","720","[3] Aufwand","[3] AUFWAND","[31] Sachaufwand","[318] Dienstleistungen und Honorare, allg. Verwaltungsaufwand","3","3","31","318","40678.40"
"592","Schwanden b.B.","2006","[7] UMWELT UND RAUMORDNUNG","[74] Friedhof und Bestattung","[740] Friedhof und Bestattung","7","74","740","[3] Aufwand","[3] AUFWAND","[31] Sachaufwand","[318] Dienstleistungen und Honorare, allg. Verwaltungsaufwand","3","3","31","318","258.20"
"592","Schwanden b.B.","2006","[9] FINANZEN UND STEUERN","[94] Vermögens- und Schuldenverwaltung","[944] Burgergut","9","94","944","[3] Aufwand","[3] AUFWAND","[31] Sachaufwand","[318] Dienstleistungen und Honorare, allg. Verwaltungsaufwand","3","3","31","318","14496.00"
"592","Schwanden b.B.","2006","[3] KULTUR UND FREIZEIT","[30] Kulturförderung","[309] Uebrige Kulturförderung","3","30","309","[3] Aufwand","[3] AUFWAND","[31] Sachaufwand","[319] Uebriger Sachaufwand","3","3","31","319","9592.50"
"592","Schwanden b.B.","2006","[9] FINANZEN UND STEUERN","[94] Vermögens- und Schuldenverwaltung","[940] Zinsen","9","94","940","[3] Aufwand","[3] AUFWAND","[32] Passivzinsen","[321] Kurzfristige Schulden","3","3","32","321","2783.25"
"592","Schwanden b.B.","2006","[9] FINANZEN UND STEUERN","[94] Vermögens- und Schuldenverwaltung","[940] Zinsen","9","94","940","[3] Aufwand","[3] AUFWAND","[32] Passivzinsen","[323] Sonderrechnungen","3","3","32","323","100.60"
"592","Schwanden b.B.","2006","[8] VOLKSWIRTSCHAFT","[81] Forstwirtschaft","[812] Holzernte","8","81","812","[3] Aufwand","[3] AUFWAND","[32] Passivzinsen","[329] Uebrige Passivzinsen","3","3","32","329","35.65"
"592","Schwanden b.B.","2006","[9] FINANZEN UND STEUERN","[90] Steuern","[903] Steuerabschreibungen","9","90","903","[3] Aufwand","[3] AUFWAND","[33] Abschreibungen","[330] Finanzvermögen","3","3","33","330","11741.30"
"592","Schwanden b.B.","2006","[9] FINANZEN UND STEUERN","[99] Nicht aufgeteilte Posten","[990] Abschreibungen","9","99","990","[3] Aufwand","[3] AUFWAND","[33] Abschreibungen","[331] Verwaltungsvermögen - harmonisierte Abschreibungen","3","3","33","331","91935.45"
"592","Schwanden b.B.","2006","[0] ALLGEMEINE VERWALTUNG","[02] Allgemeine Verwaltung","[029] Allgemeine Verwaltung","0","2","29","[3] Aufwand","[3] AUFWAND","[35] Entschädigungen an Gemeinwesen","[351] Kanton","3","3","35","351","10686.45"
"592","Schwanden b.B.","2006","[2] BILDUNG","[21] Volksschule","[219] Nicht Aufteilbares, Volksschule, Tagesschule","2","21","219","[3] Aufwand","[3] AUFWAND","[35] Entschädigungen an Gemeinwesen","[351] Kanton","3","3","35","351","147719.40"
"592","Schwanden b.B.","2006","[5] SOZIALE WOHLFAHRT","[58] Sozialhilfe","[587] Lastenausgleich","5","58","587","[3] Aufwand","[3] AUFWAND","[35] Entschädigungen an Gemeinwesen","[351] Kanton","3","3","35","351","214732.85"
"592","Schwanden b.B.","2006","[8] VOLKSWIRTSCHAFT","[81] Forstwirtschaft","[811] Kulturen, Pflegemassnahmen","8","81","811","[3] Aufwand","[3] AUFWAND","[35] Entschädigungen an Gemeinwesen","[351] Kanton","3","3","35","351","1781.85"
"592","Schwanden b.B.","2006","[8] VOLKSWIRTSCHAFT","[81] Forstwirtschaft","[812] Holzernte","8","81","812","[3] Aufwand","[3] AUFWAND","[35] Entschädigungen an Gemeinwesen","[351] Kanton","3","3","35","351","41261.95"
"592","Schwanden b.B.","2006","[2] BILDUNG","[20] Kindergarten","[200] Kindergarten","2","20","200","[3] Aufwand","[3] AUFWAND","[35] Entschädigungen an Gemeinwesen","[352] Gemeinden","3","3","35","352","19939.50"
"592","Schwanden b.B.","2006","[2] BILDUNG","[21] Volksschule","[219] Nicht Aufteilbares, Volksschule, Tagesschule","2","21","219","[3] Aufwand","[3] AUFWAND","[35] Entschädigungen an Gemeinwesen","[352] Gemeinden","3","3","35","352","142902.35"
"592","Schwanden b.B.","2006","[7] UMWELT UND RAUMORDNUNG","[72] Abfallentsorgung","[720] Abfallentsorgung","7","72","720","[3] Aufwand","[3] AUFWAND","[35] Entschädigungen an Gemeinwesen","[352] Gemeinden","3","3","35","352","2031.35"
"592","Schwanden b.B.","2006","[5] SOZIALE WOHLFAHRT","[51] Invalidenversicherung","[510] Gemeindeanteil am Beitrag des Kantons für die IV","5","51","510","[3] Aufwand","[3] AUFWAND","[36] Eigene Beiträge","[361] Kanton","3","3","36","361","34693.00"
"592","Schwanden b.B.","2006","[7] UMWELT UND RAUMORDNUNG","[71] Abwasserentsorgung","[710] Abwasserentsorgung","7","71","710","[3] Aufwand","[3] AUFWAND","[36] Eigene Beiträge","[361] Kanton","3","3","36","361","7215.35"
"592","Schwanden b.B.","2006","[1] OEFFENTLICHE SICHERHEIT","[10] Rechtsaufsicht","[101] Uebrige Rechtspflege","1","10","101","[3] Aufwand","[3] AUFWAND","[36] Eigene Beiträge","[362] Gemeinden","3","3","36","362","705.00"
"592","Schwanden b.B.","2006","[1] OEFFENTLICHE SICHERHEIT","[16] Zivile Landesverteidigung","[160] Zivilschutz","1","16","160","[3] Aufwand","[3] AUFWAND","[36] Eigene Beiträge","[362] Gemeinden","3","3","36","362","8127.00"
"592","Schwanden b.B.","2006","[5] SOZIALE WOHLFAHRT","[58] Sozialhilfe","[584] Dem Lastenausgleich unterlieg.Pers'kosten Sozialarbeiter","5","58","584","[3] Aufwand","[3] AUFWAND","[36] Eigene Beiträge","[362] Gemeinden","3","3","36","362","12350.65"
"592","Schwanden b.B.","2006","[7] UMWELT UND RAUMORDNUNG","[71] Abwasserentsorgung","[710] Abwasserentsorgung","7","71","710","[3] Aufwand","[3] AUFWAND","[36] Eigene Beiträge","[362] Gemeinden","3","3","36","362","35942.00"
"592","Schwanden b.B.","2006","[7] UMWELT UND RAUMORDNUNG","[72] Abfallentsorgung","[720] Abfallentsorgung","7","72","720","[3] Aufwand","[3] AUFWAND","[36] Eigene Beiträge","[362] Gemeinden","3","3","36","362","1496.55"
"592","Schwanden b.B.","2006","[8] VOLKSWIRTSCHAFT","[81] Forstwirtschaft","[810] Forstverwaltung","8","81","810","[3] Aufwand","[3] AUFWAND","[36] Eigene Beiträge","[362] Gemeinden","3","3","36","362","4175.00"
"592","Schwanden b.B.","2006","[2] BILDUNG","[29] Uebriges Bildungswesen","[292] Erwachsenenbildung","2","29","292","[3] Aufwand","[3] AUFWAND","[36] Eigene Beiträge","[365] Private Institutionen","3","3","36","365","1700.00"
"592","Schwanden b.B.","2006","[3] KULTUR UND FREIZEIT","[34] Sport","[340] Sport","3","34","340","[3] Aufwand","[3] AUFWAND","[36] Eigene Beiträge","[365] Private Institutionen","3","3","36","365","1600.00"
"592","Schwanden b.B.","2006","[4] GESUNDHEIT","[44] Ambulante Krankenpflege","[440] Spitex/Krankenpflege","4","44","440","[3] Aufwand","[3] AUFWAND","[36] Eigene Beiträge","[365] Private Institutionen","3","3","36","365","200.00"
"592","Schwanden b.B.","2006","[5] SOZIALE WOHLFAHRT","[54] Jugendschutz","[541] Kinderheime und -krippen, Waisenhäuser","5","54","541","[3] Aufwand","[3] AUFWAND","[36] Eigene Beiträge","[365] Private Institutionen","3","3","36","365","100.00"
"592","Schwanden b.B.","2006","[6] VERKEHR","[62] Gemeindestrassen","[620] Gemeindestrassennetz","6","62","620","[3] Aufwand","[3] AUFWAND","[36] Eigene Beiträge","[365] Private Institutionen","3","3","36","365","15177.10"
"592","Schwanden b.B.","2006","[8] VOLKSWIRTSCHAFT","[81] Forstwirtschaft","[810] Forstverwaltung","8","81","810","[3] Aufwand","[3] AUFWAND","[36] Eigene Beiträge","[365] Private Institutionen","3","3","36","365","572.00"
"592","Schwanden b.B.","2006","[5] SOZIALE WOHLFAHRT","[58] Sozialhilfe","[580] Sozialhilfe","5","58","580","[3] Aufwand","[3] AUFWAND","[36] Eigene Beiträge","[366] Private Haushalte","3","3","36","366","3380.60"
"592","Schwanden b.B.","2006","[5] SOZIALE WOHLFAHRT","[58] Sozialhilfe","[588] Arbeitslosenfürsorge","5","58","588","[3] Aufwand","[3] AUFWAND","[36] Eigene Beiträge","[366] Private Haushalte","3","3","36","366","1412.05"
"592","Schwanden b.B.","2006","[3] KULTUR UND FREIZEIT","[34] Sport","[341] ...","3","34","341","[3] Aufwand","[3] AUFWAND","[38] Einlagen in Spezialfinanzierungen","[380] Einlagen in Spezialfinanzierungen","3","3","38","380","1124.10"
"592","Schwanden b.B.","2006","[7] UMWELT UND RAUMORDNUNG","[70] Wasserversorgung","[700] Wasserversorgung","7","70","700","[3] Aufwand","[3] AUFWAND","[38] Einlagen in Spezialfinanzierungen","[380] Einlagen in Spezialfinanzierungen","3","3","38","380","70574.95"
"592","Schwanden b.B.","2006","[7] UMWELT UND RAUMORDNUNG","[71] Abwasserentsorgung","[710] Abwasserentsorgung","7","71","710","[3] Aufwand","[3] AUFWAND","[38] Einlagen in Spezialfinanzierungen","[380] Einlagen in Spezialfinanzierungen","3","3","38","380","82203.45"
"592","Schwanden b.B.","2006","[9] FINANZEN UND STEUERN","[94] Vermögens- und Schuldenverwaltung","[944] Burgergut","9","94","944","[3] Aufwand","[3] AUFWAND","[38] Einlagen in Spezialfinanzierungen","[380] Einlagen in Spezialfinanzierungen","3","3","38","380","5777.65"
"592","Schwanden b.B.","2006","[1] OEFFENTLICHE SICHERHEIT","[16] Zivile Landesverteidigung","[160] Zivilschutz","1","16","160","[3] Aufwand","[3] AUFWAND","[39] Interne Verrechnungen","[390] Verrechneter Aufwand","3","3","39","390","1000.00"
"592","Schwanden b.B.","2006","[3] KULTUR UND FREIZEIT","[34] Sport","[341] ...","3","34","341","[3] Aufwand","[3] AUFWAND","[39] Interne Verrechnungen","[390] Verrechneter Aufwand","3","3","39","390","3500.00"
"592","Schwanden b.B.","2006","[5] SOZIALE WOHLFAHRT","[50] Altersversicherung","[500] AHV-Zweigstelle","5","50","500","[3] Aufwand","[3] AUFWAND","[39] Interne Verrechnungen","[390] Verrechneter Aufwand","3","3","39","390","500.00"
"592","Schwanden b.B.","2006","[7] UMWELT UND RAUMORDNUNG","[70] Wasserversorgung","[700] Wasserversorgung","7","70","700","[3] Aufwand","[3] AUFWAND","[39] Interne Verrechnungen","[390] Verrechneter Aufwand","3","3","39","390","7000.00"
"592","Schwanden b.B.","2006","[7] UMWELT UND RAUMORDNUNG","[71] Abwasserentsorgung","[710] Abwasserentsorgung","7","71","710","[3] Aufwand","[3] AUFWAND","[39] Interne Verrechnungen","[390] Verrechneter Aufwand","3","3","39","390","6000.00"
"592","Schwanden b.B.","2006","[7] UMWELT UND RAUMORDNUNG","[72] Abfallentsorgung","[720] Abfallentsorgung","7","72","720","[3] Aufwand","[3] AUFWAND","[39] Interne Verrechnungen","[391] Verrechnete Zinsen","3","3","39","391","116.00"
"592","Schwanden b.B.","2006","[9] FINANZEN UND STEUERN","[94] Vermögens- und Schuldenverwaltung","[940] Zinsen","9","94","940","[3] Aufwand","[3] AUFWAND","[39] Interne Verrechnungen","[391] Verrechnete Zinsen","3","3","39","391","37579.25"
"592","Schwanden b.B.","2006","[9] FINANZEN UND STEUERN","[94] Vermögens- und Schuldenverwaltung","[944] Burgergut","9","94","944","[3] Aufwand","[3] AUFWAND","[39] Interne Verrechnungen","[392] Verrechnete Abschreibungen","3","3","39","392","564.75"
"592","Schwanden b.B.","2006","[9] FINANZEN UND STEUERN","[90] Steuern","[900] Obligatorische periodische Steuern","9","90","900","[4] Ertrag","[4] ERTRAG","[40] Steuern","[401] Gewinn- und Kapitalsteuern","4","4","40","401","26494.70"
"592","Schwanden b.B.","2006","[9] FINANZEN UND STEUERN","[90] Steuern","[902] Liegenschaftssteuern","9","90","902","[4] Ertrag","[4] ERTRAG","[40] Steuern","[402] Liegenschaftssteuern","4","4","40","402","130031.80"
"592","Schwanden b.B.","2006","[9] FINANZEN UND STEUERN","[90] Steuern","[901] Obligatorische aperiodische Steuern","9","90","901","[4] Ertrag","[4] ERTRAG","[40] Steuern","[403] Vermögensgewinnsteuern","4","4","40","403","24081.00"
"592","Schwanden b.B.","2006","[9] FINANZEN UND STEUERN","[94] Vermögens- und Schuldenverwaltung","[942] Liegenschaften des Finanzvermögens","9","94","942","[4] Ertrag","[4] ERTRAG","[42] Vermögenserträge","[423] Liegenschaften des Finanzvermögens","4","4","42","423","33931.50"
"592","Schwanden b.B.","2006","[7] UMWELT UND RAUMORDNUNG","[71] Abwasserentsorgung","[710] Abwasserentsorgung","7","71","710","[4] Ertrag","[4] ERTRAG","[42] Vermögenserträge","[428] Einnahmeüberschuss der Investitionsrechnung","4","4","42","428","11978.35"
"592","Schwanden b.B.","2006","[1] OEFFENTLICHE SICHERHEIT","[10] Rechtsaufsicht","[101] Uebrige Rechtspflege","1","10","101","[4] Ertrag","[4] ERTRAG","[43] Entgelte","[431] Gebühren für Amtshandlungen","4","4","43","431","20442.20"
"592","Schwanden b.B.","2006","[0] ALLGEMEINE VERWALTUNG","[02] Allgemeine Verwaltung","[029] Allgemeine Verwaltung","0","2","29","[4] Ertrag","[4] ERTRAG","[43] Entgelte","[434] Andere Benützungsgebühren und Dienstleistungen","4","4","43","434","1361.55"
"592","Schwanden b.B.","2006","[0] ALLGEMEINE VERWALTUNG","[09] Nicht aufteilbare Aufgaben","[090] Verwaltungsliegenschaften","0","9","90","[4] Ertrag","[4] ERTRAG","[43] Entgelte","[434] Andere Benützungsgebühren und Dienstleistungen","4","4","43","434","652.10"
"592","Schwanden b.B.","2006","[2] BILDUNG","[21] Volksschule","[217] Schulliegenschaften (Ki.garten sofern nicht zuteilbar, Prim + Sek 1)","2","21","217","[4] Ertrag","[4] ERTRAG","[43] Entgelte","[434] Andere Benützungsgebühren und Dienstleistungen","4","4","43","434","2250.00"
"592","Schwanden b.B.","2006","[6] VERKEHR","[62] Gemeindestrassen","[620] Gemeindestrassennetz","6","62","620","[4] Ertrag","[4] ERTRAG","[43] Entgelte","[434] Andere Benützungsgebühren und Dienstleistungen","4","4","43","434","8025.00"
"592","Schwanden b.B.","2006","[7] UMWELT UND RAUMORDNUNG","[71] Abwasserentsorgung","[710] Abwasserentsorgung","7","71","710","[4] Ertrag","[4] ERTRAG","[43] Entgelte","[434] Andere Benützungsgebühren und Dienstleistungen","4","4","43","434","125028.75"
"592","Schwanden b.B.","2006","[7] UMWELT UND RAUMORDNUNG","[75] Gewässerverbauungen","[750] Gewässerverbauungen","7","75","750","[4] Ertrag","[4] ERTRAG","[43] Entgelte","[434] Andere Benützungsgebühren und Dienstleistungen","4","4","43","434","1500.00"
"592","Schwanden b.B.","2006","[8] VOLKSWIRTSCHAFT","[86] Energie","[860] Elektrizität","8","86","860","[4] Ertrag","[4] ERTRAG","[43] Entgelte","[435] Uebrige Verkaufserlöse","4","4","43","435","9301.05"
"592","Schwanden b.B.","2006","[9] FINANZEN UND STEUERN","[94] Vermögens- und Schuldenverwaltung","[942] Liegenschaften des Finanzvermögens","9","94","942","[4] Ertrag","[4] ERTRAG","[43] Entgelte","[435] Uebrige Verkaufserlöse","4","4","43","435","126.00"
"592","Schwanden b.B.","2006","[0] ALLGEMEINE VERWALTUNG","[01] Legislative und Exekutive","[011] Legislative","0","1","11","[4] Ertrag","[4] ERTRAG","[43] Entgelte","[436] Rückerstattungen","4","4","43","436","500.00"
"592","Schwanden b.B.","2006","[0] ALLGEMEINE VERWALTUNG","[02] Allgemeine Verwaltung","[029] Allgemeine Verwaltung","0","2","29","[4] Ertrag","[4] ERTRAG","[43] Entgelte","[436] Rückerstattungen","4","4","43","436","1780.45"
"592","Schwanden b.B.","2006","[0] ALLGEMEINE VERWALTUNG","[09] Nicht aufteilbare Aufgaben","[090] Verwaltungsliegenschaften","0","9","90","[4] Ertrag","[4] ERTRAG","[43] Entgelte","[436] Rückerstattungen","4","4","43","436","327.10"
"592","Schwanden b.B.","2006","[1] OEFFENTLICHE SICHERHEIT","[14] Wehrdienste","[140] Wehrdienste","1","14","140","[4] Ertrag","[4] ERTRAG","[43] Entgelte","[436] Rückerstattungen","4","4","43","436","1598.15"
"592","Schwanden b.B.","2006","[1] OEFFENTLICHE SICHERHEIT","[15] Militärische Landesverteidigung","[151] Militär","1","15","151","[4] Ertrag","[4] ERTRAG","[43] Entgelte","[436] Rückerstattungen","4","4","43","436","718.15"
"592","Schwanden b.B.","2006","[2] BILDUNG","[21] Volksschule","[214] Musikschulen","2","21","214","[4] Ertrag","[4] ERTRAG","[43] Entgelte","[436] Rückerstattungen","4","4","43","436","1872.95"
"592","Schwanden b.B.","2006","[2] BILDUNG","[21] Volksschule","[217] Schulliegenschaften (Ki.garten sofern nicht zuteilbar, Prim + Sek 1)","2","21","217","[4] Ertrag","[4] ERTRAG","[43] Entgelte","[436] Rückerstattungen","4","4","43","436","325.80"
"592","Schwanden b.B.","2006","[2] BILDUNG","[29] Uebriges Bildungswesen","[292] Erwachsenenbildung","2","29","292","[4] Ertrag","[4] ERTRAG","[43] Entgelte","[436] Rückerstattungen","4","4","43","436","38.30"
"592","Schwanden b.B.","2006","[5] SOZIALE WOHLFAHRT","[58] Sozialhilfe","[583] Asylwesen","5","58","583","[4] Ertrag","[4] ERTRAG","[43] Entgelte","[436] Rückerstattungen","4","4","43","436","2690.05"
"592","Schwanden b.B.","2006","[5] SOZIALE WOHLFAHRT","[58] Sozialhilfe","[588] Arbeitslosenfürsorge","5","58","588","[4] Ertrag","[4] ERTRAG","[43] Entgelte","[436] Rückerstattungen","4","4","43","436","1419.95"
"592","Schwanden b.B.","2006","[9] FINANZEN UND STEUERN","[94] Vermögens- und Schuldenverwaltung","[942] Liegenschaften des Finanzvermögens","9","94","942","[4] Ertrag","[4] ERTRAG","[43] Entgelte","[436] Rückerstattungen","4","4","43","436","1208.60"
"592","Schwanden b.B.","2006","[9] FINANZEN UND STEUERN","[94] Vermögens- und Schuldenverwaltung","[944] Burgergut","9","94","944","[4] Ertrag","[4] ERTRAG","[43] Entgelte","[436] Rückerstattungen","4","4","43","436","7477.40"
"592","Schwanden b.B.","2006","[3] KULTUR UND FREIZEIT","[30] Kulturförderung","[309] Uebrige Kulturförderung","3","30","309","[4] Ertrag","[4] ERTRAG","[43] Entgelte","[439] Uebrige Entgelte","4","4","43","439","10034.00"
"592","Schwanden b.B.","2006","[9] FINANZEN UND STEUERN","[93] Anteile an kantonalen Steuern und Abgaben","[930] Anteile an kantonalen Steuern und Abgaben","9","93","930","[4] Ertrag","[4] ERTRAG","[44] Anteile und Beiträge ohne Zweckbindungen","[441] Anteile an Kantonseinnahmen","4","4","44","441","530.20"
"592","Schwanden b.B.","2006","[5] SOZIALE WOHLFAHRT","[58] Sozialhilfe","[583] Asylwesen","5","58","583","[4] Ertrag","[4] ERTRAG","[45] Rückerstattungen von Gemeinwesen","[451] Kanton","4","4","45","451","2348.97"
"592","Schwanden b.B.","2006","[1] OEFFENTLICHE SICHERHEIT","[16] Zivile Landesverteidigung","[160] Zivilschutz","1","16","160","[4] Ertrag","[4] ERTRAG","[46] Beiträge","[461] Kanton","4","4","46","461","700.00"
"592","Schwanden b.B.","2006","[6] VERKEHR","[62] Gemeindestrassen","[620] Gemeindestrassennetz","6","62","620","[4] Ertrag","[4] ERTRAG","[46] Beiträge","[461] Kanton","4","4","46","461","47511.00"
"592","Schwanden b.B.","2006","[2] BILDUNG","[20] Kindergarten","[200] Kindergarten","2","20","200","[4] Ertrag","[4] ERTRAG","[46] Beiträge","[469] Uebrige Beiträge für eigene Rechnung","4","4","46","469","8384.50"
"592","Schwanden b.B.","2006","[1] OEFFENTLICHE SICHERHEIT","[14] Wehrdienste","[140] Wehrdienste","1","14","140","[4] Ertrag","[4] ERTRAG","[47] Durchlaufende Beiträge","[472] Gemeinden","4","4","47","472","21161.85"
"592","Schwanden b.B.","2006","[7] UMWELT UND RAUMORDNUNG","[75] Gewässerverbauungen","[750] Gewässerverbauungen","7","75","750","[4] Ertrag","[4] ERTRAG","[47] Durchlaufende Beiträge","[472] Gemeinden","4","4","47","472","53946.65"
"592","Schwanden b.B.","2006","[1] OEFFENTLICHE SICHERHEIT","[16] Zivile Landesverteidigung","[160] Zivilschutz","1","16","160","[4] Ertrag","[4] ERTRAG","[48] Entnahmen aus Spezialfinanzierungen","[480] Entnahmen aus Spezialfinanzierungen","4","4","48","480","11772.00"
"592","Schwanden b.B.","2006","[0] ALLGEMEINE VERWALTUNG","[01] Legislative und Exekutive","[012] Exekutive","0","1","12","[4] Ertrag","[4] ERTRAG","[49] Interne Verrechnungen","[490] Verrechneter Aufwand","4","4","49","490","900.00"
"592","Schwanden b.B.","2006","[6] VERKEHR","[62] Gemeindestrassen","[620] Gemeindestrassennetz","6","62","620","[4] Ertrag","[4] ERTRAG","[49] Interne Verrechnungen","[490] Verrechneter Aufwand","4","4","49","490","52200.00"
"592","Schwanden b.B.","2006","[3] KULTUR UND FREIZEIT","[34] Sport","[341] ...","3","34","341","[4] Ertrag","[4] ERTRAG","[49] Interne Verrechnungen","[491] Verrechnete Zinsen","4","4","49","491","22.50"
"592","Schwanden b.B.","2006","[3] KULTUR UND FREIZEIT","[34] Sport","[342] ...","3","34","342","[4] Ertrag","[4] ERTRAG","[49] Interne Verrechnungen","[491] Verrechnete Zinsen","4","4","49","491","327.25"
"592","Schwanden b.B.","2006","[7] UMWELT UND RAUMORDNUNG","[70] Wasserversorgung","[700] Wasserversorgung","7","70","700","[4] Ertrag","[4] ERTRAG","[49] Interne Verrechnungen","[491] Verrechnete Zinsen","4","4","49","491","8862.10"
"592","Schwanden b.B.","2006","[9] FINANZEN UND STEUERN","[94] Vermögens- und Schuldenverwaltung","[944] Burgergut","9","94","944","[4] Ertrag","[4] ERTRAG","[49] Interne Verrechnungen","[491] Verrechnete Zinsen","4","4","49","491","21569.40"
"592","Schwanden b.B.","2006","[3] KULTUR UND FREIZEIT","[33] Parkanlagen und Wanderwege","[330] Parkanlagen und Wanderwege","3","33","330","[5] Ausgaben","[5] Ausgaben","[50] Sachgüter","[500] Grundstücke","5","5","50","500","5000.00"
"592","Schwanden b.B.","2006","[8] VOLKSWIRTSCHAFT","[81] Forstwirtschaft","[811] Kulturen, Pflegemassnahmen","8","81","811","[5] Ausgaben","[5] Ausgaben","[50] Sachgüter","[505] Waldungen","5","5","50","505","10617.35"
"592","Schwanden b.B.","2006","[8] VOLKSWIRTSCHAFT","[81] Forstwirtschaft","[811] Kulturen, Pflegemassnahmen","8","81","811","[5] Ausgaben","[5] Ausgaben","[58] Uebrige zu aktivierende Ausgaben","[589] Uebrige Investitionsausgaben","5","5","58","589","28041.00"
"592","Schwanden b.B.","2006","[7] UMWELT UND RAUMORDNUNG","[70] Wasserversorgung","[700] Wasserversorgung","7","70","700","[6] Einnahmen","[6] Einnahmen","[61] Nutzungsabgaben und Vorteilsentgelte","[610] Beiträge Dritter für eigene Rechnung","6","6","61","610","7956.30"
"592","Schwanden b.B.","2006","[2] BILDUNG","[20] Kindergarten","[200] Kindergarten","2","20","200","[6] Einnahmen","[6] Einnahmen","[66] Beiträge für eigene Rechnung","[662] Gemeinden","6","6","66","662","8384.50"
"592","Schwanden b.B.","2006","[9] FINANZEN UND STEUERN","[99] Nicht aufgeteilte Posten","[999] Abschluss","9","99","999","[6] Einnahmen","[6] Einnahmen","[69] Aktivierungen","[690] Aktivierte Ausgaben","6","6","69","690","197580.20"
"592","Schwanden b.B.","2007","","","","","","","[1] Aktiven","[10] Finanzvermögen","[100] Flüssige Mittel","[1000] Kasse","1","10","100","1000","1517.80"
"592","Schwanden b.B.","2007","","","","","","","[1] Aktiven","[10] Finanzvermögen","[101] Guthaben","[1010] Vorschüsse","1","10","101","1010","200.00"
"592","Schwanden b.B.","2007","","","","","","","[1] Aktiven","[10] Finanzvermögen","[101] Guthaben","[1012] Steuerguthaben","1","10","101","1012","410327.35"
"592","Schwanden b.B.","2007","","","","","","","[1] Aktiven","[10] Finanzvermögen","[101] Guthaben","[1013] Rückerstattungen von Gemeinwesen","1","10","101","1013","145705.15"
"592","Schwanden b.B.","2007","","","","","","","[1] Aktiven","[10] Finanzvermögen","[101] Guthaben","[1015] Andere Debitoren","1","10","101","1015","224534.40"
"592","Schwanden b.B.","2007","","","","","","","[1] Aktiven","[10] Finanzvermögen","[102] Anlagen","[1020] Festverzinsliche Wertpapiere","1","10","102","1020","1190923.60"
"592","Schwanden b.B.","2007","","","","","","","[1] Aktiven","[10] Finanzvermögen","[102] Anlagen","[1025] Vorräte","1","10","102","1025","3704.15"
"592","Schwanden b.B.","2007","","","","","","","[1] Aktiven","[11] Verwaltungsvermögen","[114] Sachgüter","[1141] Tiefbauten","1","11","114","1141","179214.74"
"592","Schwanden b.B.","2007","","","","","","","[1] Aktiven","[11] Verwaltungsvermögen","[115] Darlehen und Beteiligungen","[1154] Gemischtwirtschaftliche Unternehmungen","1","11","115","1154","4.00"
"592","Schwanden b.B.","2007","","","","","","","[1] Aktiven","[11] Verwaltungsvermögen","[117] Uebrige aktiverte Ausgaben","[1171] Raumplanung","1","11","117","1171","46641.70"
"592","Schwanden b.B.","2007","","","","","","","[2] Passiven","[20] Fremdkapital","[200] Laufende Verpflichtungen","[2005] Durchlaufende Beiträge","2","20","200","2005","5456.65"
"592","Schwanden b.B.","2006","[5] SOZIALE WOHLFAHRT","[58] Sozialhilfe","[582] Weitere Wohlfahrts-, Vor- + Fürsorgeeinrichtungen","5","58","582","[3] Aufwand","[3] AUFWAND","[36] Eigene Beiträge","[365] Private Institutionen","3","3","36","365","385.70"
"592","Schwanden b.B.","2006","[8] VOLKSWIRTSCHAFT","[80] Landwirtschaft","[800] Landwirtschaft","8","80","800","[3] Aufwand","[3] AUFWAND","[36] Eigene Beiträge","[365] Private Institutionen","3","3","36","365","100.00"
"592","Schwanden b.B.","2006","[8] VOLKSWIRTSCHAFT","[83] Tourismus","[830] Tourismus","8","83","830","[3] Aufwand","[3] AUFWAND","[36] Eigene Beiträge","[365] Private Institutionen","3","3","36","365","3000.00"
"592","Schwanden b.B.","2006","[9] FINANZEN UND STEUERN","[94] Vermögens- und Schuldenverwaltung","[944] Burgergut","9","94","944","[3] Aufwand","[3] AUFWAND","[36] Eigene Beiträge","[365] Private Institutionen","3","3","36","365","2952.35"
"592","Schwanden b.B.","2006","[5] SOZIALE WOHLFAHRT","[58] Sozialhilfe","[583] Asylwesen","5","58","583","[3] Aufwand","[3] AUFWAND","[36] Eigene Beiträge","[366] Private Haushalte","3","3","36","366","4219.40"
"592","Schwanden b.B.","2006","[1] OEFFENTLICHE SICHERHEIT","[14] Wehrdienste","[140] Wehrdienste","1","14","140","[3] Aufwand","[3] AUFWAND","[37] Durchlaufende Beiträge","[372] Gemeinden","3","3","37","372","21161.85"
"592","Schwanden b.B.","2006","[7] UMWELT UND RAUMORDNUNG","[75] Gewässerverbauungen","[750] Gewässerverbauungen","7","75","750","[3] Aufwand","[3] AUFWAND","[37] Durchlaufende Beiträge","[372] Gemeinden","3","3","37","372","53946.65"
"592","Schwanden b.B.","2006","[3] KULTUR UND FREIZEIT","[34] Sport","[342] ...","3","34","342","[3] Aufwand","[3] AUFWAND","[38] Einlagen in Spezialfinanzierungen","[380] Einlagen in Spezialfinanzierungen","3","3","38","380","18128.90"
"592","Schwanden b.B.","2006","[7] UMWELT UND RAUMORDNUNG","[72] Abfallentsorgung","[720] Abfallentsorgung","7","72","720","[3] Aufwand","[3] AUFWAND","[38] Einlagen in Spezialfinanzierungen","[380] Einlagen in Spezialfinanzierungen","3","3","38","380","1650.70"
"592","Schwanden b.B.","2006","[0] ALLGEMEINE VERWALTUNG","[09] Nicht aufteilbare Aufgaben","[090] Verwaltungsliegenschaften","0","9","90","[3] Aufwand","[3] AUFWAND","[39] Interne Verrechnungen","[390] Verrechneter Aufwand","3","3","39","390","5000.00"
"592","Schwanden b.B.","2006","[2] BILDUNG","[21] Volksschule","[217] Schulliegenschaften (Ki.garten sofern nicht zuteilbar, Prim + Sek 1)","2","21","217","[3] Aufwand","[3] AUFWAND","[39] Interne Verrechnungen","[390] Verrechneter Aufwand","3","3","39","390","21600.00"
"592","Schwanden b.B.","2006","[7] UMWELT UND RAUMORDNUNG","[72] Abfallentsorgung","[720] Abfallentsorgung","7","72","720","[3] Aufwand","[3] AUFWAND","[39] Interne Verrechnungen","[390] Verrechneter Aufwand","3","3","39","390","21800.00"
"592","Schwanden b.B.","2006","[9] FINANZEN UND STEUERN","[94] Vermögens- und Schuldenverwaltung","[942] Liegenschaften des Finanzvermögens","9","94","942","[3] Aufwand","[3] AUFWAND","[39] Interne Verrechnungen","[390] Verrechneter Aufwand","3","3","39","390","2000.00"
"592","Schwanden b.B.","2006","[9] FINANZEN UND STEUERN","[94] Vermögens- und Schuldenverwaltung","[944] Burgergut","9","94","944","[3] Aufwand","[3] AUFWAND","[39] Interne Verrechnungen","[390] Verrechneter Aufwand","3","3","39","390","7000.00"
"592","Schwanden b.B.","2006","[7] UMWELT UND RAUMORDNUNG","[72] Abfallentsorgung","[720] Abfallentsorgung","7","72","720","[3] Aufwand","[3] AUFWAND","[39] Interne Verrechnungen","[392] Verrechnete Abschreibungen","3","3","39","392","1412.15"
"592","Schwanden b.B.","2006","[9] FINANZEN UND STEUERN","[90] Steuern","[900] Obligatorische periodische Steuern","9","90","900","[4] Ertrag","[4] ERTRAG","[40] Steuern","[400] Einkommens- und Vermögenssteuern","4","4","40","400","848529.15"
"592","Schwanden b.B.","2006","[9] FINANZEN UND STEUERN","[90] Steuern","[903] Steuerabschreibungen","9","90","903","[4] Ertrag","[4] ERTRAG","[40] Steuern","[400] Einkommens- und Vermögenssteuern","4","4","40","400","1084.60"
"592","Schwanden b.B.","2006","[3] KULTUR UND FREIZEIT","[34] Sport","[341] ...","3","34","341","[4] Ertrag","[4] ERTRAG","[40] Steuern","[406] Besitz- und Aufwandsteuern","4","4","40","406","6578.75"
"592","Schwanden b.B.","2006","[9] FINANZEN UND STEUERN","[90] Steuern","[904] Fakultative Steuern und Abgaben","9","90","904","[4] Ertrag","[4] ERTRAG","[40] Steuern","[406] Besitz- und Aufwandsteuern","4","4","40","406","1700.00"
"592","Schwanden b.B.","2006","[9] FINANZEN UND STEUERN","[94] Vermögens- und Schuldenverwaltung","[940] Zinsen","9","94","940","[4] Ertrag","[4] ERTRAG","[42] Vermögenserträge","[421] Flüssige Mittel und Guthaben","4","4","42","421","5015.05"
"592","Schwanden b.B.","2006","[9] FINANZEN UND STEUERN","[94] Vermögens- und Schuldenverwaltung","[940] Zinsen","9","94","940","[4] Ertrag","[4] ERTRAG","[42] Vermögenserträge","[422] Anlagen des Finanzvermögens","4","4","42","422","16186.00"
"592","Schwanden b.B.","2006","[9] FINANZEN UND STEUERN","[94] Vermögens- und Schuldenverwaltung","[944] Burgergut","9","94","944","[4] Ertrag","[4] ERTRAG","[42] Vermögenserträge","[423] Liegenschaften des Finanzvermögens","4","4","42","423","38176.95"
"592","Schwanden b.B.","2006","[3] KULTUR UND FREIZEIT","[30] Kulturförderung","[309] Uebrige Kulturförderung","3","30","309","[4] Ertrag","[4] ERTRAG","[42] Vermögenserträge","[428] Einnahmeüberschuss der Investitionsrechnung","4","4","42","428","819.90"
"592","Schwanden b.B.","2006","[7] UMWELT UND RAUMORDNUNG","[70] Wasserversorgung","[700] Wasserversorgung","7","70","700","[4] Ertrag","[4] ERTRAG","[42] Vermögenserträge","[428] Einnahmeüberschuss der Investitionsrechnung","4","4","42","428","7956.30"
"592","Schwanden b.B.","2006","[0] ALLGEMEINE VERWALTUNG","[09] Nicht aufteilbare Aufgaben","[091] ...","0","9","91","[4] Ertrag","[4] ERTRAG","[43] Entgelte","[434] Andere Benützungsgebühren und Dienstleistungen","4","4","43","434","3978.00"
"592","Schwanden b.B.","2006","[1] OEFFENTLICHE SICHERHEIT","[16] Zivile Landesverteidigung","[160] Zivilschutz","1","16","160","[4] Ertrag","[4] ERTRAG","[43] Entgelte","[434] Andere Benützungsgebühren und Dienstleistungen","4","4","43","434","1280.00"
"592","Schwanden b.B.","2006","[7] UMWELT UND RAUMORDNUNG","[72] Abfallentsorgung","[720] Abfallentsorgung","7","72","720","[4] Ertrag","[4] ERTRAG","[43] Entgelte","[434] Andere Benützungsgebühren und Dienstleistungen","4","4","43","434","66430.65"
"592","Schwanden b.B.","2006","[0] ALLGEMEINE VERWALTUNG","[02] Allgemeine Verwaltung","[029] Allgemeine Verwaltung","0","2","29","[4] Ertrag","[4] ERTRAG","[43] Entgelte","[435] Uebrige Verkaufserlöse","4","4","43","435","2149.10"
"592","Schwanden b.B.","2006","[7] UMWELT UND RAUMORDNUNG","[70] Wasserversorgung","[700] Wasserversorgung","7","70","700","[4] Ertrag","[4] ERTRAG","[43] Entgelte","[435] Uebrige Verkaufserlöse","4","4","43","435","79818.40"
"592","Schwanden b.B.","2006","[8] VOLKSWIRTSCHAFT","[81] Forstwirtschaft","[812] Holzernte","8","81","812","[4] Ertrag","[4] ERTRAG","[43] Entgelte","[435] Uebrige Verkaufserlöse","4","4","43","435","36502.80"
"592","Schwanden b.B.","2006","[0] ALLGEMEINE VERWALTUNG","[01] Legislative und Exekutive","[012] Exekutive","0","1","12","[4] Ertrag","[4] ERTRAG","[43] Entgelte","[436] Rückerstattungen","4","4","43","436","20.00"
"592","Schwanden b.B.","2006","[2] BILDUNG","[20] Kindergarten","[200] Kindergarten","2","20","200","[4] Ertrag","[4] ERTRAG","[43] Entgelte","[436] Rückerstattungen","4","4","43","436","17006.40"
"592","Schwanden b.B.","2006","[2] BILDUNG","[21] Volksschule","[219] Nicht Aufteilbares, Volksschule, Tagesschule","2","21","219","[4] Ertrag","[4] ERTRAG","[43] Entgelte","[436] Rückerstattungen","4","4","43","436","44766.60"
"592","Schwanden b.B.","2006","[6] VERKEHR","[62] Gemeindestrassen","[620] Gemeindestrassennetz","6","62","620","[4] Ertrag","[4] ERTRAG","[43] Entgelte","[436] Rückerstattungen","4","4","43","436","40.80"
"592","Schwanden b.B.","2006","[7] UMWELT UND RAUMORDNUNG","[72] Abfallentsorgung","[720] Abfallentsorgung","7","72","720","[4] Ertrag","[4] ERTRAG","[43] Entgelte","[436] Rückerstattungen","4","4","43","436","4603.25"
"592","Schwanden b.B.","2006","[8] VOLKSWIRTSCHAFT","[81] Forstwirtschaft","[810] Forstverwaltung","8","81","810","[4] Ertrag","[4] ERTRAG","[43] Entgelte","[436] Rückerstattungen","4","4","43","436","150.00"
"592","Schwanden b.B.","2006","[9] FINANZEN UND STEUERN","[92] Finanzausgleich","[920] Finanzausgleich","9","92","920","[4] Ertrag","[4] ERTRAG","[44] Anteile und Beiträge ohne Zweckbindungen","[444] Leistungen aus dem Finanzausgleich","4","4","44","444","168105.00"
"592","Schwanden b.B.","2006","[0] ALLGEMEINE VERWALTUNG","[02] Allgemeine Verwaltung","[029] Allgemeine Verwaltung","0","2","29","[4] Ertrag","[4] ERTRAG","[45] Rückerstattungen von Gemeinwesen","[451] Kanton","4","4","45","451","1686.00"
"592","Schwanden b.B.","2006","[1] OEFFENTLICHE SICHERHEIT","[10] Rechtsaufsicht","[101] Uebrige Rechtspflege","1","10","101","[4] Ertrag","[4] ERTRAG","[45] Rückerstattungen von Gemeinwesen","[451] Kanton","4","4","45","451","807.05"
"592","Schwanden b.B.","2006","[5] SOZIALE WOHLFAHRT","[58] Sozialhilfe","[587] Lastenausgleich","5","58","587","[4] Ertrag","[4] ERTRAG","[45] Rückerstattungen von Gemeinwesen","[451] Kanton","4","4","45","451","4765.30"
"592","Schwanden b.B.","2006","[8] VOLKSWIRTSCHAFT","[80] Landwirtschaft","[800] Landwirtschaft","8","80","800","[4] Ertrag","[4] ERTRAG","[46] Beiträge","[460] Bund","4","4","46","460","42.00"
"592","Schwanden b.B.","2006","[8] VOLKSWIRTSCHAFT","[81] Forstwirtschaft","[812] Holzernte","8","81","812","[4] Ertrag","[4] ERTRAG","[46] Beiträge","[461] Kanton","4","4","46","461","28974.10"
"592","Schwanden b.B.","2006","[3] KULTUR UND FREIZEIT","[34] Sport","[342] ...","3","34","342","[4] Ertrag","[4] ERTRAG","[46] Beiträge","[469] Uebrige Beiträge für eigene Rechnung","4","4","46","469","18778.90"
"592","Schwanden b.B.","2006","[1] OEFFENTLICHE SICHERHEIT","[14] Wehrdienste","[140] Wehrdienste","1","14","140","[4] Ertrag","[4] ERTRAG","[48] Entnahmen aus Spezialfinanzierungen","[480] Entnahmen aus Spezialfinanzierungen","4","4","48","480","975.70"
"592","Schwanden b.B.","2006","[3] KULTUR UND FREIZEIT","[34] Sport","[342] ...","3","34","342","[4] Ertrag","[4] ERTRAG","[48] Entnahmen aus Spezialfinanzierungen","[480] Entnahmen aus Spezialfinanzierungen","4","4","48","480","3206.80"
"592","Schwanden b.B.","2006","[0] ALLGEMEINE VERWALTUNG","[02] Allgemeine Verwaltung","[029] Allgemeine Verwaltung","0","2","29","[4] Ertrag","[4] ERTRAG","[49] Interne Verrechnungen","[490] Verrechneter Aufwand","4","4","49","490","22300.00"
"592","Schwanden b.B.","2006","[7] UMWELT UND RAUMORDNUNG","[71] Abwasserentsorgung","[710] Abwasserentsorgung","7","71","710","[4] Ertrag","[4] ERTRAG","[49] Interne Verrechnungen","[491] Verrechnete Zinsen","4","4","49","491","6798.00"
"592","Schwanden b.B.","2006","[9] FINANZEN UND STEUERN","[94] Vermögens- und Schuldenverwaltung","[940] Zinsen","9","94","940","[4] Ertrag","[4] ERTRAG","[49] Interne Verrechnungen","[491] Verrechnete Zinsen","4","4","49","491","116.00"
"592","Schwanden b.B.","2006","[9] FINANZEN UND STEUERN","[99] Nicht aufgeteilte Posten","[990] Abschreibungen","9","99","990","[4] Ertrag","[4] ERTRAG","[49] Interne Verrechnungen","[492] Verrechnete Abschreibungen","4","4","49","492","1976.90"
"592","Schwanden b.B.","2006","[1] OEFFENTLICHE SICHERHEIT","[10] Rechtsaufsicht","[100] Mass und Gewicht","1","10","100","[5] Ausgaben","[5] Ausgaben","[50] Sachgüter","[500] Grundstücke","5","5","50","500","24228.95"
"592","Schwanden b.B.","2006","[6] VERKEHR","[62] Gemeindestrassen","[620] Gemeindestrassennetz","6","62","620","[5] Ausgaben","[5] Ausgaben","[50] Sachgüter","[501] Tiefbauten","5","5","50","501","111878.45"
"592","Schwanden b.B.","2006","[7] UMWELT UND RAUMORDNUNG","[75] Gewässerverbauungen","[750] Gewässerverbauungen","7","75","750","[5] Ausgaben","[5] Ausgaben","[50] Sachgüter","[501] Tiefbauten","5","5","50","501","2950.20"
"592","Schwanden b.B.","2006","[0] ALLGEMEINE VERWALTUNG","[09] Nicht aufteilbare Aufgaben","[090] Verwaltungsliegenschaften","0","9","90","[5] Ausgaben","[5] Ausgaben","[50] Sachgüter","[503] Hochbauten","5","5","50","503","14864.25"
"592","Schwanden b.B.","2006","[9] FINANZEN UND STEUERN","[99] Nicht aufgeteilte Posten","[999] Abschluss","9","99","999","[5] Ausgaben","[5] Ausgaben","[59] Passivierungen","[590] Passivierte Einnahmen","5","5","59","590","51231.75"
"592","Schwanden b.B.","2006","[9] FINANZEN UND STEUERN","[99] Nicht aufgeteilte Posten","[999] Abschluss","9","99","999","[5] Ausgaben","[5] Ausgaben","[59] Passivierungen","[592] Uebertrag Einnahmenüberschuss in die Laufende Rechnung","5","5","59","592","20754.55"
"592","Schwanden b.B.","2006","[8] VOLKSWIRTSCHAFT","[81] Forstwirtschaft","[811] Kulturen, Pflegemassnahmen","8","81","811","[6] Einnahmen","[6] Einnahmen","[60] Abgang von Sachgütern","[605] Waldungen","6","6","60","605","28117.15"
"592","Schwanden b.B.","2006","[7] UMWELT UND RAUMORDNUNG","[71] Abwasserentsorgung","[710] Abwasserentsorgung","7","71","710","[6] Einnahmen","[6] Einnahmen","[61] Nutzungsabgaben und Vorteilsentgelte","[610] Beiträge Dritter für eigene Rechnung","6","6","61","610","11978.35"
"592","Schwanden b.B.","2006","[3] KULTUR UND FREIZEIT","[34] Sport","[340] Sport","3","34","340","[6] Einnahmen","[6] Einnahmen","[62] Rückzahlung von Darlehen und Beteiligungen","[625] Private Institutionen","6","6","62","625","5500.00"
"592","Schwanden b.B.","2006","[6] VERKEHR","[62] Gemeindestrassen","[620] Gemeindestrassennetz","6","62","620","[6] Einnahmen","[6] Einnahmen","[63] Rückerstattungen für Sachgüter","[631] Tiefbauten","6","6","63","631","8800.00"
"592","Schwanden b.B.","2006","[3] KULTUR UND FREIZEIT","[30] Kulturförderung","[309] Uebrige Kulturförderung","3","30","309","[6] Einnahmen","[6] Einnahmen","[66] Beiträge für eigene Rechnung","[663] Eigene Anstalten","6","6","66","663","1250.00"
"592","Schwanden b.B.","2007","","","","","","","[1] Aktiven","[10] Finanzvermögen","[100] Flüssige Mittel","[1001] Post","1","10","100","1001","46964.06"
"592","Schwanden b.B.","2007","","","","","","","[1] Aktiven","[10] Finanzvermögen","[100] Flüssige Mittel","[1002] Banken","1","10","100","1002","53063.90"
"592","Schwanden b.B.","2007","","","","","","","[1] Aktiven","[10] Finanzvermögen","[101] Guthaben","[1011] Kontokorrente","1","10","101","1011",".00"
"592","Schwanden b.B.","2007","","","","","","","[1] Aktiven","[10] Finanzvermögen","[102] Anlagen","[1023] Liegenschaften","1","10","102","1023","995698.00"
"592","Schwanden b.B.","2007","","","","","","","[1] Aktiven","[10] Finanzvermögen","[102] Anlagen","[1024] Mobilien, Maschinen, Fahrzeuge ","1","10","102","1024","724.70"
"592","Schwanden b.B.","2007","","","","","","","[1] Aktiven","[10] Finanzvermögen","[103] Transitorische Aktiven","[1030] Transitorische Aktiven","1","10","103","1030","66055.35"
"592","Schwanden b.B.","2007","","","","","","","[1] Aktiven","[11] Verwaltungsvermögen","[114] Sachgüter","[1143] Hochbauten","1","11","114","1143","409067.45"
"592","Schwanden b.B.","2007","","","","","","","[1] Aktiven","[11] Verwaltungsvermögen","[114] Sachgüter","[1145] Waldungen","1","11","114","1145","1.00"
"592","Schwanden b.B.","2007","","","","","","","[1] Aktiven","[11] Verwaltungsvermögen","[114] Sachgüter","[1146] Mobilien, Maschinen, Fahrzeuge ","1","11","114","1146","23616.70"
"592","Schwanden b.B.","2007","","","","","","","[1] Aktiven","[11] Verwaltungsvermögen","[115] Darlehen und Beteiligungen","[1152] Gemeinden","1","11","115","1152","30000.00"
"592","Schwanden b.B.","2007","","","","","","","[1] Aktiven","[11] Verwaltungsvermögen","[115] Darlehen und Beteiligungen","[1155] Private Institutionen","1","11","115","1155","33002.00"
"592","Schwanden b.B.","2007","","","","","","","[1] Aktiven","[11] Verwaltungsvermögen","[116] Investitionsbeiträge","[1162] Gemeinden","1","11","116","1162","51270.15"
"592","Schwanden b.B.","2007","","","","","","","[1] Aktiven","[11] Verwaltungsvermögen","[117] Uebrige aktiverte Ausgaben","[1179] Uebrige aktivierte Ausgaben","1","11","117","1179","40775.45"
"592","Schwanden b.B.","2007","","","","","","","[2] Passiven","[20] Fremdkapital","[200] Laufende Verpflichtungen","[2000] Kreditoren","2","20","200","2000","89451.40"
"592","Schwanden b.B.","2007","","","","","","","[2] Passiven","[20] Fremdkapital","[200] Laufende Verpflichtungen","[2001] Depotgelder","2","20","200","2001","450.00"
"592","Schwanden b.B.","2007","","","","","","","[2] Passiven","[20] Fremdkapital","[204] Rückstellungen","[2049] Wertberichtigung auf Guthaben","2","20","204","2049","102508.20"
"592","Schwanden b.B.","2007","","","","","","","[2] Passiven","[22] Spezialfinanzierungen","[228] Verpflichtungen für Spezialfinanzierungen","[2280] Spezialfinanzierungen gestützt auf übergeordnetes Recht","2","22","228","2280","1134146.01"
"592","Schwanden b.B.","2007","","","","","","","[2] Passiven","[23] Eigenkapital","[239] Eigenkapital","[2390] Eigenkapital","2","23","239","2390","654603.59"
"592","Schwanden b.B.","2007","[0] ALLGEMEINE VERWALTUNG","[01] Legislative und Exekutive","[011] Legislative","0","1","11","[3] Aufwand","[3] AUFWAND","[30] Personalaufwand","[300] Personalaufwand der Behörden und Kommissionen","3","3","30","300","6287.00"
"592","Schwanden b.B.","2007","[7] UMWELT UND RAUMORDNUNG","[71] Abwasserentsorgung","[710] Abwasserentsorgung","7","71","710","[3] Aufwand","[3] AUFWAND","[30] Personalaufwand","[300] Personalaufwand der Behörden und Kommissionen","3","3","30","300","269.00"
"592","Schwanden b.B.","2007","[7] UMWELT UND RAUMORDNUNG","[72] Abfallentsorgung","[720] Abfallentsorgung","7","72","720","[3] Aufwand","[3] AUFWAND","[30] Personalaufwand","[300] Personalaufwand der Behörden und Kommissionen","3","3","30","300","1000.00"
"592","Schwanden b.B.","2007","[8] VOLKSWIRTSCHAFT","[81] Forstwirtschaft","[810] Forstverwaltung","8","81","810","[3] Aufwand","[3] AUFWAND","[30] Personalaufwand","[300] Personalaufwand der Behörden und Kommissionen","3","3","30","300","264.00"
"592","Schwanden b.B.","2007","[3] KULTUR UND FREIZEIT","[34] Sport","[341] ...","3","34","341","[3] Aufwand","[3] AUFWAND","[30] Personalaufwand","[301] Löhne des Verwaltungs- + Betriebspersonals","3","3","30","301","1416.00"
"592","Schwanden b.B.","2007","[4] GESUNDHEIT","[47] Lebensmittelkontrolle","[470] Lebensmittelkontrolle","4","47","470","[3] Aufwand","[3] AUFWAND","[30] Personalaufwand","[301] Löhne des Verwaltungs- + Betriebspersonals","3","3","30","301","336.00"
"592","Schwanden b.B.","2007","[7] UMWELT UND RAUMORDNUNG","[70] Wasserversorgung","[700] Wasserversorgung","7","70","700","[3] Aufwand","[3] AUFWAND","[30] Personalaufwand","[301] Löhne des Verwaltungs- + Betriebspersonals","3","3","30","301","7973.70"
"592","Schwanden b.B.","2007","[0] ALLGEMEINE VERWALTUNG","[02] Allgemeine Verwaltung","[029] Allgemeine Verwaltung","0","2","29","[3] Aufwand","[3] AUFWAND","[30] Personalaufwand","[303] Sozialversicherungsbeiträge","3","3","30","303","9702.60"
"592","Schwanden b.B.","2007","[0] ALLGEMEINE VERWALTUNG","[09] Nicht aufteilbare Aufgaben","[090] Verwaltungsliegenschaften","0","9","90","[3] Aufwand","[3] AUFWAND","[30] Personalaufwand","[303] Sozialversicherungsbeiträge","3","3","30","303","267.40"
"592","Schwanden b.B.","2007","[2] BILDUNG","[21] Volksschule","[217] Schulliegenschaften (Ki.garten sofern nicht zuteilbar, Prim + Sek 1)","2","21","217","[3] Aufwand","[3] AUFWAND","[30] Personalaufwand","[303] Sozialversicherungsbeiträge","3","3","30","303","956.50"
"592","Schwanden b.B.","2007","","","","","","","[2] Passiven","[20] Fremdkapital","[202] Mittel- und langfristige Schulden","[2021] Schuldscheine","2","20","202","2021","166800.00"
"592","Schwanden b.B.","2007","","","","","","","[2] Passiven","[20] Fremdkapital","[203] Verpflichtungen für Sonderrechnungen","[2033] Verwaltete Stiftungen","2","20","203","2033","5235.10"
"592","Schwanden b.B.","2007","","","","","","","[2] Passiven","[20] Fremdkapital","[205] Transitorische Passiven","[2050] Transitorische Passiven","2","20","205","2050","1521.40"
"592","Schwanden b.B.","2007","","","","","","","[2] Passiven","[22] Spezialfinanzierungen","[228] Verpflichtungen für Spezialfinanzierungen","[2281] Spezialfinanzierungen gestützt auf Gemeindereglemente","2","22","228","2281","1792839.30"
"592","Schwanden b.B.","2007","[0] ALLGEMEINE VERWALTUNG","[01] Legislative und Exekutive","[012] Exekutive","0","1","12","[3] Aufwand","[3] AUFWAND","[30] Personalaufwand","[300] Personalaufwand der Behörden und Kommissionen","3","3","30","300","14068.00"
"592","Schwanden b.B.","2007","[3] KULTUR UND FREIZEIT","[30] Kulturförderung","[309] Uebrige Kulturförderung","3","30","309","[3] Aufwand","[3] AUFWAND","[30] Personalaufwand","[300] Personalaufwand der Behörden und Kommissionen","3","3","30","300","792.00"
"592","Schwanden b.B.","2007","[7] UMWELT UND RAUMORDNUNG","[70] Wasserversorgung","[700] Wasserversorgung","7","70","700","[3] Aufwand","[3] AUFWAND","[30] Personalaufwand","[300] Personalaufwand der Behörden und Kommissionen","3","3","30","300","96.00"
"592","Schwanden b.B.","2007","[9] FINANZEN UND STEUERN","[94] Vermögens- und Schuldenverwaltung","[944] Burgergut","9","94","944","[3] Aufwand","[3] AUFWAND","[30] Personalaufwand","[300] Personalaufwand der Behörden und Kommissionen","3","3","30","300","648.00"
"592","Schwanden b.B.","2007","[0] ALLGEMEINE VERWALTUNG","[02] Allgemeine Verwaltung","[029] Allgemeine Verwaltung","0","2","29","[3] Aufwand","[3] AUFWAND","[30] Personalaufwand","[301] Löhne des Verwaltungs- + Betriebspersonals","3","3","30","301","176144.15"
"592","Schwanden b.B.","2007","[0] ALLGEMEINE VERWALTUNG","[09] Nicht aufteilbare Aufgaben","[090] Verwaltungsliegenschaften","0","9","90","[3] Aufwand","[3] AUFWAND","[30] Personalaufwand","[301] Löhne des Verwaltungs- + Betriebspersonals","3","3","30","301","4250.40"
"592","Schwanden b.B.","2007","[2] BILDUNG","[21] Volksschule","[217] Schulliegenschaften (Ki.garten sofern nicht zuteilbar, Prim + Sek 1)","2","21","217","[3] Aufwand","[3] AUFWAND","[30] Personalaufwand","[301] Löhne des Verwaltungs- + Betriebspersonals","3","3","30","301","15185.60"
"592","Schwanden b.B.","2007","[6] VERKEHR","[62] Gemeindestrassen","[620] Gemeindestrassennetz","6","62","620","[3] Aufwand","[3] AUFWAND","[30] Personalaufwand","[301] Löhne des Verwaltungs- + Betriebspersonals","3","3","30","301","87466.35"
"592","Schwanden b.B.","2007","[0] ALLGEMEINE VERWALTUNG","[01] Legislative und Exekutive","[012] Exekutive","0","1","12","[3] Aufwand","[3] AUFWAND","[30] Personalaufwand","[303] Sozialversicherungsbeiträge","3","3","30","303","316.25"
"592","Schwanden b.B.","2007","[1] OEFFENTLICHE SICHERHEIT","[10] Rechtsaufsicht","[101] Uebrige Rechtspflege","1","10","101","[3] Aufwand","[3] AUFWAND","[30] Personalaufwand","[303] Sozialversicherungsbeiträge","3","3","30","303","68.40"
"592","Schwanden b.B.","2007","[4] GESUNDHEIT","[47] Lebensmittelkontrolle","[470] Lebensmittelkontrolle","4","47","470","[3] Aufwand","[3] AUFWAND","[30] Personalaufwand","[303] Sozialversicherungsbeiträge","3","3","30","303","21.15"
"592","Schwanden b.B.","2007","[6] VERKEHR","[62] Gemeindestrassen","[620] Gemeindestrassennetz","6","62","620","[3] Aufwand","[3] AUFWAND","[30] Personalaufwand","[303] Sozialversicherungsbeiträge","3","3","30","303","4841.05"
"592","Schwanden b.B.","2007","[0] ALLGEMEINE VERWALTUNG","[02] Allgemeine Verwaltung","[029] Allgemeine Verwaltung","0","2","29","[3] Aufwand","[3] AUFWAND","[30] Personalaufwand","[304] Personalversicherungsbeiträge","3","3","30","304","15703.20"
"592","Schwanden b.B.","2007","[2] BILDUNG","[21] Volksschule","[217] Schulliegenschaften (Ki.garten sofern nicht zuteilbar, Prim + Sek 1)","2","21","217","[3] Aufwand","[3] AUFWAND","[30] Personalaufwand","[304] Personalversicherungsbeiträge","3","3","30","304","977.50"
"592","Schwanden b.B.","2007","[6] VERKEHR","[62] Gemeindestrassen","[620] Gemeindestrassennetz","6","62","620","[3] Aufwand","[3] AUFWAND","[30] Personalaufwand","[304] Personalversicherungsbeiträge","3","3","30","304","5370.00"
"592","Schwanden b.B.","2007","[0] ALLGEMEINE VERWALTUNG","[02] Allgemeine Verwaltung","[029] Allgemeine Verwaltung","0","2","29","[3] Aufwand","[3] AUFWAND","[30] Personalaufwand","[309] Uebriger Personalaufwand","3","3","30","309","4102.00"
"592","Schwanden b.B.","2007","[3] KULTUR UND FREIZEIT","[34] Sport","[342] ...","3","34","342","[3] Aufwand","[3] AUFWAND","[31] Sachaufwand","[310] Büro- und Schulmaterialien, Drucksachen","3","3","31","310","94.80"
"592","Schwanden b.B.","2007","[7] UMWELT UND RAUMORDNUNG","[70] Wasserversorgung","[700] Wasserversorgung","7","70","700","[3] Aufwand","[3] AUFWAND","[31] Sachaufwand","[310] Büro- und Schulmaterialien, Drucksachen","3","3","31","310","110.85"
"592","Schwanden b.B.","2007","[0] ALLGEMEINE VERWALTUNG","[02] Allgemeine Verwaltung","[029] Allgemeine Verwaltung","0","2","29","[3] Aufwand","[3] AUFWAND","[31] Sachaufwand","[311] Anschaffung Mobilien, Maschinen, Fahrzeuge","3","3","31","311","4936.70"
"592","Schwanden b.B.","2007","[0] ALLGEMEINE VERWALTUNG","[09] Nicht aufteilbare Aufgaben","[090] Verwaltungsliegenschaften","0","9","90","[3] Aufwand","[3] AUFWAND","[31] Sachaufwand","[311] Anschaffung Mobilien, Maschinen, Fahrzeuge","3","3","31","311","799.55"
"592","Schwanden b.B.","2007","[1] OEFFENTLICHE SICHERHEIT","[14] Wehrdienste","[140] Wehrdienste","1","14","140","[3] Aufwand","[3] AUFWAND","[31] Sachaufwand","[311] Anschaffung Mobilien, Maschinen, Fahrzeuge","3","3","31","311","1238.00"
"592","Schwanden b.B.","2007","[2] BILDUNG","[21] Volksschule","[217] Schulliegenschaften (Ki.garten sofern nicht zuteilbar, Prim + Sek 1)","2","21","217","[3] Aufwand","[3] AUFWAND","[31] Sachaufwand","[311] Anschaffung Mobilien, Maschinen, Fahrzeuge","3","3","31","311","973.80"
"592","Schwanden b.B.","2007","[3] KULTUR UND FREIZEIT","[34] Sport","[341] ...","3","34","341","[3] Aufwand","[3] AUFWAND","[31] Sachaufwand","[311] Anschaffung Mobilien, Maschinen, Fahrzeuge","3","3","31","311","400.00"
"592","Schwanden b.B.","2007","[3] KULTUR UND FREIZEIT","[33] Parkanlagen und Wanderwege","[330] Parkanlagen und Wanderwege","3","33","330","[3] Aufwand","[3] AUFWAND","[31] Sachaufwand","[312] Wasser, Energie, Heizmaterialien","3","3","31","312","2772.50"
"592","Schwanden b.B.","2007","[9] FINANZEN UND STEUERN","[94] Vermögens- und Schuldenverwaltung","[942] Liegenschaften des Finanzvermögens","9","94","942","[3] Aufwand","[3] AUFWAND","[31] Sachaufwand","[312] Wasser, Energie, Heizmaterialien","3","3","31","312","2162.25"
"592","Schwanden b.B.","2007","[0] ALLGEMEINE VERWALTUNG","[02] Allgemeine Verwaltung","[029] Allgemeine Verwaltung","0","2","29","[3] Aufwand","[3] AUFWAND","[31] Sachaufwand","[313] Verbrauchsmaterialien","3","3","31","313","3223.75"
"592","Schwanden b.B.","2007","[0] ALLGEMEINE VERWALTUNG","[09] Nicht aufteilbare Aufgaben","[090] Verwaltungsliegenschaften","0","9","90","[3] Aufwand","[3] AUFWAND","[31] Sachaufwand","[313] Verbrauchsmaterialien","3","3","31","313","456.05"
"592","Schwanden b.B.","2007","[2] BILDUNG","[21] Volksschule","[217] Schulliegenschaften (Ki.garten sofern nicht zuteilbar, Prim + Sek 1)","2","21","217","[3] Aufwand","[3] AUFWAND","[31] Sachaufwand","[313] Verbrauchsmaterialien","3","3","31","313","2808.10"
"592","Schwanden b.B.","2007","[6] VERKEHR","[62] Gemeindestrassen","[620] Gemeindestrassennetz","6","62","620","[3] Aufwand","[3] AUFWAND","[31] Sachaufwand","[313] Verbrauchsmaterialien","3","3","31","313","4950.00"
"592","Schwanden b.B.","2007","[0] ALLGEMEINE VERWALTUNG","[09] Nicht aufteilbare Aufgaben","[090] Verwaltungsliegenschaften","0","9","90","[3] Aufwand","[3] AUFWAND","[31] Sachaufwand","[314] Dienstleistungen Dritter für den baulichen Unterhalt","3","3","31","314","7940.15"
"592","Schwanden b.B.","2007","[1] OEFFENTLICHE SICHERHEIT","[10] Rechtsaufsicht","[100] Mass und Gewicht","1","10","100","[3] Aufwand","[3] AUFWAND","[31] Sachaufwand","[314] Dienstleistungen Dritter für den baulichen Unterhalt","3","3","31","314","4967.30"
"592","Schwanden b.B.","2007","[2] BILDUNG","[21] Volksschule","[217] Schulliegenschaften (Ki.garten sofern nicht zuteilbar, Prim + Sek 1)","2","21","217","[3] Aufwand","[3] AUFWAND","[31] Sachaufwand","[314] Dienstleistungen Dritter für den baulichen Unterhalt","3","3","31","314","13436.00"
"592","Schwanden b.B.","2007","[3] KULTUR UND FREIZEIT","[33] Parkanlagen und Wanderwege","[330] Parkanlagen und Wanderwege","3","33","330","[3] Aufwand","[3] AUFWAND","[31] Sachaufwand","[314] Dienstleistungen Dritter für den baulichen Unterhalt","3","3","31","314","1528.30"
"592","Schwanden b.B.","2007","[3] KULTUR UND FREIZEIT","[34] Sport","[341] ...","3","34","341","[3] Aufwand","[3] AUFWAND","[31] Sachaufwand","[314] Dienstleistungen Dritter für den baulichen Unterhalt","3","3","31","314","2007.75"
"592","Schwanden b.B.","2007","[9] FINANZEN UND STEUERN","[94] Vermögens- und Schuldenverwaltung","[942] Liegenschaften des Finanzvermögens","9","94","942","[3] Aufwand","[3] AUFWAND","[31] Sachaufwand","[314] Dienstleistungen Dritter für den baulichen Unterhalt","3","3","31","314","17476.50"
"592","Schwanden b.B.","2007","[8] VOLKSWIRTSCHAFT","[81] Forstwirtschaft","[812] Holzernte","8","81","812","[3] Aufwand","[3] AUFWAND","[31] Sachaufwand","[315] Dienstleistungen Dritter für den übrigen Unterhalt","3","3","31","315","2017.50"
"592","Schwanden b.B.","2007","[9] FINANZEN UND STEUERN","[94] Vermögens- und Schuldenverwaltung","[944] Burgergut","9","94","944","[3] Aufwand","[3] AUFWAND","[31] Sachaufwand","[315] Dienstleistungen Dritter für den übrigen Unterhalt","3","3","31","315","5607.15"
"592","Schwanden b.B.","2007","[0] ALLGEMEINE VERWALTUNG","[09] Nicht aufteilbare Aufgaben","[090] Verwaltungsliegenschaften","0","9","90","[3] Aufwand","[3] AUFWAND","[31] Sachaufwand","[316] Mieten, Pachten, Benützungskosten","3","3","31","316","2834.15"
"592","Schwanden b.B.","2007","[6] VERKEHR","[62] Gemeindestrassen","[620] Gemeindestrassennetz","6","62","620","[3] Aufwand","[3] AUFWAND","[31] Sachaufwand","[316] Mieten, Pachten, Benützungskosten","3","3","31","316","50.00"
"592","Schwanden b.B.","2007","[0] ALLGEMEINE VERWALTUNG","[01] Legislative und Exekutive","[012] Exekutive","0","1","12","[3] Aufwand","[3] AUFWAND","[31] Sachaufwand","[317] Spesenentschädigungen","3","3","31","317","15040.65"
"592","Schwanden b.B.","2007","[3] KULTUR UND FREIZEIT","[34] Sport","[341] ...","3","34","341","[3] Aufwand","[3] AUFWAND","[31] Sachaufwand","[317] Spesenentschädigungen","3","3","31","317","104.80"
"592","Schwanden b.B.","2007","[4] GESUNDHEIT","[47] Lebensmittelkontrolle","[470] Lebensmittelkontrolle","4","47","470","[3] Aufwand","[3] AUFWAND","[31] Sachaufwand","[317] Spesenentschädigungen","3","3","31","317","85.20"
"592","Schwanden b.B.","2007","[9] FINANZEN UND STEUERN","[94] Vermögens- und Schuldenverwaltung","[944] Burgergut","9","94","944","[3] Aufwand","[3] AUFWAND","[31] Sachaufwand","[317] Spesenentschädigungen","3","3","31","317","58.00"
"592","Schwanden b.B.","2007","[0] ALLGEMEINE VERWALTUNG","[01] Legislative und Exekutive","[011] Legislative","0","1","11","[3] Aufwand","[3] AUFWAND","[31] Sachaufwand","[318] Dienstleistungen und Honorare, allg. Verwaltungsaufwand","3","3","31","318","2065.05"
"592","Schwanden b.B.","2007","[1] OEFFENTLICHE SICHERHEIT","[10] Rechtsaufsicht","[101] Uebrige Rechtspflege","1","10","101","[3] Aufwand","[3] AUFWAND","[31] Sachaufwand","[318] Dienstleistungen und Honorare, allg. Verwaltungsaufwand","3","3","31","318","10569.55"
"592","Schwanden b.B.","2007","[1] OEFFENTLICHE SICHERHEIT","[15] Militärische Landesverteidigung","[151] Militär","1","15","151","[3] Aufwand","[3] AUFWAND","[31] Sachaufwand","[318] Dienstleistungen und Honorare, allg. Verwaltungsaufwand","3","3","31","318","709.30"
"592","Schwanden b.B.","2007","[1] OEFFENTLICHE SICHERHEIT","[16] Zivile Landesverteidigung","[160] Zivilschutz","1","16","160","[3] Aufwand","[3] AUFWAND","[31] Sachaufwand","[318] Dienstleistungen und Honorare, allg. Verwaltungsaufwand","3","3","31","318","144.30"
"592","Schwanden b.B.","2007","[4] GESUNDHEIT","[46] Schulgesundheitsdienst","[461] Schulzahnärztliche Pflege","4","46","461","[3] Aufwand","[3] AUFWAND","[31] Sachaufwand","[318] Dienstleistungen und Honorare, allg. Verwaltungsaufwand","3","3","31","318","1202.25"
"592","Schwanden b.B.","2007","[4] GESUNDHEIT","[47] Lebensmittelkontrolle","[470] Lebensmittelkontrolle","4","47","470","[3] Aufwand","[3] AUFWAND","[31] Sachaufwand","[318] Dienstleistungen und Honorare, allg. Verwaltungsaufwand","3","3","31","318","40.00"
"592","Schwanden b.B.","2007","[6] VERKEHR","[62] Gemeindestrassen","[620] Gemeindestrassennetz","6","62","620","[3] Aufwand","[3] AUFWAND","[31] Sachaufwand","[318] Dienstleistungen und Honorare, allg. Verwaltungsaufwand","3","3","31","318","6234.00"
"592","Schwanden b.B.","2007","[7] UMWELT UND RAUMORDNUNG","[70] Wasserversorgung","[700] Wasserversorgung","7","70","700","[3] Aufwand","[3] AUFWAND","[31] Sachaufwand","[318] Dienstleistungen und Honorare, allg. Verwaltungsaufwand","3","3","31","318","751.55"
"592","Schwanden b.B.","2007","[7] UMWELT UND RAUMORDNUNG","[71] Abwasserentsorgung","[710] Abwasserentsorgung","7","71","710","[3] Aufwand","[3] AUFWAND","[31] Sachaufwand","[318] Dienstleistungen und Honorare, allg. Verwaltungsaufwand","3","3","31","318","810.90"
"592","Schwanden b.B.","2007","[9] FINANZEN UND STEUERN","[94] Vermögens- und Schuldenverwaltung","[944] Burgergut","9","94","944","[3] Aufwand","[3] AUFWAND","[31] Sachaufwand","[318] Dienstleistungen und Honorare, allg. Verwaltungsaufwand","3","3","31","318","10069.80"
"592","Schwanden b.B.","2007","[3] KULTUR UND FREIZEIT","[30] Kulturförderung","[309] Uebrige Kulturförderung","3","30","309","[3] Aufwand","[3] AUFWAND","[31] Sachaufwand","[319] Uebriger Sachaufwand","3","3","31","319","12758.25"
"592","Schwanden b.B.","2007","[9] FINANZEN UND STEUERN","[94] Vermögens- und Schuldenverwaltung","[940] Zinsen","9","94","940","[3] Aufwand","[3] AUFWAND","[32] Passivzinsen","[321] Kurzfristige Schulden","3","3","32","321","2413.75"
"592","Schwanden b.B.","2007","[9] FINANZEN UND STEUERN","[94] Vermögens- und Schuldenverwaltung","[940] Zinsen","9","94","940","[3] Aufwand","[3] AUFWAND","[32] Passivzinsen","[323] Sonderrechnungen","3","3","32","323","102.65"
"592","Schwanden b.B.","2007","[8] VOLKSWIRTSCHAFT","[81] Forstwirtschaft","[812] Holzernte","8","81","812","[3] Aufwand","[3] AUFWAND","[32] Passivzinsen","[329] Uebrige Passivzinsen","3","3","32","329","541.55"
"592","Schwanden b.B.","2007","[1] OEFFENTLICHE SICHERHEIT","[14] Wehrdienste","[140] Wehrdienste","1","14","140","[3] Aufwand","[3] AUFWAND","[33] Abschreibungen","[330] Finanzvermögen","3","3","33","330","304.65"
"592","Schwanden b.B.","2007","[9] FINANZEN UND STEUERN","[90] Steuern","[903] Steuerabschreibungen","9","90","903","[3] Aufwand","[3] AUFWAND","[33] Abschreibungen","[330] Finanzvermögen","3","3","33","330","-4565.65"
"592","Schwanden b.B.","2007","[9] FINANZEN UND STEUERN","[99] Nicht aufgeteilte Posten","[990] Abschreibungen","9","99","990","[3] Aufwand","[3] AUFWAND","[33] Abschreibungen","[330] Finanzvermögen","3","3","33","330","2748.90"
"592","Schwanden b.B.","2007","[9] FINANZEN UND STEUERN","[99] Nicht aufgeteilte Posten","[990] Abschreibungen","9","99","990","[3] Aufwand","[3] AUFWAND","[33] Abschreibungen","[331] Verwaltungsvermögen - harmonisierte Abschreibungen","3","3","33","331","90489.10"
"592","Schwanden b.B.","2007","[2] BILDUNG","[20] Kindergarten","[200] Kindergarten","2","20","200","[3] Aufwand","[3] AUFWAND","[35] Entschädigungen an Gemeinwesen","[351] Kanton","3","3","35","351","14709.70"
"592","Schwanden b.B.","2007","[8] VOLKSWIRTSCHAFT","[81] Forstwirtschaft","[811] Kulturen, Pflegemassnahmen","8","81","811","[3] Aufwand","[3] AUFWAND","[35] Entschädigungen an Gemeinwesen","[351] Kanton","3","3","35","351","6872.40"
"592","Schwanden b.B.","2007","[1] OEFFENTLICHE SICHERHEIT","[10] Rechtsaufsicht","[101] Uebrige Rechtspflege","1","10","101","[3] Aufwand","[3] AUFWAND","[35] Entschädigungen an Gemeinwesen","[352] Gemeinden","3","3","35","352","1872.20"
"592","Schwanden b.B.","2007","[2] BILDUNG","[21] Volksschule","[219] Nicht Aufteilbares, Volksschule, Tagesschule","2","21","219","[3] Aufwand","[3] AUFWAND","[35] Entschädigungen an Gemeinwesen","[352] Gemeinden","3","3","35","352","136768.55"
"592","Schwanden b.B.","2007","[4] GESUNDHEIT","[44] Ambulante Krankenpflege","[440] Spitex/Krankenpflege","4","44","440","[3] Aufwand","[3] AUFWAND","[35] Entschädigungen an Gemeinwesen","[352] Gemeinden","3","3","35","352","500.00"
"592","Schwanden b.B.","2007","[5] SOZIALE WOHLFAHRT","[50] Altersversicherung","[500] AHV-Zweigstelle","5","50","500","[3] Aufwand","[3] AUFWAND","[35] Entschädigungen an Gemeinwesen","[352] Gemeinden","3","3","35","352","7856.10"
"592","Schwanden b.B.","2007","[7] UMWELT UND RAUMORDNUNG","[72] Abfallentsorgung","[720] Abfallentsorgung","7","72","720","[3] Aufwand","[3] AUFWAND","[35] Entschädigungen an Gemeinwesen","[352] Gemeinden","3","3","35","352","1917.75"
"592","Schwanden b.B.","2007","[5] SOZIALE WOHLFAHRT","[50] Altersversicherung","[501] Gemeindeanteil am Beitrag des Kantons für die AHV","5","50","501","[3] Aufwand","[3] AUFWAND","[36] Eigene Beiträge","[361] Kanton","3","3","36","361","37249.00"
"592","Schwanden b.B.","2007","[5] SOZIALE WOHLFAHRT","[53] Sonstige Sozialversicherungen","[530] Ergänzungsleistungen der AHV, IV","5","53","530","[3] Aufwand","[3] AUFWAND","[36] Eigene Beiträge","[361] Kanton","3","3","36","361","89232.00"
"592","Schwanden b.B.","2007","[7] UMWELT UND RAUMORDNUNG","[71] Abwasserentsorgung","[710] Abwasserentsorgung","7","71","710","[3] Aufwand","[3] AUFWAND","[36] Eigene Beiträge","[361] Kanton","3","3","36","361","8241.40"
"592","Schwanden b.B.","2007","[7] UMWELT UND RAUMORDNUNG","[72] Abfallentsorgung","[720] Abfallentsorgung","7","72","720","[3] Aufwand","[3] AUFWAND","[36] Eigene Beiträge","[362] Gemeinden","3","3","36","362","1515.65"
"592","Schwanden b.B.","2007","[8] VOLKSWIRTSCHAFT","[81] Forstwirtschaft","[810] Forstverwaltung","8","81","810","[3] Aufwand","[3] AUFWAND","[36] Eigene Beiträge","[362] Gemeinden","3","3","36","362","4175.00"
"592","Schwanden b.B.","2007","[1] OEFFENTLICHE SICHERHEIT","[16] Zivile Landesverteidigung","[161] Uebrige zivile Landesverteidigung","1","16","161","[3] Aufwand","[3] AUFWAND","[36] Eigene Beiträge","[365] Private Institutionen","3","3","36","365","1800.00"
"592","Schwanden b.B.","2007","[2] BILDUNG","[21] Volksschule","[214] Musikschulen","2","21","214","[3] Aufwand","[3] AUFWAND","[36] Eigene Beiträge","[365] Private Institutionen","3","3","36","365","9150.00"
"592","Schwanden b.B.","2007","[3] KULTUR UND FREIZEIT","[30] Kulturförderung","[309] Uebrige Kulturförderung","3","30","309","[3] Aufwand","[3] AUFWAND","[36] Eigene Beiträge","[365] Private Institutionen","3","3","36","365","1924.00"
"592","Schwanden b.B.","2007","[3] KULTUR UND FREIZEIT","[33] Parkanlagen und Wanderwege","[330] Parkanlagen und Wanderwege","3","33","330","[3] Aufwand","[3] AUFWAND","[36] Eigene Beiträge","[365] Private Institutionen","3","3","36","365","182.70"
"592","Schwanden b.B.","2007","[3] KULTUR UND FREIZEIT","[34] Sport","[340] Sport","3","34","340","[3] Aufwand","[3] AUFWAND","[36] Eigene Beiträge","[365] Private Institutionen","3","3","36","365","1350.00"
"592","Schwanden b.B.","2007","[3] KULTUR UND FREIZEIT","[36] ...","[365] ...","3","36","365","[3] Aufwand","[3] AUFWAND","[36] Eigene Beiträge","[365] Private Institutionen","3","3","36","365","100.00"
"592","Schwanden b.B.","2007","[5] SOZIALE WOHLFAHRT","[58] Sozialhilfe","[582] Weitere Wohlfahrts-, Vor- + Fürsorgeeinrichtungen","5","58","582","[3] Aufwand","[3] AUFWAND","[36] Eigene Beiträge","[365] Private Institutionen","3","3","36","365","538.15"
"592","Schwanden b.B.","2007","[8] VOLKSWIRTSCHAFT","[81] Forstwirtschaft","[810] Forstverwaltung","8","81","810","[3] Aufwand","[3] AUFWAND","[36] Eigene Beiträge","[365] Private Institutionen","3","3","36","365","181.00"
"592","Schwanden b.B.","2007","[8] VOLKSWIRTSCHAFT","[83] Tourismus","[830] Tourismus","8","83","830","[3] Aufwand","[3] AUFWAND","[36] Eigene Beiträge","[365] Private Institutionen","3","3","36","365","3030.00"
"592","Schwanden b.B.","2007","[9] FINANZEN UND STEUERN","[94] Vermögens- und Schuldenverwaltung","[944] Burgergut","9","94","944","[3] Aufwand","[3] AUFWAND","[36] Eigene Beiträge","[365] Private Institutionen","3","3","36","365","3000.00"
"592","Schwanden b.B.","2007","[3] KULTUR UND FREIZEIT","[34] Sport","[341] ...","3","34","341","[3] Aufwand","[3] AUFWAND","[30] Personalaufwand","[303] Sozialversicherungsbeiträge","3","3","30","303","89.20"
"592","Schwanden b.B.","2007","[0] ALLGEMEINE VERWALTUNG","[02] Allgemeine Verwaltung","[029] Allgemeine Verwaltung","0","2","29","[3] Aufwand","[3] AUFWAND","[30] Personalaufwand","[305] Unfall- und Krankenversicherungsbeiträge","3","3","30","305","3712.85"
"592","Schwanden b.B.","2007","[2] BILDUNG","[21] Volksschule","[217] Schulliegenschaften (Ki.garten sofern nicht zuteilbar, Prim + Sek 1)","2","21","217","[3] Aufwand","[3] AUFWAND","[30] Personalaufwand","[305] Unfall- und Krankenversicherungsbeiträge","3","3","30","305","320.25"
"592","Schwanden b.B.","2007","[6] VERKEHR","[62] Gemeindestrassen","[620] Gemeindestrassennetz","6","62","620","[3] Aufwand","[3] AUFWAND","[30] Personalaufwand","[305] Unfall- und Krankenversicherungsbeiträge","3","3","30","305","1843.50"
"592","Schwanden b.B.","2007","[0] ALLGEMEINE VERWALTUNG","[02] Allgemeine Verwaltung","[029] Allgemeine Verwaltung","0","2","29","[3] Aufwand","[3] AUFWAND","[31] Sachaufwand","[310] Büro- und Schulmaterialien, Drucksachen","3","3","31","310","8183.09"
"592","Schwanden b.B.","2007","[3] KULTUR UND FREIZEIT","[30] Kulturförderung","[309] Uebrige Kulturförderung","3","30","309","[3] Aufwand","[3] AUFWAND","[31] Sachaufwand","[310] Büro- und Schulmaterialien, Drucksachen","3","3","31","310","1053.40"
"592","Schwanden b.B.","2007","[8] VOLKSWIRTSCHAFT","[81] Forstwirtschaft","[810] Forstverwaltung","8","81","810","[3] Aufwand","[3] AUFWAND","[31] Sachaufwand","[310] Büro- und Schulmaterialien, Drucksachen","3","3","31","310","378.30"
"592","Schwanden b.B.","2007","[7] UMWELT UND RAUMORDNUNG","[70] Wasserversorgung","[700] Wasserversorgung","7","70","700","[3] Aufwand","[3] AUFWAND","[31] Sachaufwand","[311] Anschaffung Mobilien, Maschinen, Fahrzeuge","3","3","31","311","397.25"
"592","Schwanden b.B.","2007","[7] UMWELT UND RAUMORDNUNG","[78] Uebriger Umweltschutz","[780] Oeffentliche Toiletten","7","78","780","[3] Aufwand","[3] AUFWAND","[31] Sachaufwand","[311] Anschaffung Mobilien, Maschinen, Fahrzeuge","3","3","31","311","654.20"
"592","Schwanden b.B.","2007","[0] ALLGEMEINE VERWALTUNG","[09] Nicht aufteilbare Aufgaben","[090] Verwaltungsliegenschaften","0","9","90","[3] Aufwand","[3] AUFWAND","[31] Sachaufwand","[312] Wasser, Energie, Heizmaterialien","3","3","31","312","5785.05"
"592","Schwanden b.B.","2007","[2] BILDUNG","[21] Volksschule","[217] Schulliegenschaften (Ki.garten sofern nicht zuteilbar, Prim + Sek 1)","2","21","217","[3] Aufwand","[3] AUFWAND","[31] Sachaufwand","[312] Wasser, Energie, Heizmaterialien","3","3","31","312","12643.70"
"592","Schwanden b.B.","2007","[6] VERKEHR","[62] Gemeindestrassen","[620] Gemeindestrassennetz","6","62","620","[3] Aufwand","[3] AUFWAND","[31] Sachaufwand","[312] Wasser, Energie, Heizmaterialien","3","3","31","312","6019.25"
"592","Schwanden b.B.","2007","[7] UMWELT UND RAUMORDNUNG","[71] Abwasserentsorgung","[710] Abwasserentsorgung","7","71","710","[3] Aufwand","[3] AUFWAND","[31] Sachaufwand","[312] Wasser, Energie, Heizmaterialien","3","3","31","312","109.80"
"592","Schwanden b.B.","2007","[7] UMWELT UND RAUMORDNUNG","[72] Abfallentsorgung","[720] Abfallentsorgung","7","72","720","[3] Aufwand","[3] AUFWAND","[31] Sachaufwand","[313] Verbrauchsmaterialien","3","3","31","313","1037.95"
"592","Schwanden b.B.","2007","[3] KULTUR UND FREIZEIT","[34] Sport","[342] ...","3","34","342","[3] Aufwand","[3] AUFWAND","[31] Sachaufwand","[314] Dienstleistungen Dritter für den baulichen Unterhalt","3","3","31","314","1361.15"
"592","Schwanden b.B.","2007","[6] VERKEHR","[62] Gemeindestrassen","[620] Gemeindestrassennetz","6","62","620","[3] Aufwand","[3] AUFWAND","[31] Sachaufwand","[314] Dienstleistungen Dritter für den baulichen Unterhalt","3","3","31","314","19977.15"
"592","Schwanden b.B.","2007","[7] UMWELT UND RAUMORDNUNG","[70] Wasserversorgung","[700] Wasserversorgung","7","70","700","[3] Aufwand","[3] AUFWAND","[31] Sachaufwand","[314] Dienstleistungen Dritter für den baulichen Unterhalt","3","3","31","314","20913.80"
"592","Schwanden b.B.","2007","[7] UMWELT UND RAUMORDNUNG","[71] Abwasserentsorgung","[710] Abwasserentsorgung","7","71","710","[3] Aufwand","[3] AUFWAND","[31] Sachaufwand","[314] Dienstleistungen Dritter für den baulichen Unterhalt","3","3","31","314","6832.00"
"592","Schwanden b.B.","2007","[7] UMWELT UND RAUMORDNUNG","[78] Uebriger Umweltschutz","[780] Oeffentliche Toiletten","7","78","780","[3] Aufwand","[3] AUFWAND","[31] Sachaufwand","[314] Dienstleistungen Dritter für den baulichen Unterhalt","3","3","31","314","915.10"
"592","Schwanden b.B.","2007","[0] ALLGEMEINE VERWALTUNG","[02] Allgemeine Verwaltung","[029] Allgemeine Verwaltung","0","2","29","[3] Aufwand","[3] AUFWAND","[31] Sachaufwand","[315] Dienstleistungen Dritter für den übrigen Unterhalt","3","3","31","315","5518.50"
"592","Schwanden b.B.","2007","[0] ALLGEMEINE VERWALTUNG","[09] Nicht aufteilbare Aufgaben","[090] Verwaltungsliegenschaften","0","9","90","[3] Aufwand","[3] AUFWAND","[31] Sachaufwand","[315] Dienstleistungen Dritter für den übrigen Unterhalt","3","3","31","315","408.30"
"592","Schwanden b.B.","2007","[1] OEFFENTLICHE SICHERHEIT","[14] Wehrdienste","[140] Wehrdienste","1","14","140","[3] Aufwand","[3] AUFWAND","[31] Sachaufwand","[315] Dienstleistungen Dritter für den übrigen Unterhalt","3","3","31","315","72.60"
"592","Schwanden b.B.","2007","[2] BILDUNG","[21] Volksschule","[217] Schulliegenschaften (Ki.garten sofern nicht zuteilbar, Prim + Sek 1)","2","21","217","[3] Aufwand","[3] AUFWAND","[31] Sachaufwand","[315] Dienstleistungen Dritter für den übrigen Unterhalt","3","3","31","315","4364.35"
"592","Schwanden b.B.","2007","[6] VERKEHR","[62] Gemeindestrassen","[620] Gemeindestrassennetz","6","62","620","[3] Aufwand","[3] AUFWAND","[31] Sachaufwand","[315] Dienstleistungen Dritter für den übrigen Unterhalt","3","3","31","315","12345.90"
"592","Schwanden b.B.","2007","[9] FINANZEN UND STEUERN","[94] Vermögens- und Schuldenverwaltung","[942] Liegenschaften des Finanzvermögens","9","94","942","[3] Aufwand","[3] AUFWAND","[31] Sachaufwand","[315] Dienstleistungen Dritter für den übrigen Unterhalt","3","3","31","315","279.85"
"592","Schwanden b.B.","2007","[0] ALLGEMEINE VERWALTUNG","[02] Allgemeine Verwaltung","[029] Allgemeine Verwaltung","0","2","29","[3] Aufwand","[3] AUFWAND","[31] Sachaufwand","[317] Spesenentschädigungen","3","3","31","317","561.00"
"592","Schwanden b.B.","2007","[0] ALLGEMEINE VERWALTUNG","[09] Nicht aufteilbare Aufgaben","[091] ...","0","9","91","[3] Aufwand","[3] AUFWAND","[31] Sachaufwand","[317] Spesenentschädigungen","3","3","31","317","260.40"
"592","Schwanden b.B.","2007","[0] ALLGEMEINE VERWALTUNG","[02] Allgemeine Verwaltung","[029] Allgemeine Verwaltung","0","2","29","[3] Aufwand","[3] AUFWAND","[31] Sachaufwand","[318] Dienstleistungen und Honorare, allg. Verwaltungsaufwand","3","3","31","318","12762.45"
"592","Schwanden b.B.","2007","[0] ALLGEMEINE VERWALTUNG","[09] Nicht aufteilbare Aufgaben","[090] Verwaltungsliegenschaften","0","9","90","[3] Aufwand","[3] AUFWAND","[31] Sachaufwand","[318] Dienstleistungen und Honorare, allg. Verwaltungsaufwand","3","3","31","318","4287.65"
"592","Schwanden b.B.","2007","[1] OEFFENTLICHE SICHERHEIT","[10] Rechtsaufsicht","[100] Mass und Gewicht","1","10","100","[3] Aufwand","[3] AUFWAND","[31] Sachaufwand","[318] Dienstleistungen und Honorare, allg. Verwaltungsaufwand","3","3","31","318","2334.65"
"592","Schwanden b.B.","2007","[1] OEFFENTLICHE SICHERHEIT","[14] Wehrdienste","[140] Wehrdienste","1","14","140","[3] Aufwand","[3] AUFWAND","[31] Sachaufwand","[318] Dienstleistungen und Honorare, allg. Verwaltungsaufwand","3","3","31","318","686.90"
"592","Schwanden b.B.","2007","[2] BILDUNG","[20] Kindergarten","[200] Kindergarten","2","20","200","[3] Aufwand","[3] AUFWAND","[31] Sachaufwand","[318] Dienstleistungen und Honorare, allg. Verwaltungsaufwand","3","3","31","318","17.30"
"592","Schwanden b.B.","2007","[2] BILDUNG","[21] Volksschule","[217] Schulliegenschaften (Ki.garten sofern nicht zuteilbar, Prim + Sek 1)","2","21","217","[3] Aufwand","[3] AUFWAND","[31] Sachaufwand","[318] Dienstleistungen und Honorare, allg. Verwaltungsaufwand","3","3","31","318","7231.50"
"592","Schwanden b.B.","2007","[2] BILDUNG","[21] Volksschule","[219] Nicht Aufteilbares, Volksschule, Tagesschule","2","21","219","[3] Aufwand","[3] AUFWAND","[31] Sachaufwand","[318] Dienstleistungen und Honorare, allg. Verwaltungsaufwand","3","3","31","318","5988.90"
"592","Schwanden b.B.","2007","[3] KULTUR UND FREIZEIT","[30] Kulturförderung","[309] Uebrige Kulturförderung","3","30","309","[3] Aufwand","[3] AUFWAND","[31] Sachaufwand","[318] Dienstleistungen und Honorare, allg. Verwaltungsaufwand","3","3","31","318","419.70"
"592","Schwanden b.B.","2007","[3] KULTUR UND FREIZEIT","[34] Sport","[341] ...","3","34","341","[3] Aufwand","[3] AUFWAND","[31] Sachaufwand","[318] Dienstleistungen und Honorare, allg. Verwaltungsaufwand","3","3","31","318","236.25"
"592","Schwanden b.B.","2007","[4] GESUNDHEIT","[46] Schulgesundheitsdienst","[460] Schulärztliche Pflege","4","46","460","[3] Aufwand","[3] AUFWAND","[31] Sachaufwand","[318] Dienstleistungen und Honorare, allg. Verwaltungsaufwand","3","3","31","318","613.35"
"592","Schwanden b.B.","2007","[7] UMWELT UND RAUMORDNUNG","[72] Abfallentsorgung","[720] Abfallentsorgung","7","72","720","[3] Aufwand","[3] AUFWAND","[31] Sachaufwand","[318] Dienstleistungen und Honorare, allg. Verwaltungsaufwand","3","3","31","318","39659.15"
"592","Schwanden b.B.","2007","[8] VOLKSWIRTSCHAFT","[81] Forstwirtschaft","[810] Forstverwaltung","8","81","810","[3] Aufwand","[3] AUFWAND","[31] Sachaufwand","[318] Dienstleistungen und Honorare, allg. Verwaltungsaufwand","3","3","31","318","409.80"
"592","Schwanden b.B.","2007","[9] FINANZEN UND STEUERN","[94] Vermögens- und Schuldenverwaltung","[942] Liegenschaften des Finanzvermögens","9","94","942","[3] Aufwand","[3] AUFWAND","[31] Sachaufwand","[318] Dienstleistungen und Honorare, allg. Verwaltungsaufwand","3","3","31","318","4370.10"
"592","Schwanden b.B.","2007","[8] VOLKSWIRTSCHAFT","[81] Forstwirtschaft","[812] Holzernte","8","81","812","[3] Aufwand","[3] AUFWAND","[31] Sachaufwand","[319] Uebriger Sachaufwand","3","3","31","319","2437.90"
"592","Schwanden b.B.","2007","[7] UMWELT UND RAUMORDNUNG","[70] Wasserversorgung","[700] Wasserversorgung","7","70","700","[3] Aufwand","[3] AUFWAND","[33] Abschreibungen","[331] Verwaltungsvermögen - harmonisierte Abschreibungen","3","3","33","331","5998.60"
"592","Schwanden b.B.","2007","[7] UMWELT UND RAUMORDNUNG","[71] Abwasserentsorgung","[710] Abwasserentsorgung","7","71","710","[3] Aufwand","[3] AUFWAND","[33] Abschreibungen","[331] Verwaltungsvermögen - harmonisierte Abschreibungen","3","3","33","331","13646.05"
"592","Schwanden b.B.","2007","[9] FINANZEN UND STEUERN","[99] Nicht aufgeteilte Posten","[990] Abschreibungen","9","99","990","[3] Aufwand","[3] AUFWAND","[33] Abschreibungen","[332] Verwaltungsvermögen - übrige Abschreibungen","3","3","33","332","63817.71"
"592","Schwanden b.B.","2007","[0] ALLGEMEINE VERWALTUNG","[02] Allgemeine Verwaltung","[029] Allgemeine Verwaltung","0","2","29","[3] Aufwand","[3] AUFWAND","[35] Entschädigungen an Gemeinwesen","[351] Kanton","3","3","35","351","10377.25"
"592","Schwanden b.B.","2007","[2] BILDUNG","[21] Volksschule","[219] Nicht Aufteilbares, Volksschule, Tagesschule","2","21","219","[3] Aufwand","[3] AUFWAND","[35] Entschädigungen an Gemeinwesen","[351] Kanton","3","3","35","351","143077.75"
"592","Schwanden b.B.","2007","[5] SOZIALE WOHLFAHRT","[58] Sozialhilfe","[587] Lastenausgleich","5","58","587","[3] Aufwand","[3] AUFWAND","[35] Entschädigungen an Gemeinwesen","[351] Kanton","3","3","35","351","220936.45"
"592","Schwanden b.B.","2007","[8] VOLKSWIRTSCHAFT","[81] Forstwirtschaft","[812] Holzernte","8","81","812","[3] Aufwand","[3] AUFWAND","[35] Entschädigungen an Gemeinwesen","[351] Kanton","3","3","35","351","5891.10"
"592","Schwanden b.B.","2007","[2] BILDUNG","[20] Kindergarten","[200] Kindergarten","2","20","200","[3] Aufwand","[3] AUFWAND","[35] Entschädigungen an Gemeinwesen","[352] Gemeinden","3","3","35","352","4849.55"
"592","Schwanden b.B.","2007","[5] SOZIALE WOHLFAHRT","[58] Sozialhilfe","[589] Sozialbehörden, Sekretariat","5","58","589","[3] Aufwand","[3] AUFWAND","[35] Entschädigungen an Gemeinwesen","[352] Gemeinden","3","3","35","352","11873.80"
"592","Schwanden b.B.","2007","[9] FINANZEN UND STEUERN","[94] Vermögens- und Schuldenverwaltung","[944] Burgergut","9","94","944","[3] Aufwand","[3] AUFWAND","[35] Entschädigungen an Gemeinwesen","[352] Gemeinden","3","3","35","352","18200.00"
"592","Schwanden b.B.","2007","[5] SOZIALE WOHLFAHRT","[51] Invalidenversicherung","[510] Gemeindeanteil am Beitrag des Kantons für die IV","5","51","510","[3] Aufwand","[3] AUFWAND","[36] Eigene Beiträge","[361] Kanton","3","3","36","361","33782.00"
"592","Schwanden b.B.","2007","[6] VERKEHR","[65] Regionalverkehr","[650] Regionalverkehrsbetriebe","6","65","650","[3] Aufwand","[3] AUFWAND","[36] Eigene Beiträge","[361] Kanton","3","3","36","361","30255.00"
"592","Schwanden b.B.","2007","[1] OEFFENTLICHE SICHERHEIT","[10] Rechtsaufsicht","[101] Uebrige Rechtspflege","1","10","101","[3] Aufwand","[3] AUFWAND","[36] Eigene Beiträge","[362] Gemeinden","3","3","36","362","785.00"
"592","Schwanden b.B.","2007","[1] OEFFENTLICHE SICHERHEIT","[16] Zivile Landesverteidigung","[160] Zivilschutz","1","16","160","[3] Aufwand","[3] AUFWAND","[36] Eigene Beiträge","[362] Gemeinden","3","3","36","362","8178.00"
"592","Schwanden b.B.","2007","[7] UMWELT UND RAUMORDNUNG","[70] Wasserversorgung","[700] Wasserversorgung","7","70","700","[3] Aufwand","[3] AUFWAND","[36] Eigene Beiträge","[362] Gemeinden","3","3","36","362","6948.20"
"592","Schwanden b.B.","2007","[7] UMWELT UND RAUMORDNUNG","[71] Abwasserentsorgung","[710] Abwasserentsorgung","7","71","710","[3] Aufwand","[3] AUFWAND","[36] Eigene Beiträge","[362] Gemeinden","3","3","36","362","37735.00"
"592","Schwanden b.B.","2007","[7] UMWELT UND RAUMORDNUNG","[74] Friedhof und Bestattung","[740] Friedhof und Bestattung","7","74","740","[3] Aufwand","[3] AUFWAND","[36] Eigene Beiträge","[362] Gemeinden","3","3","36","362","17371.00"
"592","Schwanden b.B.","2007","[7] UMWELT UND RAUMORDNUNG","[75] Gewässerverbauungen","[750] Gewässerverbauungen","7","75","750","[3] Aufwand","[3] AUFWAND","[36] Eigene Beiträge","[362] Gemeinden","3","3","36","362","3388.45"
"592","Schwanden b.B.","2007","[7] UMWELT UND RAUMORDNUNG","[79] Raumordnung","[790] Raumplanung","7","79","790","[3] Aufwand","[3] AUFWAND","[36] Eigene Beiträge","[362] Gemeinden","3","3","36","362","3867.05"
"592","Schwanden b.B.","2007","[9] FINANZEN UND STEUERN","[94] Vermögens- und Schuldenverwaltung","[944] Burgergut","9","94","944","[3] Aufwand","[3] AUFWAND","[36] Eigene Beiträge","[362] Gemeinden","3","3","36","362","1615.90"
"592","Schwanden b.B.","2007","[0] ALLGEMEINE VERWALTUNG","[02] Allgemeine Verwaltung","[029] Allgemeine Verwaltung","0","2","29","[3] Aufwand","[3] AUFWAND","[36] Eigene Beiträge","[365] Private Institutionen","3","3","36","365","1815.90"
"592","Schwanden b.B.","2007","[2] BILDUNG","[29] Uebriges Bildungswesen","[292] Erwachsenenbildung","2","29","292","[3] Aufwand","[3] AUFWAND","[36] Eigene Beiträge","[365] Private Institutionen","3","3","36","365","1858.20"
"592","Schwanden b.B.","2007","[3] KULTUR UND FREIZEIT","[35] Uebrige Freizeitgestaltung","[350] Uebrige Freizeitgestaltung","3","35","350","[3] Aufwand","[3] AUFWAND","[36] Eigene Beiträge","[365] Private Institutionen","3","3","36","365","450.00"
"592","Schwanden b.B.","2007","[4] GESUNDHEIT","[44] Ambulante Krankenpflege","[440] Spitex/Krankenpflege","4","44","440","[3] Aufwand","[3] AUFWAND","[36] Eigene Beiträge","[365] Private Institutionen","3","3","36","365","150.00"
"592","Schwanden b.B.","2007","[4] GESUNDHEIT","[45] Krankheitsbekämpfung","[450] Krankheitsbekämpfung","4","45","450","[3] Aufwand","[3] AUFWAND","[36] Eigene Beiträge","[365] Private Institutionen","3","3","36","365","600.00"
"592","Schwanden b.B.","2007","[5] SOZIALE WOHLFAHRT","[54] Jugendschutz","[540] Jugendschutz","5","54","540","[3] Aufwand","[3] AUFWAND","[36] Eigene Beiträge","[365] Private Institutionen","3","3","36","365","100.00"
"592","Schwanden b.B.","2007","[6] VERKEHR","[62] Gemeindestrassen","[620] Gemeindestrassennetz","6","62","620","[3] Aufwand","[3] AUFWAND","[36] Eigene Beiträge","[365] Private Institutionen","3","3","36","365","15417.40"
"592","Schwanden b.B.","2007","[8] VOLKSWIRTSCHAFT","[80] Landwirtschaft","[800] Landwirtschaft","8","80","800","[3] Aufwand","[3] AUFWAND","[36] Eigene Beiträge","[365] Private Institutionen","3","3","36","365","50.00"
"592","Schwanden b.B.","2007","[5] SOZIALE WOHLFAHRT","[58] Sozialhilfe","[580] Sozialhilfe","5","58","580","[3] Aufwand","[3] AUFWAND","[36] Eigene Beiträge","[366] Private Haushalte","3","3","36","366","212.00"
"592","Schwanden b.B.","2007","[1] OEFFENTLICHE SICHERHEIT","[14] Wehrdienste","[140] Wehrdienste","1","14","140","[3] Aufwand","[3] AUFWAND","[37] Durchlaufende Beiträge","[372] Gemeinden","3","3","37","372","19721.35"
"592","Schwanden b.B.","2007","[7] UMWELT UND RAUMORDNUNG","[75] Gewässerverbauungen","[750] Gewässerverbauungen","7","75","750","[3] Aufwand","[3] AUFWAND","[37] Durchlaufende Beiträge","[372] Gemeinden","3","3","37","372","92212.60"
"592","Schwanden b.B.","2007","[1] OEFFENTLICHE SICHERHEIT","[16] Zivile Landesverteidigung","[160] Zivilschutz","1","16","160","[3] Aufwand","[3] AUFWAND","[39] Interne Verrechnungen","[390] Verrechneter Aufwand","3","3","39","390","1200.00"
"592","Schwanden b.B.","2007","[3] KULTUR UND FREIZEIT","[34] Sport","[341] ...","3","34","341","[3] Aufwand","[3] AUFWAND","[39] Interne Verrechnungen","[390] Verrechneter Aufwand","3","3","39","390","3800.00"
"592","Schwanden b.B.","2007","[5] SOZIALE WOHLFAHRT","[50] Altersversicherung","[500] AHV-Zweigstelle","5","50","500","[3] Aufwand","[3] AUFWAND","[39] Interne Verrechnungen","[390] Verrechneter Aufwand","3","3","39","390","500.00"
"592","Schwanden b.B.","2007","[7] UMWELT UND RAUMORDNUNG","[70] Wasserversorgung","[700] Wasserversorgung","7","70","700","[3] Aufwand","[3] AUFWAND","[39] Interne Verrechnungen","[390] Verrechneter Aufwand","3","3","39","390","6400.00"
"592","Schwanden b.B.","2007","[9] FINANZEN UND STEUERN","[94] Vermögens- und Schuldenverwaltung","[942] Liegenschaften des Finanzvermögens","9","94","942","[3] Aufwand","[3] AUFWAND","[39] Interne Verrechnungen","[390] Verrechneter Aufwand","3","3","39","390","1200.00"
"592","Schwanden b.B.","2007","[9] FINANZEN UND STEUERN","[94] Vermögens- und Schuldenverwaltung","[944] Burgergut","9","94","944","[3] Aufwand","[3] AUFWAND","[39] Interne Verrechnungen","[390] Verrechneter Aufwand","3","3","39","390","7000.00"
"592","Schwanden b.B.","2007","[7] UMWELT UND RAUMORDNUNG","[72] Abfallentsorgung","[720] Abfallentsorgung","7","72","720","[3] Aufwand","[3] AUFWAND","[39] Interne Verrechnungen","[392] Verrechnete Abschreibungen","3","3","39","392","1398.00"
"592","Schwanden b.B.","2007","[9] FINANZEN UND STEUERN","[90] Steuern","[900] Obligatorische periodische Steuern","9","90","900","[4] Ertrag","[4] ERTRAG","[40] Steuern","[400] Einkommens- und Vermögenssteuern","4","4","40","400","904933.50"
"592","Schwanden b.B.","2007","[9] FINANZEN UND STEUERN","[90] Steuern","[904] Fakultative Steuern und Abgaben","9","90","904","[4] Ertrag","[4] ERTRAG","[40] Steuern","[406] Besitz- und Aufwandsteuern","4","4","40","406","1900.00"
"592","Schwanden b.B.","2007","[9] FINANZEN UND STEUERN","[94] Vermögens- und Schuldenverwaltung","[940] Zinsen","9","94","940","[4] Ertrag","[4] ERTRAG","[42] Vermögenserträge","[421] Flüssige Mittel und Guthaben","4","4","42","421","3879.00"
"592","Schwanden b.B.","2007","[9] FINANZEN UND STEUERN","[94] Vermögens- und Schuldenverwaltung","[944] Burgergut","9","94","944","[4] Ertrag","[4] ERTRAG","[42] Vermögenserträge","[423] Liegenschaften des Finanzvermögens","4","4","42","423","39958.00"
"592","Schwanden b.B.","2007","[9] FINANZEN UND STEUERN","[94] Vermögens- und Schuldenverwaltung","[944] Burgergut","9","94","944","[4] Ertrag","[4] ERTRAG","[42] Vermögenserträge","[425] Darlehen des Verwaltungsvermögens","4","4","42","425","28.35"
"592","Schwanden b.B.","2007","[1] OEFFENTLICHE SICHERHEIT","[16] Zivile Landesverteidigung","[160] Zivilschutz","1","16","160","[4] Ertrag","[4] ERTRAG","[43] Entgelte","[430] Ersatzabgaben","4","4","43","430","2650.00"
"592","Schwanden b.B.","2007","[7] UMWELT UND RAUMORDNUNG","[72] Abfallentsorgung","[720] Abfallentsorgung","7","72","720","[4] Ertrag","[4] ERTRAG","[43] Entgelte","[434] Andere Benützungsgebühren und Dienstleistungen","4","4","43","434","65912.05"
"592","Schwanden b.B.","2007","[7] UMWELT UND RAUMORDNUNG","[70] Wasserversorgung","[700] Wasserversorgung","7","70","700","[4] Ertrag","[4] ERTRAG","[43] Entgelte","[435] Uebrige Verkaufserlöse","4","4","43","435","78927.45"
"592","Schwanden b.B.","2007","[0] ALLGEMEINE VERWALTUNG","[01] Legislative und Exekutive","[011] Legislative","0","1","11","[4] Ertrag","[4] ERTRAG","[43] Entgelte","[436] Rückerstattungen","4","4","43","436","500.00"
"592","Schwanden b.B.","2007","[0] ALLGEMEINE VERWALTUNG","[02] Allgemeine Verwaltung","[029] Allgemeine Verwaltung","0","2","29","[4] Ertrag","[4] ERTRAG","[43] Entgelte","[436] Rückerstattungen","4","4","43","436","1833.55"
"592","Schwanden b.B.","2007","[0] ALLGEMEINE VERWALTUNG","[09] Nicht aufteilbare Aufgaben","[090] Verwaltungsliegenschaften","0","9","90","[4] Ertrag","[4] ERTRAG","[43] Entgelte","[436] Rückerstattungen","4","4","43","436","209.85"
"592","Schwanden b.B.","2007","[1] OEFFENTLICHE SICHERHEIT","[14] Wehrdienste","[140] Wehrdienste","1","14","140","[4] Ertrag","[4] ERTRAG","[43] Entgelte","[436] Rückerstattungen","4","4","43","436","642.65"
"592","Schwanden b.B.","2007","[1] OEFFENTLICHE SICHERHEIT","[15] Militärische Landesverteidigung","[151] Militär","1","15","151","[4] Ertrag","[4] ERTRAG","[43] Entgelte","[436] Rückerstattungen","4","4","43","436","336.60"
"592","Schwanden b.B.","2007","[2] BILDUNG","[21] Volksschule","[214] Musikschulen","2","21","214","[4] Ertrag","[4] ERTRAG","[43] Entgelte","[436] Rückerstattungen","4","4","43","436","1090.25"
"592","Schwanden b.B.","2007","[2] BILDUNG","[21] Volksschule","[217] Schulliegenschaften (Ki.garten sofern nicht zuteilbar, Prim + Sek 1)","2","21","217","[4] Ertrag","[4] ERTRAG","[43] Entgelte","[436] Rückerstattungen","4","4","43","436","104.30"
"592","Schwanden b.B.","2007","[2] BILDUNG","[21] Volksschule","[219] Nicht Aufteilbares, Volksschule, Tagesschule","2","21","219","[4] Ertrag","[4] ERTRAG","[43] Entgelte","[436] Rückerstattungen","4","4","43","436","11667.65"
"592","Schwanden b.B.","2007","[5] SOZIALE WOHLFAHRT","[58] Sozialhilfe","[580] Sozialhilfe","5","58","580","[4] Ertrag","[4] ERTRAG","[43] Entgelte","[436] Rückerstattungen","4","4","43","436","395.00"
"592","Schwanden b.B.","2007","[5] SOZIALE WOHLFAHRT","[58] Sozialhilfe","[588] Arbeitslosenfürsorge","5","58","588","[4] Ertrag","[4] ERTRAG","[43] Entgelte","[436] Rückerstattungen","4","4","43","436","1812.40"
"592","Schwanden b.B.","2007","[6] VERKEHR","[62] Gemeindestrassen","[620] Gemeindestrassennetz","6","62","620","[4] Ertrag","[4] ERTRAG","[43] Entgelte","[436] Rückerstattungen","4","4","43","436","1882.35"
"592","Schwanden b.B.","2007","[7] UMWELT UND RAUMORDNUNG","[72] Abfallentsorgung","[720] Abfallentsorgung","7","72","720","[4] Ertrag","[4] ERTRAG","[43] Entgelte","[436] Rückerstattungen","4","4","43","436","4604.15"
"592","Schwanden b.B.","2007","[9] FINANZEN UND STEUERN","[94] Vermögens- und Schuldenverwaltung","[942] Liegenschaften des Finanzvermögens","9","94","942","[4] Ertrag","[4] ERTRAG","[43] Entgelte","[436] Rückerstattungen","4","4","43","436","953.20"
"592","Schwanden b.B.","2007","[3] KULTUR UND FREIZEIT","[30] Kulturförderung","[309] Uebrige Kulturförderung","3","30","309","[4] Ertrag","[4] ERTRAG","[43] Entgelte","[439] Uebrige Entgelte","4","4","43","439","13970.00"
"592","Schwanden b.B.","2007","[9] FINANZEN UND STEUERN","[92] Finanzausgleich","[920] Finanzausgleich","9","92","920","[4] Ertrag","[4] ERTRAG","[44] Anteile und Beiträge ohne Zweckbindungen","[444] Leistungen aus dem Finanzausgleich","4","4","44","444","170364.00"
"592","Schwanden b.B.","2007","[5] SOZIALE WOHLFAHRT","[58] Sozialhilfe","[587] Lastenausgleich","5","58","587","[4] Ertrag","[4] ERTRAG","[45] Rückerstattungen von Gemeinwesen","[451] Kanton","4","4","45","451","8.15"
"592","Schwanden b.B.","2007","[8] VOLKSWIRTSCHAFT","[81] Forstwirtschaft","[810] Forstverwaltung","8","81","810","[4] Ertrag","[4] ERTRAG","[46] Beiträge","[460] Bund","4","4","46","460","510.70"
"592","Schwanden b.B.","2007","[1] OEFFENTLICHE SICHERHEIT","[16] Zivile Landesverteidigung","[160] Zivilschutz","1","16","160","[4] Ertrag","[4] ERTRAG","[46] Beiträge","[461] Kanton","4","4","46","461","700.00"
"592","Schwanden b.B.","2007","[6] VERKEHR","[62] Gemeindestrassen","[620] Gemeindestrassennetz","6","62","620","[4] Ertrag","[4] ERTRAG","[46] Beiträge","[461] Kanton","4","4","46","461","48142.00"
"592","Schwanden b.B.","2007","[8] VOLKSWIRTSCHAFT","[81] Forstwirtschaft","[811] Kulturen, Pflegemassnahmen","8","81","811","[4] Ertrag","[4] ERTRAG","[46] Beiträge","[461] Kanton","4","4","46","461","1120.00"
"592","Schwanden b.B.","2007","[8] VOLKSWIRTSCHAFT","[81] Forstwirtschaft","[812] Holzernte","8","81","812","[4] Ertrag","[4] ERTRAG","[46] Beiträge","[461] Kanton","4","4","46","461","16347.75"
"592","Schwanden b.B.","2007","[1] OEFFENTLICHE SICHERHEIT","[14] Wehrdienste","[140] Wehrdienste","1","14","140","[4] Ertrag","[4] ERTRAG","[47] Durchlaufende Beiträge","[472] Gemeinden","4","4","47","472","19721.35"
"592","Schwanden b.B.","2007","[1] OEFFENTLICHE SICHERHEIT","[16] Zivile Landesverteidigung","[160] Zivilschutz","1","16","160","[4] Ertrag","[4] ERTRAG","[48] Entnahmen aus Spezialfinanzierungen","[480] Entnahmen aus Spezialfinanzierungen","4","4","48","480","7623.00"
"592","Schwanden b.B.","2007","[7] UMWELT UND RAUMORDNUNG","[70] Wasserversorgung","[700] Wasserversorgung","7","70","700","[4] Ertrag","[4] ERTRAG","[48] Entnahmen aus Spezialfinanzierungen","[480] Entnahmen aus Spezialfinanzierungen","4","4","48","480","8224.50"
"592","Schwanden b.B.","2007","[6] VERKEHR","[62] Gemeindestrassen","[620] Gemeindestrassennetz","6","62","620","[4] Ertrag","[4] ERTRAG","[49] Interne Verrechnungen","[490] Verrechneter Aufwand","4","4","49","490","57900.00"
"592","Schwanden b.B.","2007","[3] KULTUR UND FREIZEIT","[34] Sport","[341] ...","3","34","341","[4] Ertrag","[4] ERTRAG","[49] Interne Verrechnungen","[491] Verrechnete Zinsen","4","4","49","491","22.50"
"592","Schwanden b.B.","2007","[3] KULTUR UND FREIZEIT","[34] Sport","[342] ...","3","34","342","[4] Ertrag","[4] ERTRAG","[49] Interne Verrechnungen","[491] Verrechnete Zinsen","4","4","49","491","298.45"
"592","Schwanden b.B.","2007","[7] UMWELT UND RAUMORDNUNG","[71] Abwasserentsorgung","[710] Abwasserentsorgung","7","71","710","[4] Ertrag","[4] ERTRAG","[49] Interne Verrechnungen","[491] Verrechnete Zinsen","4","4","49","491","8442.10"
"592","Schwanden b.B.","2007","[9] FINANZEN UND STEUERN","[94] Vermögens- und Schuldenverwaltung","[940] Zinsen","9","94","940","[4] Ertrag","[4] ERTRAG","[49] Interne Verrechnungen","[491] Verrechnete Zinsen","4","4","49","491","80.15"
"592","Schwanden b.B.","2007","[3] KULTUR UND FREIZEIT","[34] Sport","[342] ...","3","34","342","[5] Ausgaben","[5] Ausgaben","[50] Sachgüter","[501] Tiefbauten","5","5","50","501","39621.75"
"592","Schwanden b.B.","2007","[6] VERKEHR","[62] Gemeindestrassen","[620] Gemeindestrassennetz","6","62","620","[5] Ausgaben","[5] Ausgaben","[50] Sachgüter","[501] Tiefbauten","5","5","50","501","160567.80"
"592","Schwanden b.B.","2007","[7] UMWELT UND RAUMORDNUNG","[71] Abwasserentsorgung","[710] Abwasserentsorgung","7","71","710","[5] Ausgaben","[5] Ausgaben","[50] Sachgüter","[501] Tiefbauten","5","5","50","501","34790.15"
"592","Schwanden b.B.","2007","[7] UMWELT UND RAUMORDNUNG","[75] Gewässerverbauungen","[750] Gewässerverbauungen","7","75","750","[5] Ausgaben","[5] Ausgaben","[50] Sachgüter","[501] Tiefbauten","5","5","50","501","3169.85"
"592","Schwanden b.B.","2007","[0] ALLGEMEINE VERWALTUNG","[09] Nicht aufteilbare Aufgaben","[090] Verwaltungsliegenschaften","0","9","90","[5] Ausgaben","[5] Ausgaben","[50] Sachgüter","[503] Hochbauten","5","5","50","503","2976.75"
"592","Schwanden b.B.","2007","[2] BILDUNG","[21] Volksschule","[217] Schulliegenschaften (Ki.garten sofern nicht zuteilbar, Prim + Sek 1)","2","21","217","[5] Ausgaben","[5] Ausgaben","[50] Sachgüter","[506] Mobilien, Maschinen, Fahrzeuge","5","5","50","506","5029.25"
"592","Schwanden b.B.","2007","[9] FINANZEN UND STEUERN","[94] Vermögens- und Schuldenverwaltung","[944] Burgergut","9","94","944","[5] Ausgaben","[5] Ausgaben","[52] Darlehen und Beteiligungen","[522] Gemeinden","5","5","52","522","30000.00"
"592","Schwanden b.B.","2007","[9] FINANZEN UND STEUERN","[99] Nicht aufgeteilte Posten","[999] Abschluss","9","99","999","[5] Ausgaben","[5] Ausgaben","[59] Passivierungen","[590] Passivierte Einnahmen","5","5","59","590","206786.65"
"592","Schwanden b.B.","2007","[9] FINANZEN UND STEUERN","[99] Nicht aufgeteilte Posten","[999] Abschluss","9","99","999","[5] Ausgaben","[5] Ausgaben","[59] Passivierungen","[592] Uebertrag Einnahmenüberschuss in die Laufende Rechnung","5","5","59","592","600.00"
"592","Schwanden b.B.","2007","[6] VERKEHR","[62] Gemeindestrassen","[620] Gemeindestrassennetz","6","62","620","[6] Einnahmen","[6] Einnahmen","[61] Nutzungsabgaben und Vorteilsentgelte","[610] Beiträge Dritter für eigene Rechnung","6","6","61","610","6274.00"
"592","Schwanden b.B.","2007","[7] UMWELT UND RAUMORDNUNG","[71] Abwasserentsorgung","[710] Abwasserentsorgung","7","71","710","[6] Einnahmen","[6] Einnahmen","[61] Nutzungsabgaben und Vorteilsentgelte","[610] Beiträge Dritter für eigene Rechnung","6","6","61","610","21144.10"
"592","Schwanden b.B.","2008","","","","","","","[1] Aktiven","[10] Finanzvermögen","[100] Flüssige Mittel","[1000] Kasse","1","10","100","1000","1981.15"
"592","Schwanden b.B.","2008","","","","","","","[1] Aktiven","[10] Finanzvermögen","[100] Flüssige Mittel","[1002] Banken","1","10","100","1002","62343.35"
"592","Schwanden b.B.","2008","","","","","","","[1] Aktiven","[10] Finanzvermögen","[101] Guthaben","[1012] Steuerguthaben","1","10","101","1012","400885.65"
"592","Schwanden b.B.","2008","","","","","","","[1] Aktiven","[10] Finanzvermögen","[101] Guthaben","[1015] Andere Debitoren","1","10","101","1015","201569.85"
"592","Schwanden b.B.","2008","","","","","","","[1] Aktiven","[10] Finanzvermögen","[102] Anlagen","[1024] Mobilien, Maschinen, Fahrzeuge ","1","10","102","1024","292.70"
"592","Schwanden b.B.","2008","","","","","","","[1] Aktiven","[11] Verwaltungsvermögen","[114] Sachgüter","[1141] Tiefbauten","1","11","114","1141","171310.84"
"592","Schwanden b.B.","2008","","","","","","","[1] Aktiven","[11] Verwaltungsvermögen","[114] Sachgüter","[1143] Hochbauten","1","11","114","1143","385100.25"
"592","Schwanden b.B.","2008","","","","","","","[1] Aktiven","[11] Verwaltungsvermögen","[114] Sachgüter","[1146] Mobilien, Maschinen, Fahrzeuge ","1","11","114","1146","16590.00"
"592","Schwanden b.B.","2008","","","","","","","[1] Aktiven","[11] Verwaltungsvermögen","[116] Investitionsbeiträge","[1162] Gemeinden","1","11","116","1162","45688.30"
"592","Schwanden b.B.","2008","","","","","","","[2] Passiven","[20] Fremdkapital","[200] Laufende Verpflichtungen","[2001] Depotgelder","2","20","200","2001","500.00"
"592","Schwanden b.B.","2008","","","","","","","[2] Passiven","[20] Fremdkapital","[200] Laufende Verpflichtungen","[2009] Uebrige laufende Verpflichtungen","2","20","200","2009","224.40"
"592","Schwanden b.B.","2008","","","","","","","[2] Passiven","[20] Fremdkapital","[203] Verpflichtungen für Sonderrechnungen","[2033] Verwaltete Stiftungen","2","20","203","2033","10383.50"
"592","Schwanden b.B.","2008","","","","","","","[2] Passiven","[22] Spezialfinanzierungen","[228] Verpflichtungen für Spezialfinanzierungen","[2281] Spezialfinanzierungen gestützt auf Gemeindereglemente","2","22","228","2281","1795249.40"
"592","Schwanden b.B.","2008","","","","","","","[2] Passiven","[23] Eigenkapital","[239] Eigenkapital","[2390] Eigenkapital","2","23","239","2390","650990.49"
"592","Schwanden b.B.","2008","[0] ALLGEMEINE VERWALTUNG","[01] Legislative und Exekutive","[011] Legislative","0","1","11","[3] Aufwand","[3] AUFWAND","[30] Personalaufwand","[300] Personalaufwand der Behörden und Kommissionen","3","3","30","300","6417.00"
"592","Schwanden b.B.","2008","[7] UMWELT UND RAUMORDNUNG","[70] Wasserversorgung","[700] Wasserversorgung","7","70","700","[3] Aufwand","[3] AUFWAND","[30] Personalaufwand","[300] Personalaufwand der Behörden und Kommissionen","3","3","30","300","96.00"
"592","Schwanden b.B.","2008","[7] UMWELT UND RAUMORDNUNG","[71] Abwasserentsorgung","[710] Abwasserentsorgung","7","71","710","[3] Aufwand","[3] AUFWAND","[30] Personalaufwand","[300] Personalaufwand der Behörden und Kommissionen","3","3","30","300","341.00"
"592","Schwanden b.B.","2008","[0] ALLGEMEINE VERWALTUNG","[02] Allgemeine Verwaltung","[029] Allgemeine Verwaltung","0","2","29","[3] Aufwand","[3] AUFWAND","[30] Personalaufwand","[301] Löhne des Verwaltungs- + Betriebspersonals","3","3","30","301","174252.45"
"592","Schwanden b.B.","2008","[0] ALLGEMEINE VERWALTUNG","[09] Nicht aufteilbare Aufgaben","[090] Verwaltungsliegenschaften","0","9","90","[3] Aufwand","[3] AUFWAND","[30] Personalaufwand","[301] Löhne des Verwaltungs- + Betriebspersonals","3","3","30","301","4859.95"
"592","Schwanden b.B.","2008","[2] BILDUNG","[21] Volksschule","[217] Schulliegenschaften (Ki.garten sofern nicht zuteilbar, Prim + Sek 1)","2","21","217","[3] Aufwand","[3] AUFWAND","[30] Personalaufwand","[301] Löhne des Verwaltungs- + Betriebspersonals","3","3","30","301","14737.95"
"592","Schwanden b.B.","2008","[3] KULTUR UND FREIZEIT","[34] Sport","[341] ...","3","34","341","[3] Aufwand","[3] AUFWAND","[30] Personalaufwand","[301] Löhne des Verwaltungs- + Betriebspersonals","3","3","30","301","1320.00"
"592","Schwanden b.B.","2008","[0] ALLGEMEINE VERWALTUNG","[02] Allgemeine Verwaltung","[029] Allgemeine Verwaltung","0","2","29","[3] Aufwand","[3] AUFWAND","[30] Personalaufwand","[303] Sozialversicherungsbeiträge","3","3","30","303","8982.55"
"592","Schwanden b.B.","2008","[0] ALLGEMEINE VERWALTUNG","[09] Nicht aufteilbare Aufgaben","[090] Verwaltungsliegenschaften","0","9","90","[3] Aufwand","[3] AUFWAND","[30] Personalaufwand","[303] Sozialversicherungsbeiträge","3","3","30","303","281.05"
"592","Schwanden b.B.","2008","[1] OEFFENTLICHE SICHERHEIT","[10] Rechtsaufsicht","[101] Uebrige Rechtspflege","1","10","101","[3] Aufwand","[3] AUFWAND","[30] Personalaufwand","[303] Sozialversicherungsbeiträge","3","3","30","303","22.80"
"592","Schwanden b.B.","2008","[2] BILDUNG","[21] Volksschule","[217] Schulliegenschaften (Ki.garten sofern nicht zuteilbar, Prim + Sek 1)","2","21","217","[3] Aufwand","[3] AUFWAND","[30] Personalaufwand","[303] Sozialversicherungsbeiträge","3","3","30","303","928.70"
"592","Schwanden b.B.","2008","[6] VERKEHR","[62] Gemeindestrassen","[620] Gemeindestrassennetz","6","62","620","[3] Aufwand","[3] AUFWAND","[30] Personalaufwand","[303] Sozialversicherungsbeiträge","3","3","30","303","4719.75"
"592","Schwanden b.B.","2008","[6] VERKEHR","[62] Gemeindestrassen","[620] Gemeindestrassennetz","6","62","620","[3] Aufwand","[3] AUFWAND","[30] Personalaufwand","[305] Unfall- und Krankenversicherungsbeiträge","3","3","30","305","1767.15"
"592","Schwanden b.B.","2008","[0] ALLGEMEINE VERWALTUNG","[02] Allgemeine Verwaltung","[029] Allgemeine Verwaltung","0","2","29","[3] Aufwand","[3] AUFWAND","[30] Personalaufwand","[309] Uebriger Personalaufwand","3","3","30","309","2993.90"
"592","Schwanden b.B.","2008","[0] ALLGEMEINE VERWALTUNG","[01] Legislative und Exekutive","[011] Legislative","0","1","11","[3] Aufwand","[3] AUFWAND","[31] Sachaufwand","[310] Büro- und Schulmaterialien, Drucksachen","3","3","31","310","983.00"
"592","Schwanden b.B.","2008","[0] ALLGEMEINE VERWALTUNG","[02] Allgemeine Verwaltung","[029] Allgemeine Verwaltung","0","2","29","[3] Aufwand","[3] AUFWAND","[31] Sachaufwand","[310] Büro- und Schulmaterialien, Drucksachen","3","3","31","310","8997.93"
"592","Schwanden b.B.","2008","[3] KULTUR UND FREIZEIT","[34] Sport","[342] ...","3","34","342","[3] Aufwand","[3] AUFWAND","[31] Sachaufwand","[310] Büro- und Schulmaterialien, Drucksachen","3","3","31","310","94.80"
"592","Schwanden b.B.","2008","[8] VOLKSWIRTSCHAFT","[81] Forstwirtschaft","[810] Forstverwaltung","8","81","810","[3] Aufwand","[3] AUFWAND","[31] Sachaufwand","[310] Büro- und Schulmaterialien, Drucksachen","3","3","31","310","212.40"
"592","Schwanden b.B.","2008","[7] UMWELT UND RAUMORDNUNG","[72] Abfallentsorgung","[720] Abfallentsorgung","7","72","720","[3] Aufwand","[3] AUFWAND","[31] Sachaufwand","[311] Anschaffung Mobilien, Maschinen, Fahrzeuge","3","3","31","311","13827.90"
"592","Schwanden b.B.","2008","[0] ALLGEMEINE VERWALTUNG","[09] Nicht aufteilbare Aufgaben","[090] Verwaltungsliegenschaften","0","9","90","[3] Aufwand","[3] AUFWAND","[31] Sachaufwand","[312] Wasser, Energie, Heizmaterialien","3","3","31","312","5594.10"
"592","Schwanden b.B.","2008","[6] VERKEHR","[62] Gemeindestrassen","[620] Gemeindestrassennetz","6","62","620","[3] Aufwand","[3] AUFWAND","[31] Sachaufwand","[312] Wasser, Energie, Heizmaterialien","3","3","31","312","5692.15"
"592","Schwanden b.B.","2008","[7] UMWELT UND RAUMORDNUNG","[71] Abwasserentsorgung","[710] Abwasserentsorgung","7","71","710","[3] Aufwand","[3] AUFWAND","[31] Sachaufwand","[312] Wasser, Energie, Heizmaterialien","3","3","31","312","111.10"
"592","Schwanden b.B.","2008","[0] ALLGEMEINE VERWALTUNG","[02] Allgemeine Verwaltung","[029] Allgemeine Verwaltung","0","2","29","[3] Aufwand","[3] AUFWAND","[31] Sachaufwand","[313] Verbrauchsmaterialien","3","3","31","313","9512.51"
"592","Schwanden b.B.","2008","[0] ALLGEMEINE VERWALTUNG","[09] Nicht aufteilbare Aufgaben","[090] Verwaltungsliegenschaften","0","9","90","[3] Aufwand","[3] AUFWAND","[31] Sachaufwand","[313] Verbrauchsmaterialien","3","3","31","313","525.25"
"592","Schwanden b.B.","2008","[2] BILDUNG","[21] Volksschule","[217] Schulliegenschaften (Ki.garten sofern nicht zuteilbar, Prim + Sek 1)","2","21","217","[3] Aufwand","[3] AUFWAND","[31] Sachaufwand","[313] Verbrauchsmaterialien","3","3","31","313","3137.05"
"592","Schwanden b.B.","2008","[6] VERKEHR","[62] Gemeindestrassen","[620] Gemeindestrassennetz","6","62","620","[3] Aufwand","[3] AUFWAND","[31] Sachaufwand","[313] Verbrauchsmaterialien","3","3","31","313","7096.10"
"592","Schwanden b.B.","2008","[7] UMWELT UND RAUMORDNUNG","[72] Abfallentsorgung","[720] Abfallentsorgung","7","72","720","[3] Aufwand","[3] AUFWAND","[31] Sachaufwand","[313] Verbrauchsmaterialien","3","3","31","313","377.00"
"592","Schwanden b.B.","2008","[1] OEFFENTLICHE SICHERHEIT","[16] Zivile Landesverteidigung","[160] Zivilschutz","1","16","160","[3] Aufwand","[3] AUFWAND","[31] Sachaufwand","[314] Dienstleistungen Dritter für den baulichen Unterhalt","3","3","31","314","241.65"
"592","Schwanden b.B.","2008","[3] KULTUR UND FREIZEIT","[33] Parkanlagen und Wanderwege","[330] Parkanlagen und Wanderwege","3","33","330","[3] Aufwand","[3] AUFWAND","[31] Sachaufwand","[314] Dienstleistungen Dritter für den baulichen Unterhalt","3","3","31","314","1538.10"
"592","Schwanden b.B.","2008","[7] UMWELT UND RAUMORDNUNG","[70] Wasserversorgung","[700] Wasserversorgung","7","70","700","[3] Aufwand","[3] AUFWAND","[31] Sachaufwand","[314] Dienstleistungen Dritter für den baulichen Unterhalt","3","3","31","314","4605.70"
"592","Schwanden b.B.","2008","[7] UMWELT UND RAUMORDNUNG","[78] Uebriger Umweltschutz","[780] Oeffentliche Toiletten","7","78","780","[3] Aufwand","[3] AUFWAND","[31] Sachaufwand","[314] Dienstleistungen Dritter für den baulichen Unterhalt","3","3","31","314","836.50"
"592","Schwanden b.B.","2008","[9] FINANZEN UND STEUERN","[94] Vermögens- und Schuldenverwaltung","[942] Liegenschaften des Finanzvermögens","9","94","942","[3] Aufwand","[3] AUFWAND","[31] Sachaufwand","[314] Dienstleistungen Dritter für den baulichen Unterhalt","3","3","31","314","3071.10"
"592","Schwanden b.B.","2008","[0] ALLGEMEINE VERWALTUNG","[02] Allgemeine Verwaltung","[029] Allgemeine Verwaltung","0","2","29","[3] Aufwand","[3] AUFWAND","[31] Sachaufwand","[315] Dienstleistungen Dritter für den übrigen Unterhalt","3","3","31","315","5365.30"
"592","Schwanden b.B.","2008","[0] ALLGEMEINE VERWALTUNG","[09] Nicht aufteilbare Aufgaben","[090] Verwaltungsliegenschaften","0","9","90","[3] Aufwand","[3] AUFWAND","[31] Sachaufwand","[315] Dienstleistungen Dritter für den übrigen Unterhalt","3","3","31","315","387.10"
"592","Schwanden b.B.","2007","[5] SOZIALE WOHLFAHRT","[58] Sozialhilfe","[588] Arbeitslosenfürsorge","5","58","588","[3] Aufwand","[3] AUFWAND","[36] Eigene Beiträge","[366] Private Haushalte","3","3","36","366","1812.40"
"592","Schwanden b.B.","2007","[1] OEFFENTLICHE SICHERHEIT","[16] Zivile Landesverteidigung","[160] Zivilschutz","1","16","160","[3] Aufwand","[3] AUFWAND","[38] Einlagen in Spezialfinanzierungen","[380] Einlagen in Spezialfinanzierungen","3","3","38","380","2650.00"
"592","Schwanden b.B.","2007","[7] UMWELT UND RAUMORDNUNG","[70] Wasserversorgung","[700] Wasserversorgung","7","70","700","[3] Aufwand","[3] AUFWAND","[38] Einlagen in Spezialfinanzierungen","[380] Einlagen in Spezialfinanzierungen","3","3","38","380","50007.00"
"592","Schwanden b.B.","2007","[7] UMWELT UND RAUMORDNUNG","[71] Abwasserentsorgung","[710] Abwasserentsorgung","7","71","710","[3] Aufwand","[3] AUFWAND","[38] Einlagen in Spezialfinanzierungen","[380] Einlagen in Spezialfinanzierungen","3","3","38","380","72210.65"
"592","Schwanden b.B.","2007","[9] FINANZEN UND STEUERN","[94] Vermögens- und Schuldenverwaltung","[944] Burgergut","9","94","944","[3] Aufwand","[3] AUFWAND","[38] Einlagen in Spezialfinanzierungen","[380] Einlagen in Spezialfinanzierungen","3","3","38","380","29176.25"
"592","Schwanden b.B.","2007","[0] ALLGEMEINE VERWALTUNG","[09] Nicht aufteilbare Aufgaben","[090] Verwaltungsliegenschaften","0","9","90","[3] Aufwand","[3] AUFWAND","[39] Interne Verrechnungen","[390] Verrechneter Aufwand","3","3","39","390","7400.00"
"592","Schwanden b.B.","2007","[2] BILDUNG","[21] Volksschule","[217] Schulliegenschaften (Ki.garten sofern nicht zuteilbar, Prim + Sek 1)","2","21","217","[3] Aufwand","[3] AUFWAND","[39] Interne Verrechnungen","[390] Verrechneter Aufwand","3","3","39","390","22000.00"
"592","Schwanden b.B.","2007","[7] UMWELT UND RAUMORDNUNG","[71] Abwasserentsorgung","[710] Abwasserentsorgung","7","71","710","[3] Aufwand","[3] AUFWAND","[39] Interne Verrechnungen","[390] Verrechneter Aufwand","3","3","39","390","6300.00"
"592","Schwanden b.B.","2007","[7] UMWELT UND RAUMORDNUNG","[72] Abfallentsorgung","[720] Abfallentsorgung","7","72","720","[3] Aufwand","[3] AUFWAND","[39] Interne Verrechnungen","[390] Verrechneter Aufwand","3","3","39","390","24600.00"
"592","Schwanden b.B.","2007","[7] UMWELT UND RAUMORDNUNG","[72] Abfallentsorgung","[720] Abfallentsorgung","7","72","720","[3] Aufwand","[3] AUFWAND","[39] Interne Verrechnungen","[391] Verrechnete Zinsen","3","3","39","391","80.15"
"592","Schwanden b.B.","2007","[9] FINANZEN UND STEUERN","[94] Vermögens- und Schuldenverwaltung","[940] Zinsen","9","94","940","[3] Aufwand","[3] AUFWAND","[39] Interne Verrechnungen","[391] Verrechnete Zinsen","3","3","39","391","40761.45"
"592","Schwanden b.B.","2007","[9] FINANZEN UND STEUERN","[94] Vermögens- und Schuldenverwaltung","[944] Burgergut","9","94","944","[3] Aufwand","[3] AUFWAND","[39] Interne Verrechnungen","[392] Verrechnete Abschreibungen","3","3","39","392","508.30"
"592","Schwanden b.B.","2007","[9] FINANZEN UND STEUERN","[90] Steuern","[903] Steuerabschreibungen","9","90","903","[4] Ertrag","[4] ERTRAG","[40] Steuern","[400] Einkommens- und Vermögenssteuern","4","4","40","400","1632.55"
"592","Schwanden b.B.","2007","[9] FINANZEN UND STEUERN","[90] Steuern","[900] Obligatorische periodische Steuern","9","90","900","[4] Ertrag","[4] ERTRAG","[40] Steuern","[401] Gewinn- und Kapitalsteuern","4","4","40","401","4014.55"
"592","Schwanden b.B.","2007","[9] FINANZEN UND STEUERN","[90] Steuern","[902] Liegenschaftssteuern","9","90","902","[4] Ertrag","[4] ERTRAG","[40] Steuern","[402] Liegenschaftssteuern","4","4","40","402","131664.10"
"592","Schwanden b.B.","2007","[9] FINANZEN UND STEUERN","[90] Steuern","[901] Obligatorische aperiodische Steuern","9","90","901","[4] Ertrag","[4] ERTRAG","[40] Steuern","[403] Vermögensgewinnsteuern","4","4","40","403","58381.85"
"592","Schwanden b.B.","2007","[3] KULTUR UND FREIZEIT","[34] Sport","[341] ...","3","34","341","[4] Ertrag","[4] ERTRAG","[40] Steuern","[406] Besitz- und Aufwandsteuern","4","4","40","406","4960.30"
"592","Schwanden b.B.","2007","[9] FINANZEN UND STEUERN","[94] Vermögens- und Schuldenverwaltung","[940] Zinsen","9","94","940","[4] Ertrag","[4] ERTRAG","[42] Vermögenserträge","[422] Anlagen des Finanzvermögens","4","4","42","422","18779.35"
"592","Schwanden b.B.","2007","[9] FINANZEN UND STEUERN","[94] Vermögens- und Schuldenverwaltung","[942] Liegenschaften des Finanzvermögens","9","94","942","[4] Ertrag","[4] ERTRAG","[42] Vermögenserträge","[423] Liegenschaften des Finanzvermögens","4","4","42","423","34776.00"
"592","Schwanden b.B.","2007","[9] FINANZEN UND STEUERN","[94] Vermögens- und Schuldenverwaltung","[944] Burgergut","9","94","944","[4] Ertrag","[4] ERTRAG","[42] Vermögenserträge","[424] Buchgewinne auf Anlagen des Finanzvermögens","4","4","42","424","8933.00"
"592","Schwanden b.B.","2007","[3] KULTUR UND FREIZEIT","[30] Kulturförderung","[309] Uebrige Kulturförderung","3","30","309","[4] Ertrag","[4] ERTRAG","[42] Vermögenserträge","[428] Einnahmeüberschuss der Investitionsrechnung","4","4","42","428","600.00"
"592","Schwanden b.B.","2007","[1] OEFFENTLICHE SICHERHEIT","[10] Rechtsaufsicht","[101] Uebrige Rechtspflege","1","10","101","[4] Ertrag","[4] ERTRAG","[43] Entgelte","[431] Gebühren für Amtshandlungen","4","4","43","431","22765.25"
"592","Schwanden b.B.","2007","[4] GESUNDHEIT","[47] Lebensmittelkontrolle","[470] Lebensmittelkontrolle","4","47","470","[4] Ertrag","[4] ERTRAG","[43] Entgelte","[431] Gebühren für Amtshandlungen","4","4","43","431","50.00"
"592","Schwanden b.B.","2007","[0] ALLGEMEINE VERWALTUNG","[02] Allgemeine Verwaltung","[029] Allgemeine Verwaltung","0","2","29","[4] Ertrag","[4] ERTRAG","[43] Entgelte","[434] Andere Benützungsgebühren und Dienstleistungen","4","4","43","434","1216.90"
"592","Schwanden b.B.","2007","[0] ALLGEMEINE VERWALTUNG","[09] Nicht aufteilbare Aufgaben","[090] Verwaltungsliegenschaften","0","9","90","[4] Ertrag","[4] ERTRAG","[43] Entgelte","[434] Andere Benützungsgebühren und Dienstleistungen","4","4","43","434","865.00"
"592","Schwanden b.B.","2007","[0] ALLGEMEINE VERWALTUNG","[09] Nicht aufteilbare Aufgaben","[091] ...","0","9","91","[4] Ertrag","[4] ERTRAG","[43] Entgelte","[434] Andere Benützungsgebühren und Dienstleistungen","4","4","43","434","1488.00"
"592","Schwanden b.B.","2007","[1] OEFFENTLICHE SICHERHEIT","[16] Zivile Landesverteidigung","[160] Zivilschutz","1","16","160","[4] Ertrag","[4] ERTRAG","[43] Entgelte","[434] Andere Benützungsgebühren und Dienstleistungen","4","4","43","434","1200.00"
"592","Schwanden b.B.","2007","[2] BILDUNG","[21] Volksschule","[217] Schulliegenschaften (Ki.garten sofern nicht zuteilbar, Prim + Sek 1)","2","21","217","[4] Ertrag","[4] ERTRAG","[43] Entgelte","[434] Andere Benützungsgebühren und Dienstleistungen","4","4","43","434","2350.00"
"592","Schwanden b.B.","2007","[6] VERKEHR","[62] Gemeindestrassen","[620] Gemeindestrassennetz","6","62","620","[4] Ertrag","[4] ERTRAG","[43] Entgelte","[434] Andere Benützungsgebühren und Dienstleistungen","4","4","43","434","10603.10"
"592","Schwanden b.B.","2007","[7] UMWELT UND RAUMORDNUNG","[71] Abwasserentsorgung","[710] Abwasserentsorgung","7","71","710","[4] Ertrag","[4] ERTRAG","[43] Entgelte","[434] Andere Benützungsgebühren und Dienstleistungen","4","4","43","434","124066.65"
"592","Schwanden b.B.","2007","[7] UMWELT UND RAUMORDNUNG","[75] Gewässerverbauungen","[750] Gewässerverbauungen","7","75","750","[4] Ertrag","[4] ERTRAG","[43] Entgelte","[434] Andere Benützungsgebühren und Dienstleistungen","4","4","43","434","1500.00"
"592","Schwanden b.B.","2007","[0] ALLGEMEINE VERWALTUNG","[02] Allgemeine Verwaltung","[029] Allgemeine Verwaltung","0","2","29","[4] Ertrag","[4] ERTRAG","[43] Entgelte","[435] Uebrige Verkaufserlöse","4","4","43","435","3033.50"
"592","Schwanden b.B.","2007","[8] VOLKSWIRTSCHAFT","[81] Forstwirtschaft","[812] Holzernte","8","81","812","[4] Ertrag","[4] ERTRAG","[43] Entgelte","[435] Uebrige Verkaufserlöse","4","4","43","435","44677.80"
"592","Schwanden b.B.","2007","[8] VOLKSWIRTSCHAFT","[86] Energie","[860] Elektrizität","8","86","860","[4] Ertrag","[4] ERTRAG","[43] Entgelte","[435] Uebrige Verkaufserlöse","4","4","43","435","10862.25"
"592","Schwanden b.B.","2007","[9] FINANZEN UND STEUERN","[94] Vermögens- und Schuldenverwaltung","[942] Liegenschaften des Finanzvermögens","9","94","942","[4] Ertrag","[4] ERTRAG","[43] Entgelte","[435] Uebrige Verkaufserlöse","4","4","43","435","183.00"
"592","Schwanden b.B.","2007","[7] UMWELT UND RAUMORDNUNG","[70] Wasserversorgung","[700] Wasserversorgung","7","70","700","[4] Ertrag","[4] ERTRAG","[43] Entgelte","[436] Rückerstattungen","4","4","43","436","2171.40"
"592","Schwanden b.B.","2007","[9] FINANZEN UND STEUERN","[94] Vermögens- und Schuldenverwaltung","[944] Burgergut","9","94","944","[4] Ertrag","[4] ERTRAG","[43] Entgelte","[436] Rückerstattungen","4","4","43","436","5239.25"
"592","Schwanden b.B.","2007","[9] FINANZEN UND STEUERN","[93] Anteile an kantonalen Steuern und Abgaben","[930] Anteile an kantonalen Steuern und Abgaben","9","93","930","[4] Ertrag","[4] ERTRAG","[44] Anteile und Beiträge ohne Zweckbindungen","[441] Anteile an Kantonseinnahmen","4","4","44","441","7058.85"
"592","Schwanden b.B.","2007","[0] ALLGEMEINE VERWALTUNG","[02] Allgemeine Verwaltung","[029] Allgemeine Verwaltung","0","2","29","[4] Ertrag","[4] ERTRAG","[45] Rückerstattungen von Gemeinwesen","[451] Kanton","4","4","45","451","1794.95"
"592","Schwanden b.B.","2007","[1] OEFFENTLICHE SICHERHEIT","[10] Rechtsaufsicht","[101] Uebrige Rechtspflege","1","10","101","[4] Ertrag","[4] ERTRAG","[45] Rückerstattungen von Gemeinwesen","[451] Kanton","4","4","45","451","842.50"
"592","Schwanden b.B.","2007","[5] SOZIALE WOHLFAHRT","[58] Sozialhilfe","[583] Asylwesen","5","58","583","[4] Ertrag","[4] ERTRAG","[45] Rückerstattungen von Gemeinwesen","[451] Kanton","4","4","45","451","1240.30"
"592","Schwanden b.B.","2007","[5] SOZIALE WOHLFAHRT","[58] Sozialhilfe","[589] Sozialbehörden, Sekretariat","5","58","589","[4] Ertrag","[4] ERTRAG","[45] Rückerstattungen von Gemeinwesen","[452] Gemeinden","4","4","45","452","9528.15"
"592","Schwanden b.B.","2007","[4] GESUNDHEIT","[40] Spitäler","[400] Spitäler","4","40","400","[4] Ertrag","[4] ERTRAG","[46] Beiträge","[461] Kanton","4","4","46","461","22555.90"
"592","Schwanden b.B.","2007","[3] KULTUR UND FREIZEIT","[30] Kulturförderung","[309] Uebrige Kulturförderung","3","30","309","[4] Ertrag","[4] ERTRAG","[46] Beiträge","[469] Uebrige Beiträge für eigene Rechnung","4","4","46","469","4656.05"
"592","Schwanden b.B.","2007","[7] UMWELT UND RAUMORDNUNG","[75] Gewässerverbauungen","[750] Gewässerverbauungen","7","75","750","[4] Ertrag","[4] ERTRAG","[47] Durchlaufende Beiträge","[472] Gemeinden","4","4","47","472","92212.60"
"592","Schwanden b.B.","2007","[1] OEFFENTLICHE SICHERHEIT","[14] Wehrdienste","[140] Wehrdienste","1","14","140","[4] Ertrag","[4] ERTRAG","[48] Entnahmen aus Spezialfinanzierungen","[480] Entnahmen aus Spezialfinanzierungen","4","4","48","480","1659.50"
"592","Schwanden b.B.","2007","[3] KULTUR UND FREIZEIT","[34] Sport","[342] ...","3","34","342","[4] Ertrag","[4] ERTRAG","[48] Entnahmen aus Spezialfinanzierungen","[480] Entnahmen aus Spezialfinanzierungen","4","4","48","480","1157.50"
"592","Schwanden b.B.","2007","[7] UMWELT UND RAUMORDNUNG","[71] Abwasserentsorgung","[710] Abwasserentsorgung","7","71","710","[4] Ertrag","[4] ERTRAG","[48] Entnahmen aus Spezialfinanzierungen","[480] Entnahmen aus Spezialfinanzierungen","4","4","48","480","13646.05"
"592","Schwanden b.B.","2007","[7] UMWELT UND RAUMORDNUNG","[72] Abfallentsorgung","[720] Abfallentsorgung","7","72","720","[4] Ertrag","[4] ERTRAG","[48] Entnahmen aus Spezialfinanzierungen","[480] Entnahmen aus Spezialfinanzierungen","4","4","48","480","692.45"
"592","Schwanden b.B.","2007","[0] ALLGEMEINE VERWALTUNG","[01] Legislative und Exekutive","[012] Exekutive","0","1","12","[4] Ertrag","[4] ERTRAG","[49] Interne Verrechnungen","[490] Verrechneter Aufwand","4","4","49","490","900.00"
"592","Schwanden b.B.","2007","[0] ALLGEMEINE VERWALTUNG","[02] Allgemeine Verwaltung","[029] Allgemeine Verwaltung","0","2","29","[4] Ertrag","[4] ERTRAG","[49] Interne Verrechnungen","[490] Verrechneter Aufwand","4","4","49","490","21600.00"
"592","Schwanden b.B.","2007","[7] UMWELT UND RAUMORDNUNG","[70] Wasserversorgung","[700] Wasserversorgung","7","70","700","[4] Ertrag","[4] ERTRAG","[49] Interne Verrechnungen","[491] Verrechnete Zinsen","4","4","49","491","10273.60"
"592","Schwanden b.B.","2007","[9] FINANZEN UND STEUERN","[94] Vermögens- und Schuldenverwaltung","[944] Burgergut","9","94","944","[4] Ertrag","[4] ERTRAG","[49] Interne Verrechnungen","[491] Verrechnete Zinsen","4","4","49","491","21724.80"
"592","Schwanden b.B.","2007","[9] FINANZEN UND STEUERN","[99] Nicht aufgeteilte Posten","[990] Abschreibungen","9","99","990","[4] Ertrag","[4] ERTRAG","[49] Interne Verrechnungen","[492] Verrechnete Abschreibungen","4","4","49","492","1906.30"
"592","Schwanden b.B.","2007","[1] OEFFENTLICHE SICHERHEIT","[10] Rechtsaufsicht","[100] Mass und Gewicht","1","10","100","[5] Ausgaben","[5] Ausgaben","[50] Sachgüter","[500] Grundstücke","5","5","50","500","23500.00"
"592","Schwanden b.B.","2007","[7] UMWELT UND RAUMORDNUNG","[70] Wasserversorgung","[700] Wasserversorgung","7","70","700","[5] Ausgaben","[5] Ausgaben","[50] Sachgüter","[501] Tiefbauten","5","5","50","501","14763.70"
"592","Schwanden b.B.","2007","[2] BILDUNG","[21] Volksschule","[217] Schulliegenschaften (Ki.garten sofern nicht zuteilbar, Prim + Sek 1)","2","21","217","[5] Ausgaben","[5] Ausgaben","[50] Sachgüter","[503] Hochbauten","5","5","50","503","3623.75"
"592","Schwanden b.B.","2007","[9] FINANZEN UND STEUERN","[94] Vermögens- und Schuldenverwaltung","[944] Burgergut","9","94","944","[5] Ausgaben","[5] Ausgaben","[59] Passivierungen","[595] Uebertrag Abgänge von Liegenschaften des Finanzvermögens","5","5","59","595","10360.00"
"592","Schwanden b.B.","2007","[9] FINANZEN UND STEUERN","[94] Vermögens- und Schuldenverwaltung","[944] Burgergut","9","94","944","[6] Einnahmen","[6] Einnahmen","[60] Abgang von Sachgütern","[600] Grundstücke","6","6","60","600","10360.00"
"592","Schwanden b.B.","2007","[7] UMWELT UND RAUMORDNUNG","[70] Wasserversorgung","[700] Wasserversorgung","7","70","700","[6] Einnahmen","[6] Einnahmen","[61] Nutzungsabgaben und Vorteilsentgelte","[610] Beiträge Dritter für eigene Rechnung","6","6","61","610","8765.10"
"592","Schwanden b.B.","2007","[3] KULTUR UND FREIZEIT","[34] Sport","[340] Sport","3","34","340","[6] Einnahmen","[6] Einnahmen","[62] Rückzahlung von Darlehen und Beteiligungen","[625] Private Institutionen","6","6","62","625","5500.00"
"592","Schwanden b.B.","2007","[6] VERKEHR","[62] Gemeindestrassen","[620] Gemeindestrassennetz","6","62","620","[6] Einnahmen","[6] Einnahmen","[66] Beiträge für eigene Rechnung","[661] Kanton","6","6","66","661","143799.15"
"592","Schwanden b.B.","2007","[3] KULTUR UND FREIZEIT","[30] Kulturförderung","[309] Uebrige Kulturförderung","3","30","309","[6] Einnahmen","[6] Einnahmen","[66] Beiträge für eigene Rechnung","[663] Eigene Anstalten","6","6","66","663","600.00"
"592","Schwanden b.B.","2007","[3] KULTUR UND FREIZEIT","[34] Sport","[342] ...","3","34","342","[6] Einnahmen","[6] Einnahmen","[66] Beiträge für eigene Rechnung","[669] Uebrige Beiträge für eigene Rechnung","6","6","66","669","10944.30"
"592","Schwanden b.B.","2007","[9] FINANZEN UND STEUERN","[99] Nicht aufgeteilte Posten","[999] Abschluss","9","99","999","[6] Einnahmen","[6] Einnahmen","[69] Aktivierungen","[690] Aktivierte Ausgaben","6","6","69","690","328403.00"
"592","Schwanden b.B.","2008","","","","","","","[1] Aktiven","[10] Finanzvermögen","[100] Flüssige Mittel","[1001] Post","1","10","100","1001","45820.54"
"592","Schwanden b.B.","2008","","","","","","","[1] Aktiven","[10] Finanzvermögen","[101] Guthaben","[1010] Vorschüsse","1","10","101","1010","200.00"
"592","Schwanden b.B.","2008","","","","","","","[1] Aktiven","[10] Finanzvermögen","[101] Guthaben","[1013] Rückerstattungen von Gemeinwesen","1","10","101","1013","152000.00"
"592","Schwanden b.B.","2008","","","","","","","[1] Aktiven","[10] Finanzvermögen","[102] Anlagen","[1020] Festverzinsliche Wertpapiere","1","10","102","1020","1204855.85"
"592","Schwanden b.B.","2008","","","","","","","[1] Aktiven","[10] Finanzvermögen","[102] Anlagen","[1023] Liegenschaften","1","10","102","1023","1042937.10"
"592","Schwanden b.B.","2008","","","","","","","[1] Aktiven","[10] Finanzvermögen","[102] Anlagen","[1025] Vorräte","1","10","102","1025","2862.64"
"592","Schwanden b.B.","2008","","","","","","","[1] Aktiven","[10] Finanzvermögen","[103] Transitorische Aktiven","[1030] Transitorische Aktiven","1","10","103","1030","299683.65"
"592","Schwanden b.B.","2008","","","","","","","[1] Aktiven","[11] Verwaltungsvermögen","[114] Sachgüter","[1145] Waldungen","1","11","114","1145","1.00"
"592","Schwanden b.B.","2008","","","","","","","[1] Aktiven","[11] Verwaltungsvermögen","[115] Darlehen und Beteiligungen","[1152] Gemeinden","1","11","115","1152","30000.00"
"592","Schwanden b.B.","2008","","","","","","","[1] Aktiven","[11] Verwaltungsvermögen","[115] Darlehen und Beteiligungen","[1154] Gemischtwirtschaftliche Unternehmungen","1","11","115","1154","4.00"
"592","Schwanden b.B.","2008","","","","","","","[1] Aktiven","[11] Verwaltungsvermögen","[115] Darlehen und Beteiligungen","[1155] Private Institutionen","1","11","115","1155","27502.00"
"592","Schwanden b.B.","2008","","","","","","","[1] Aktiven","[11] Verwaltungsvermögen","[117] Uebrige aktiverte Ausgaben","[1171] Raumplanung","1","11","117","1171","46641.70"
"592","Schwanden b.B.","2008","","","","","","","[1] Aktiven","[11] Verwaltungsvermögen","[117] Uebrige aktiverte Ausgaben","[1179] Uebrige aktivierte Ausgaben","1","11","117","1179","57847.90"
"592","Schwanden b.B.","2008","","","","","","","[2] Passiven","[20] Fremdkapital","[200] Laufende Verpflichtungen","[2000] Kreditoren","2","20","200","2000","237235.42"
"592","Schwanden b.B.","2008","","","","","","","[2] Passiven","[20] Fremdkapital","[200] Laufende Verpflichtungen","[2005] Durchlaufende Beiträge","2","20","200","2005","7946.20"
"592","Schwanden b.B.","2008","","","","","","","[2] Passiven","[20] Fremdkapital","[202] Mittel- und langfristige Schulden","[2021] Schuldscheine","2","20","202","2021","145950.00"
"592","Schwanden b.B.","2008","","","","","","","[2] Passiven","[20] Fremdkapital","[204] Rückstellungen","[2049] Wertberichtigung auf Guthaben","2","20","204","2049","122168.15"
"592","Schwanden b.B.","2008","","","","","","","[2] Passiven","[20] Fremdkapital","[205] Transitorische Passiven","[2050] Transitorische Passiven","2","20","205","2050","1706.85"
"592","Schwanden b.B.","2008","","","","","","","[2] Passiven","[22] Spezialfinanzierungen","[228] Verpflichtungen für Spezialfinanzierungen","[2280] Spezialfinanzierungen gestützt auf übergeordnetes Recht","2","22","228","2280","1223764.06"
"592","Schwanden b.B.","2008","[0] ALLGEMEINE VERWALTUNG","[01] Legislative und Exekutive","[012] Exekutive","0","1","12","[3] Aufwand","[3] AUFWAND","[30] Personalaufwand","[300] Personalaufwand der Behörden und Kommissionen","3","3","30","300","16396.00"
"592","Schwanden b.B.","2008","[3] KULTUR UND FREIZEIT","[30] Kulturförderung","[309] Uebrige Kulturförderung","3","30","309","[3] Aufwand","[3] AUFWAND","[30] Personalaufwand","[300] Personalaufwand der Behörden und Kommissionen","3","3","30","300","1344.00"
"592","Schwanden b.B.","2008","[7] UMWELT UND RAUMORDNUNG","[72] Abfallentsorgung","[720] Abfallentsorgung","7","72","720","[3] Aufwand","[3] AUFWAND","[30] Personalaufwand","[300] Personalaufwand der Behörden und Kommissionen","3","3","30","300","1000.00"
"592","Schwanden b.B.","2008","[8] VOLKSWIRTSCHAFT","[81] Forstwirtschaft","[810] Forstverwaltung","8","81","810","[3] Aufwand","[3] AUFWAND","[30] Personalaufwand","[300] Personalaufwand der Behörden und Kommissionen","3","3","30","300","264.00"
"592","Schwanden b.B.","2008","[9] FINANZEN UND STEUERN","[94] Vermögens- und Schuldenverwaltung","[944] Burgergut","9","94","944","[3] Aufwand","[3] AUFWAND","[30] Personalaufwand","[300] Personalaufwand der Behörden und Kommissionen","3","3","30","300","264.00"
"592","Schwanden b.B.","2008","[6] VERKEHR","[62] Gemeindestrassen","[620] Gemeindestrassennetz","6","62","620","[3] Aufwand","[3] AUFWAND","[30] Personalaufwand","[301] Löhne des Verwaltungs- + Betriebspersonals","3","3","30","301","81606.75"
"592","Schwanden b.B.","2008","[7] UMWELT UND RAUMORDNUNG","[70] Wasserversorgung","[700] Wasserversorgung","7","70","700","[3] Aufwand","[3] AUFWAND","[30] Personalaufwand","[301] Löhne des Verwaltungs- + Betriebspersonals","3","3","30","301","6975.10"
"592","Schwanden b.B.","2008","[0] ALLGEMEINE VERWALTUNG","[02] Allgemeine Verwaltung","[029] Allgemeine Verwaltung","0","2","29","[3] Aufwand","[3] AUFWAND","[30] Personalaufwand","[304] Personalversicherungsbeiträge","3","3","30","304","12306.20"
"592","Schwanden b.B.","2008","[6] VERKEHR","[62] Gemeindestrassen","[620] Gemeindestrassennetz","6","62","620","[3] Aufwand","[3] AUFWAND","[30] Personalaufwand","[304] Personalversicherungsbeiträge","3","3","30","304","6667.20"
"592","Schwanden b.B.","2008","[0] ALLGEMEINE VERWALTUNG","[02] Allgemeine Verwaltung","[029] Allgemeine Verwaltung","0","2","29","[3] Aufwand","[3] AUFWAND","[30] Personalaufwand","[305] Unfall- und Krankenversicherungsbeiträge","3","3","30","305","3790.10"
"592","Schwanden b.B.","2008","[2] BILDUNG","[21] Volksschule","[217] Schulliegenschaften (Ki.garten sofern nicht zuteilbar, Prim + Sek 1)","2","21","217","[3] Aufwand","[3] AUFWAND","[30] Personalaufwand","[305] Unfall- und Krankenversicherungsbeiträge","3","3","30","305","347.65"
"592","Schwanden b.B.","2008","[3] KULTUR UND FREIZEIT","[30] Kulturförderung","[309] Uebrige Kulturförderung","3","30","309","[3] Aufwand","[3] AUFWAND","[31] Sachaufwand","[310] Büro- und Schulmaterialien, Drucksachen","3","3","31","310","912.45"
"592","Schwanden b.B.","2008","[7] UMWELT UND RAUMORDNUNG","[70] Wasserversorgung","[700] Wasserversorgung","7","70","700","[3] Aufwand","[3] AUFWAND","[31] Sachaufwand","[310] Büro- und Schulmaterialien, Drucksachen","3","3","31","310","106.75"
"592","Schwanden b.B.","2008","[9] FINANZEN UND STEUERN","[94] Vermögens- und Schuldenverwaltung","[944] Burgergut","9","94","944","[3] Aufwand","[3] AUFWAND","[31] Sachaufwand","[310] Büro- und Schulmaterialien, Drucksachen","3","3","31","310","32.00"
"592","Schwanden b.B.","2008","[0] ALLGEMEINE VERWALTUNG","[02] Allgemeine Verwaltung","[029] Allgemeine Verwaltung","0","2","29","[3] Aufwand","[3] AUFWAND","[31] Sachaufwand","[311] Anschaffung Mobilien, Maschinen, Fahrzeuge","3","3","31","311","2727.65"
"592","Schwanden b.B.","2008","[0] ALLGEMEINE VERWALTUNG","[09] Nicht aufteilbare Aufgaben","[090] Verwaltungsliegenschaften","0","9","90","[3] Aufwand","[3] AUFWAND","[31] Sachaufwand","[311] Anschaffung Mobilien, Maschinen, Fahrzeuge","3","3","31","311","707.30"
"592","Schwanden b.B.","2008","[1] OEFFENTLICHE SICHERHEIT","[14] Wehrdienste","[140] Wehrdienste","1","14","140","[3] Aufwand","[3] AUFWAND","[31] Sachaufwand","[311] Anschaffung Mobilien, Maschinen, Fahrzeuge","3","3","31","311","164.60"
"592","Schwanden b.B.","2008","[7] UMWELT UND RAUMORDNUNG","[70] Wasserversorgung","[700] Wasserversorgung","7","70","700","[3] Aufwand","[3] AUFWAND","[31] Sachaufwand","[311] Anschaffung Mobilien, Maschinen, Fahrzeuge","3","3","31","311","979.30"
"592","Schwanden b.B.","2008","[2] BILDUNG","[21] Volksschule","[217] Schulliegenschaften (Ki.garten sofern nicht zuteilbar, Prim + Sek 1)","2","21","217","[3] Aufwand","[3] AUFWAND","[31] Sachaufwand","[312] Wasser, Energie, Heizmaterialien","3","3","31","312","19791.70"
"592","Schwanden b.B.","2008","[3] KULTUR UND FREIZEIT","[33] Parkanlagen und Wanderwege","[330] Parkanlagen und Wanderwege","3","33","330","[3] Aufwand","[3] AUFWAND","[31] Sachaufwand","[312] Wasser, Energie, Heizmaterialien","3","3","31","312","5693.25"
"592","Schwanden b.B.","2008","[9] FINANZEN UND STEUERN","[94] Vermögens- und Schuldenverwaltung","[942] Liegenschaften des Finanzvermögens","9","94","942","[3] Aufwand","[3] AUFWAND","[31] Sachaufwand","[312] Wasser, Energie, Heizmaterialien","3","3","31","312","4552.05"
"592","Schwanden b.B.","2008","[0] ALLGEMEINE VERWALTUNG","[09] Nicht aufteilbare Aufgaben","[090] Verwaltungsliegenschaften","0","9","90","[3] Aufwand","[3] AUFWAND","[31] Sachaufwand","[314] Dienstleistungen Dritter für den baulichen Unterhalt","3","3","31","314","7972.20"
"592","Schwanden b.B.","2008","[1] OEFFENTLICHE SICHERHEIT","[10] Rechtsaufsicht","[100] Mass und Gewicht","1","10","100","[3] Aufwand","[3] AUFWAND","[31] Sachaufwand","[314] Dienstleistungen Dritter für den baulichen Unterhalt","3","3","31","314","6398.65"
"592","Schwanden b.B.","2008","[1] OEFFENTLICHE SICHERHEIT","[14] Wehrdienste","[140] Wehrdienste","1","14","140","[3] Aufwand","[3] AUFWAND","[31] Sachaufwand","[314] Dienstleistungen Dritter für den baulichen Unterhalt","3","3","31","314","190.00"
"592","Schwanden b.B.","2008","[2] BILDUNG","[21] Volksschule","[217] Schulliegenschaften (Ki.garten sofern nicht zuteilbar, Prim + Sek 1)","2","21","217","[3] Aufwand","[3] AUFWAND","[31] Sachaufwand","[314] Dienstleistungen Dritter für den baulichen Unterhalt","3","3","31","314","3196.55"
"592","Schwanden b.B.","2008","[3] KULTUR UND FREIZEIT","[34] Sport","[341] ...","3","34","341","[3] Aufwand","[3] AUFWAND","[31] Sachaufwand","[314] Dienstleistungen Dritter für den baulichen Unterhalt","3","3","31","314","3547.10"
"592","Schwanden b.B.","2008","[3] KULTUR UND FREIZEIT","[34] Sport","[342] ...","3","34","342","[3] Aufwand","[3] AUFWAND","[31] Sachaufwand","[314] Dienstleistungen Dritter für den baulichen Unterhalt","3","3","31","314","1050.95"
"592","Schwanden b.B.","2008","[6] VERKEHR","[62] Gemeindestrassen","[620] Gemeindestrassennetz","6","62","620","[3] Aufwand","[3] AUFWAND","[31] Sachaufwand","[314] Dienstleistungen Dritter für den baulichen Unterhalt","3","3","31","314","26186.95"
"592","Schwanden b.B.","2008","[7] UMWELT UND RAUMORDNUNG","[71] Abwasserentsorgung","[710] Abwasserentsorgung","7","71","710","[3] Aufwand","[3] AUFWAND","[31] Sachaufwand","[314] Dienstleistungen Dritter für den baulichen Unterhalt","3","3","31","314","4672.75"
"592","Schwanden b.B.","2008","[8] VOLKSWIRTSCHAFT","[81] Forstwirtschaft","[812] Holzernte","8","81","812","[3] Aufwand","[3] AUFWAND","[31] Sachaufwand","[315] Dienstleistungen Dritter für den übrigen Unterhalt","3","3","31","315","616.55"
"592","Schwanden b.B.","2008","[9] FINANZEN UND STEUERN","[94] Vermögens- und Schuldenverwaltung","[944] Burgergut","9","94","944","[3] Aufwand","[3] AUFWAND","[31] Sachaufwand","[315] Dienstleistungen Dritter für den übrigen Unterhalt","3","3","31","315","18579.20"
"592","Schwanden b.B.","2008","[0] ALLGEMEINE VERWALTUNG","[09] Nicht aufteilbare Aufgaben","[090] Verwaltungsliegenschaften","0","9","90","[3] Aufwand","[3] AUFWAND","[31] Sachaufwand","[316] Mieten, Pachten, Benützungskosten","3","3","31","316","3052.15"
"592","Schwanden b.B.","2008","[6] VERKEHR","[62] Gemeindestrassen","[620] Gemeindestrassennetz","6","62","620","[3] Aufwand","[3] AUFWAND","[31] Sachaufwand","[316] Mieten, Pachten, Benützungskosten","3","3","31","316","50.00"
"592","Schwanden b.B.","2008","[0] ALLGEMEINE VERWALTUNG","[02] Allgemeine Verwaltung","[029] Allgemeine Verwaltung","0","2","29","[3] Aufwand","[3] AUFWAND","[31] Sachaufwand","[317] Spesenentschädigungen","3","3","31","317","696.00"
"592","Schwanden b.B.","2008","[3] KULTUR UND FREIZEIT","[34] Sport","[341] ...","3","34","341","[3] Aufwand","[3] AUFWAND","[31] Sachaufwand","[317] Spesenentschädigungen","3","3","31","317","62.60"
"592","Schwanden b.B.","2008","[1] OEFFENTLICHE SICHERHEIT","[16] Zivile Landesverteidigung","[160] Zivilschutz","1","16","160","[3] Aufwand","[3] AUFWAND","[31] Sachaufwand","[318] Dienstleistungen und Honorare, allg. Verwaltungsaufwand","3","3","31","318","144.75"
"592","Schwanden b.B.","2008","[2] BILDUNG","[20] Kindergarten","[200] Kindergarten","2","20","200","[3] Aufwand","[3] AUFWAND","[31] Sachaufwand","[318] Dienstleistungen und Honorare, allg. Verwaltungsaufwand","3","3","31","318","17.30"
"592","Schwanden b.B.","2008","[2] BILDUNG","[21] Volksschule","[219] Nicht Aufteilbares, Volksschule, Tagesschule","2","21","219","[3] Aufwand","[3] AUFWAND","[31] Sachaufwand","[318] Dienstleistungen und Honorare, allg. Verwaltungsaufwand","3","3","31","318","8631.10"
"592","Schwanden b.B.","2008","[3] KULTUR UND FREIZEIT","[30] Kulturförderung","[309] Uebrige Kulturförderung","3","30","309","[3] Aufwand","[3] AUFWAND","[31] Sachaufwand","[318] Dienstleistungen und Honorare, allg. Verwaltungsaufwand","3","3","31","318","2094.80"
"592","Schwanden b.B.","2008","[4] GESUNDHEIT","[46] Schulgesundheitsdienst","[460] Schulärztliche Pflege","4","46","460","[3] Aufwand","[3] AUFWAND","[31] Sachaufwand","[318] Dienstleistungen und Honorare, allg. Verwaltungsaufwand","3","3","31","318","397.95"
"592","Schwanden b.B.","2008","[7] UMWELT UND RAUMORDNUNG","[70] Wasserversorgung","[700] Wasserversorgung","7","70","700","[3] Aufwand","[3] AUFWAND","[31] Sachaufwand","[318] Dienstleistungen und Honorare, allg. Verwaltungsaufwand","3","3","31","318","3008.80"
"592","Schwanden b.B.","2008","[9] FINANZEN UND STEUERN","[94] Vermögens- und Schuldenverwaltung","[942] Liegenschaften des Finanzvermögens","9","94","942","[3] Aufwand","[3] AUFWAND","[31] Sachaufwand","[318] Dienstleistungen und Honorare, allg. Verwaltungsaufwand","3","3","31","318","4517.35"
"592","Schwanden b.B.","2008","[9] FINANZEN UND STEUERN","[94] Vermögens- und Schuldenverwaltung","[944] Burgergut","9","94","944","[3] Aufwand","[3] AUFWAND","[31] Sachaufwand","[318] Dienstleistungen und Honorare, allg. Verwaltungsaufwand","3","3","31","318","13670.65"
"592","Schwanden b.B.","2008","[6] VERKEHR","[62] Gemeindestrassen","[620] Gemeindestrassennetz","6","62","620","[3] Aufwand","[3] AUFWAND","[31] Sachaufwand","[319] Uebriger Sachaufwand","3","3","31","319","532.65"
"592","Schwanden b.B.","2008","[9] FINANZEN UND STEUERN","[94] Vermögens- und Schuldenverwaltung","[940] Zinsen","9","94","940","[3] Aufwand","[3] AUFWAND","[32] Passivzinsen","[321] Kurzfristige Schulden","3","3","32","321","3374.70"
"592","Schwanden b.B.","2008","[7] UMWELT UND RAUMORDNUNG","[70] Wasserversorgung","[700] Wasserversorgung","7","70","700","[3] Aufwand","[3] AUFWAND","[33] Abschreibungen","[330] Finanzvermögen","3","3","33","330","423.20"
"592","Schwanden b.B.","2008","[7] UMWELT UND RAUMORDNUNG","[71] Abwasserentsorgung","[710] Abwasserentsorgung","7","71","710","[3] Aufwand","[3] AUFWAND","[33] Abschreibungen","[330] Finanzvermögen","3","3","33","330","711.00"
"592","Schwanden b.B.","2008","[9] FINANZEN UND STEUERN","[90] Steuern","[903] Steuerabschreibungen","9","90","903","[3] Aufwand","[3] AUFWAND","[33] Abschreibungen","[330] Finanzvermögen","3","3","33","330","30103.55"
"592","Schwanden b.B.","2008","[9] FINANZEN UND STEUERN","[99] Nicht aufgeteilte Posten","[990] Abschreibungen","9","99","990","[3] Aufwand","[3] AUFWAND","[33] Abschreibungen","[331] Verwaltungsvermögen - harmonisierte Abschreibungen","3","3","33","331","80353.70"
"592","Schwanden b.B.","2008","[2] BILDUNG","[20] Kindergarten","[200] Kindergarten","2","20","200","[3] Aufwand","[3] AUFWAND","[35] Entschädigungen an Gemeinwesen","[351] Kanton","3","3","35","351","12501.00"
"592","Schwanden b.B.","2008","[2] BILDUNG","[21] Volksschule","[219] Nicht Aufteilbares, Volksschule, Tagesschule","2","21","219","[3] Aufwand","[3] AUFWAND","[35] Entschädigungen an Gemeinwesen","[351] Kanton","3","3","35","351","150646.10"
"592","Schwanden b.B.","2008","[5] SOZIALE WOHLFAHRT","[58] Sozialhilfe","[587] Lastenausgleich","5","58","587","[3] Aufwand","[3] AUFWAND","[35] Entschädigungen an Gemeinwesen","[351] Kanton","3","3","35","351","227727.60"
"592","Schwanden b.B.","2008","[8] VOLKSWIRTSCHAFT","[81] Forstwirtschaft","[812] Holzernte","8","81","812","[3] Aufwand","[3] AUFWAND","[35] Entschädigungen an Gemeinwesen","[351] Kanton","3","3","35","351","7753.65"
"592","Schwanden b.B.","2008","[1] OEFFENTLICHE SICHERHEIT","[10] Rechtsaufsicht","[101] Uebrige Rechtspflege","1","10","101","[3] Aufwand","[3] AUFWAND","[35] Entschädigungen an Gemeinwesen","[352] Gemeinden","3","3","35","352","1641.00"
"592","Schwanden b.B.","2008","[4] GESUNDHEIT","[44] Ambulante Krankenpflege","[440] Spitex/Krankenpflege","4","44","440","[3] Aufwand","[3] AUFWAND","[35] Entschädigungen an Gemeinwesen","[352] Gemeinden","3","3","35","352","500.00"
"592","Schwanden b.B.","2008","[5] SOZIALE WOHLFAHRT","[50] Altersversicherung","[501] Gemeindeanteil am Beitrag des Kantons für die AHV","5","50","501","[3] Aufwand","[3] AUFWAND","[36] Eigene Beiträge","[361] Kanton","3","3","36","361","46326.00"
"592","Schwanden b.B.","2008","[5] SOZIALE WOHLFAHRT","[51] Invalidenversicherung","[510] Gemeindeanteil am Beitrag des Kantons für die IV","5","51","510","[3] Aufwand","[3] AUFWAND","[36] Eigene Beiträge","[361] Kanton","3","3","36","361","54398.00"
"592","Schwanden b.B.","2008","[5] SOZIALE WOHLFAHRT","[53] Sonstige Sozialversicherungen","[530] Ergänzungsleistungen der AHV, IV","5","53","530","[3] Aufwand","[3] AUFWAND","[36] Eigene Beiträge","[361] Kanton","3","3","36","361","93684.00"
"592","Schwanden b.B.","2008","[6] VERKEHR","[65] Regionalverkehr","[650] Regionalverkehrsbetriebe","6","65","650","[3] Aufwand","[3] AUFWAND","[36] Eigene Beiträge","[361] Kanton","3","3","36","361","43071.00"
"592","Schwanden b.B.","2008","[1] OEFFENTLICHE SICHERHEIT","[10] Rechtsaufsicht","[101] Uebrige Rechtspflege","1","10","101","[3] Aufwand","[3] AUFWAND","[36] Eigene Beiträge","[362] Gemeinden","3","3","36","362","736.05"
"592","Schwanden b.B.","2008","[7] UMWELT UND RAUMORDNUNG","[71] Abwasserentsorgung","[710] Abwasserentsorgung","7","71","710","[3] Aufwand","[3] AUFWAND","[36] Eigene Beiträge","[362] Gemeinden","3","3","36","362","44743.00"
"592","Schwanden b.B.","2008","[7] UMWELT UND RAUMORDNUNG","[72] Abfallentsorgung","[720] Abfallentsorgung","7","72","720","[3] Aufwand","[3] AUFWAND","[36] Eigene Beiträge","[362] Gemeinden","3","3","36","362","2212.25"
"592","Schwanden b.B.","2008","[7] UMWELT UND RAUMORDNUNG","[75] Gewässerverbauungen","[750] Gewässerverbauungen","7","75","750","[3] Aufwand","[3] AUFWAND","[36] Eigene Beiträge","[362] Gemeinden","3","3","36","362","5001.95"
"592","Schwanden b.B.","2008","[8] VOLKSWIRTSCHAFT","[81] Forstwirtschaft","[810] Forstverwaltung","8","81","810","[3] Aufwand","[3] AUFWAND","[36] Eigene Beiträge","[362] Gemeinden","3","3","36","362","4435.95"
"592","Schwanden b.B.","2008","[0] ALLGEMEINE VERWALTUNG","[02] Allgemeine Verwaltung","[029] Allgemeine Verwaltung","0","2","29","[3] Aufwand","[3] AUFWAND","[36] Eigene Beiträge","[365] Private Institutionen","3","3","36","365","1596.00"
"592","Schwanden b.B.","2008","[1] OEFFENTLICHE SICHERHEIT","[16] Zivile Landesverteidigung","[161] Uebrige zivile Landesverteidigung","1","16","161","[3] Aufwand","[3] AUFWAND","[36] Eigene Beiträge","[365] Private Institutionen","3","3","36","365","1800.00"
"592","Schwanden b.B.","2008","[2] BILDUNG","[21] Volksschule","[214] Musikschulen","2","21","214","[3] Aufwand","[3] AUFWAND","[36] Eigene Beiträge","[365] Private Institutionen","3","3","36","365","9100.00"
"592","Schwanden b.B.","2008","[3] KULTUR UND FREIZEIT","[30] Kulturförderung","[309] Uebrige Kulturförderung","3","30","309","[3] Aufwand","[3] AUFWAND","[36] Eigene Beiträge","[365] Private Institutionen","3","3","36","365","1938.00"
"592","Schwanden b.B.","2008","[3] KULTUR UND FREIZEIT","[33] Parkanlagen und Wanderwege","[330] Parkanlagen und Wanderwege","3","33","330","[3] Aufwand","[3] AUFWAND","[36] Eigene Beiträge","[365] Private Institutionen","3","3","36","365","180.90"
"592","Schwanden b.B.","2008","[4] GESUNDHEIT","[45] Krankheitsbekämpfung","[450] Krankheitsbekämpfung","4","45","450","[3] Aufwand","[3] AUFWAND","[36] Eigene Beiträge","[365] Private Institutionen","3","3","36","365","605.00"
"592","Schwanden b.B.","2008","[5] SOZIALE WOHLFAHRT","[54] Jugendschutz","[540] Jugendschutz","5","54","540","[3] Aufwand","[3] AUFWAND","[36] Eigene Beiträge","[365] Private Institutionen","3","3","36","365","100.00"
"592","Schwanden b.B.","2008","[5] SOZIALE WOHLFAHRT","[58] Sozialhilfe","[582] Weitere Wohlfahrts-, Vor- + Fürsorgeeinrichtungen","5","58","582","[3] Aufwand","[3] AUFWAND","[36] Eigene Beiträge","[365] Private Institutionen","3","3","36","365","513.50"
"592","Schwanden b.B.","2008","[8] VOLKSWIRTSCHAFT","[80] Landwirtschaft","[800] Landwirtschaft","8","80","800","[3] Aufwand","[3] AUFWAND","[36] Eigene Beiträge","[365] Private Institutionen","3","3","36","365","50.00"
"592","Schwanden b.B.","2008","[8] VOLKSWIRTSCHAFT","[81] Forstwirtschaft","[810] Forstverwaltung","8","81","810","[3] Aufwand","[3] AUFWAND","[36] Eigene Beiträge","[365] Private Institutionen","3","3","36","365","1893.00"
"592","Schwanden b.B.","2008","[1] OEFFENTLICHE SICHERHEIT","[14] Wehrdienste","[140] Wehrdienste","1","14","140","[3] Aufwand","[3] AUFWAND","[37] Durchlaufende Beiträge","[372] Gemeinden","3","3","37","372","20837.55"
"592","Schwanden b.B.","2008","[7] UMWELT UND RAUMORDNUNG","[70] Wasserversorgung","[700] Wasserversorgung","7","70","700","[3] Aufwand","[3] AUFWAND","[38] Einlagen in Spezialfinanzierungen","[380] Einlagen in Spezialfinanzierungen","3","3","38","380","58505.45"
"592","Schwanden b.B.","2008","[9] FINANZEN UND STEUERN","[94] Vermögens- und Schuldenverwaltung","[944] Burgergut","9","94","944","[3] Aufwand","[3] AUFWAND","[38] Einlagen in Spezialfinanzierungen","[380] Einlagen in Spezialfinanzierungen","3","3","38","380","2280.55"
"592","Schwanden b.B.","2008","[1] OEFFENTLICHE SICHERHEIT","[16] Zivile Landesverteidigung","[160] Zivilschutz","1","16","160","[3] Aufwand","[3] AUFWAND","[39] Interne Verrechnungen","[390] Verrechneter Aufwand","3","3","39","390","1200.00"
"592","Schwanden b.B.","2008","[7] UMWELT UND RAUMORDNUNG","[70] Wasserversorgung","[700] Wasserversorgung","7","70","700","[3] Aufwand","[3] AUFWAND","[39] Interne Verrechnungen","[390] Verrechneter Aufwand","3","3","39","390","7000.00"
"592","Schwanden b.B.","2008","[7] UMWELT UND RAUMORDNUNG","[71] Abwasserentsorgung","[710] Abwasserentsorgung","7","71","710","[3] Aufwand","[3] AUFWAND","[39] Interne Verrechnungen","[390] Verrechneter Aufwand","3","3","39","390","5800.00"
"592","Schwanden b.B.","2008","[9] FINANZEN UND STEUERN","[94] Vermögens- und Schuldenverwaltung","[944] Burgergut","9","94","944","[3] Aufwand","[3] AUFWAND","[39] Interne Verrechnungen","[390] Verrechneter Aufwand","3","3","39","390","7700.00"
"592","Schwanden b.B.","2008","[7] UMWELT UND RAUMORDNUNG","[72] Abfallentsorgung","[720] Abfallentsorgung","7","72","720","[3] Aufwand","[3] AUFWAND","[39] Interne Verrechnungen","[391] Verrechnete Zinsen","3","3","39","391","66.05"
"592","Schwanden b.B.","2008","[9] FINANZEN UND STEUERN","[94] Vermögens- und Schuldenverwaltung","[940] Zinsen","9","94","940","[3] Aufwand","[3] AUFWAND","[39] Interne Verrechnungen","[391] Verrechnete Zinsen","3","3","39","391","43338.95"
"592","Schwanden b.B.","2008","[9] FINANZEN UND STEUERN","[94] Vermögens- und Schuldenverwaltung","[944] Burgergut","9","94","944","[3] Aufwand","[3] AUFWAND","[39] Interne Verrechnungen","[392] Verrechnete Abschreibungen","3","3","39","392","457.45"
"592","Schwanden b.B.","2008","[9] FINANZEN UND STEUERN","[90] Steuern","[900] Obligatorische periodische Steuern","9","90","900","[4] Ertrag","[4] ERTRAG","[40] Steuern","[401] Gewinn- und Kapitalsteuern","4","4","40","401","16196.05"
"592","Schwanden b.B.","2008","[9] FINANZEN UND STEUERN","[90] Steuern","[902] Liegenschaftssteuern","9","90","902","[4] Ertrag","[4] ERTRAG","[40] Steuern","[402] Liegenschaftssteuern","4","4","40","402","133184.25"
"592","Schwanden b.B.","2008","[9] FINANZEN UND STEUERN","[90] Steuern","[901] Obligatorische aperiodische Steuern","9","90","901","[4] Ertrag","[4] ERTRAG","[40] Steuern","[403] Vermögensgewinnsteuern","4","4","40","403","27968.20"
"592","Schwanden b.B.","2008","[9] FINANZEN UND STEUERN","[90] Steuern","[904] Fakultative Steuern und Abgaben","9","90","904","[4] Ertrag","[4] ERTRAG","[40] Steuern","[406] Besitz- und Aufwandsteuern","4","4","40","406","1750.00"
"592","Schwanden b.B.","2008","[9] FINANZEN UND STEUERN","[94] Vermögens- und Schuldenverwaltung","[942] Liegenschaften des Finanzvermögens","9","94","942","[4] Ertrag","[4] ERTRAG","[42] Vermögenserträge","[423] Liegenschaften des Finanzvermögens","4","4","42","423","35628.00"
"592","Schwanden b.B.","2008","[7] UMWELT UND RAUMORDNUNG","[71] Abwasserentsorgung","[710] Abwasserentsorgung","7","71","710","[4] Ertrag","[4] ERTRAG","[42] Vermögenserträge","[428] Einnahmeüberschuss der Investitionsrechnung","4","4","42","428","19242.65"
"592","Schwanden b.B.","2008","[0] ALLGEMEINE VERWALTUNG","[09] Nicht aufteilbare Aufgaben","[091] ...","0","9","91","[4] Ertrag","[4] ERTRAG","[43] Entgelte","[434] Andere Benützungsgebühren und Dienstleistungen","4","4","43","434","3160.00"
"592","Schwanden b.B.","2008","[1] OEFFENTLICHE SICHERHEIT","[16] Zivile Landesverteidigung","[160] Zivilschutz","1","16","160","[4] Ertrag","[4] ERTRAG","[43] Entgelte","[434] Andere Benützungsgebühren und Dienstleistungen","4","4","43","434","1200.00"
"592","Schwanden b.B.","2008","[7] UMWELT UND RAUMORDNUNG","[75] Gewässerverbauungen","[750] Gewässerverbauungen","7","75","750","[4] Ertrag","[4] ERTRAG","[43] Entgelte","[434] Andere Benützungsgebühren und Dienstleistungen","4","4","43","434","1500.00"
"592","Schwanden b.B.","2008","[0] ALLGEMEINE VERWALTUNG","[02] Allgemeine Verwaltung","[029] Allgemeine Verwaltung","0","2","29","[4] Ertrag","[4] ERTRAG","[43] Entgelte","[435] Uebrige Verkaufserlöse","4","4","43","435","9094.80"
"592","Schwanden b.B.","2008","[0] ALLGEMEINE VERWALTUNG","[01] Legislative und Exekutive","[012] Exekutive","0","1","12","[4] Ertrag","[4] ERTRAG","[43] Entgelte","[436] Rückerstattungen","4","4","43","436","508.35"
"592","Schwanden b.B.","2008","[1] OEFFENTLICHE SICHERHEIT","[14] Wehrdienste","[140] Wehrdienste","1","14","140","[4] Ertrag","[4] ERTRAG","[43] Entgelte","[436] Rückerstattungen","4","4","43","436","856.60"
"592","Schwanden b.B.","2008","[1] OEFFENTLICHE SICHERHEIT","[16] Zivile Landesverteidigung","[160] Zivilschutz","1","16","160","[4] Ertrag","[4] ERTRAG","[43] Entgelte","[436] Rückerstattungen","4","4","43","436","705.65"
"592","Schwanden b.B.","2008","[2] BILDUNG","[20] Kindergarten","[200] Kindergarten","2","20","200","[4] Ertrag","[4] ERTRAG","[43] Entgelte","[436] Rückerstattungen","4","4","43","436","1201.00"
"592","Schwanden b.B.","2008","[2] BILDUNG","[21] Volksschule","[214] Musikschulen","2","21","214","[4] Ertrag","[4] ERTRAG","[43] Entgelte","[436] Rückerstattungen","4","4","43","436","1985.50"
"592","Schwanden b.B.","2008","[2] BILDUNG","[21] Volksschule","[219] Nicht Aufteilbares, Volksschule, Tagesschule","2","21","219","[4] Ertrag","[4] ERTRAG","[43] Entgelte","[436] Rückerstattungen","4","4","43","436","5965.55"
"592","Schwanden b.B.","2008","[3] KULTUR UND FREIZEIT","[33] Parkanlagen und Wanderwege","[330] Parkanlagen und Wanderwege","3","33","330","[4] Ertrag","[4] ERTRAG","[43] Entgelte","[436] Rückerstattungen","4","4","43","436","1000.00"
"592","Schwanden b.B.","2008","[7] UMWELT UND RAUMORDNUNG","[72] Abfallentsorgung","[720] Abfallentsorgung","7","72","720","[4] Ertrag","[4] ERTRAG","[43] Entgelte","[436] Rückerstattungen","4","4","43","436","12186.05"
"592","Schwanden b.B.","2008","[9] FINANZEN UND STEUERN","[94] Vermögens- und Schuldenverwaltung","[942] Liegenschaften des Finanzvermögens","9","94","942","[4] Ertrag","[4] ERTRAG","[43] Entgelte","[436] Rückerstattungen","4","4","43","436","1459.65"
"592","Schwanden b.B.","2008","[9] FINANZEN UND STEUERN","[94] Vermögens- und Schuldenverwaltung","[944] Burgergut","9","94","944","[4] Ertrag","[4] ERTRAG","[43] Entgelte","[436] Rückerstattungen","4","4","43","436","421.05"
"592","Schwanden b.B.","2008","[3] KULTUR UND FREIZEIT","[30] Kulturförderung","[309] Uebrige Kulturförderung","3","30","309","[4] Ertrag","[4] ERTRAG","[43] Entgelte","[439] Uebrige Entgelte","4","4","43","439","13709.25"
"592","Schwanden b.B.","2008","[9] FINANZEN UND STEUERN","[92] Finanzausgleich","[920] Finanzausgleich","9","92","920","[4] Ertrag","[4] ERTRAG","[44] Anteile und Beiträge ohne Zweckbindungen","[444] Leistungen aus dem Finanzausgleich","4","4","44","444","188113.00"
"592","Schwanden b.B.","2008","[1] OEFFENTLICHE SICHERHEIT","[10] Rechtsaufsicht","[101] Uebrige Rechtspflege","1","10","101","[4] Ertrag","[4] ERTRAG","[45] Rückerstattungen von Gemeinwesen","[451] Kanton","4","4","45","451","738.45"
"592","Schwanden b.B.","2008","[6] VERKEHR","[62] Gemeindestrassen","[620] Gemeindestrassennetz","6","62","620","[4] Ertrag","[4] ERTRAG","[46] Beiträge","[461] Kanton","4","4","46","461","49522.85"
"592","Schwanden b.B.","2008","[3] KULTUR UND FREIZEIT","[34] Sport","[342] ...","3","34","342","[4] Ertrag","[4] ERTRAG","[46] Beiträge","[469] Uebrige Beiträge für eigene Rechnung","4","4","46","469","1000.00"
"592","Schwanden b.B.","2008","[7] UMWELT UND RAUMORDNUNG","[70] Wasserversorgung","[700] Wasserversorgung","7","70","700","[4] Ertrag","[4] ERTRAG","[48] Entnahmen aus Spezialfinanzierungen","[480] Entnahmen aus Spezialfinanzierungen","4","4","48","480","53618.20"
"592","Schwanden b.B.","2008","[0] ALLGEMEINE VERWALTUNG","[02] Allgemeine Verwaltung","[029] Allgemeine Verwaltung","0","2","29","[4] Ertrag","[4] ERTRAG","[49] Interne Verrechnungen","[490] Verrechneter Aufwand","4","4","49","490","21200.00"
"592","Schwanden b.B.","2008","[6] VERKEHR","[62] Gemeindestrassen","[620] Gemeindestrassennetz","6","62","620","[4] Ertrag","[4] ERTRAG","[49] Interne Verrechnungen","[490] Verrechneter Aufwand","4","4","49","490","50200.00"
"592","Schwanden b.B.","2008","[3] KULTUR UND FREIZEIT","[34] Sport","[341] ...","3","34","341","[4] Ertrag","[4] ERTRAG","[49] Interne Verrechnungen","[491] Verrechnete Zinsen","4","4","49","491","22.50"
"592","Schwanden b.B.","2008","[9] FINANZEN UND STEUERN","[94] Vermögens- und Schuldenverwaltung","[944] Burgergut","9","94","944","[4] Ertrag","[4] ERTRAG","[49] Interne Verrechnungen","[491] Verrechnete Zinsen","4","4","49","491","22318.50"
"592","Schwanden b.B.","2008","[2] BILDUNG","[21] Volksschule","[217] Schulliegenschaften (Ki.garten sofern nicht zuteilbar, Prim + Sek 1)","2","21","217","[5] Ausgaben","[5] Ausgaben","[50] Sachgüter","[503] Hochbauten","5","5","50","503","18821.70"
"592","Schwanden b.B.","2008","[7] UMWELT UND RAUMORDNUNG","[79] Raumordnung","[790] Raumplanung","7","79","790","[5] Ausgaben","[5] Ausgaben","[57] Durchlaufende Beiträge","[575] Private Institutionen","5","5","57","575","233878.65"
"592","Schwanden b.B.","2008","[9] FINANZEN UND STEUERN","[94] Vermögens- und Schuldenverwaltung","[942] Liegenschaften des Finanzvermögens","9","94","942","[5] Ausgaben","[5] Ausgaben","[59] Passivierungen","[595] Uebertrag Abgänge von Liegenschaften des Finanzvermögens","5","5","59","595","75046.60"
"592","Schwanden b.B.","2008","[3] KULTUR UND FREIZEIT","[34] Sport","[340] Sport","3","34","340","[6] Einnahmen","[6] Einnahmen","[62] Rückzahlung von Darlehen und Beteiligungen","[625] Private Institutionen","6","6","62","625","5500.00"
"592","Schwanden b.B.","2008","[3] KULTUR UND FREIZEIT","[30] Kulturförderung","[309] Uebrige Kulturförderung","3","30","309","[6] Einnahmen","[6] Einnahmen","[66] Beiträge für eigene Rechnung","[663] Eigene Anstalten","6","6","66","663","850.00"
"592","Schwanden b.B.","2008","[7] UMWELT UND RAUMORDNUNG","[79] Raumordnung","[790] Raumplanung","7","79","790","[6] Einnahmen","[6] Einnahmen","[67] Durchlaufende Beiträge","[671] Kanton","6","6","67","671","210490.80"
"592","Schwanden b.B.","2008","[9] FINANZEN UND STEUERN","[99] Nicht aufgeteilte Posten","[999] Abschluss","9","99","999","[6] Einnahmen","[6] Einnahmen","[69] Aktivierungen","[690] Aktivierte Ausgaben","6","6","69","690","363578.35"
"592","Schwanden b.B.","2008","[9] FINANZEN UND STEUERN","[94] Vermögens- und Schuldenverwaltung","[942] Liegenschaften des Finanzvermögens","9","94","942","[6] Einnahmen","[6] Einnahmen","[69] Aktivierungen","[695] Uebertrag Zugänge von Liegenschaften des Finanzvermögens","6","6","69","695","122285.70"
"592","Schwanden b.B.","2009","","","","","","","[1] Aktiven","[10] Finanzvermögen","[100] Flüssige Mittel","[1000] Kasse","1","10","100","1000","4419.85"
"592","Schwanden b.B.","2009","","","","","","","[1] Aktiven","[10] Finanzvermögen","[100] Flüssige Mittel","[1002] Banken","1","10","100","1002","123897.50"
"592","Schwanden b.B.","2009","","","","","","","[1] Aktiven","[10] Finanzvermögen","[101] Guthaben","[1012] Steuerguthaben","1","10","101","1012","450497.15"
"592","Schwanden b.B.","2009","","","","","","","[1] Aktiven","[10] Finanzvermögen","[102] Anlagen","[1024] Mobilien, Maschinen, Fahrzeuge ","1","10","102","1024","111.70"
"592","Schwanden b.B.","2009","","","","","","","[1] Aktiven","[11] Verwaltungsvermögen","[114] Sachgüter","[1141] Tiefbauten","1","11","114","1141","195003.64"
"592","Schwanden b.B.","2009","","","","","","","[1] Aktiven","[11] Verwaltungsvermögen","[114] Sachgüter","[1143] Hochbauten","1","11","114","1143","403610.15"
"592","Schwanden b.B.","2009","","","","","","","[1] Aktiven","[11] Verwaltungsvermögen","[114] Sachgüter","[1146] Mobilien, Maschinen, Fahrzeuge ","1","11","114","1146","10266.90"
"592","Schwanden b.B.","2009","","","","","","","[1] Aktiven","[11] Verwaltungsvermögen","[115] Darlehen und Beteiligungen","[1155] Private Institutionen","1","11","115","1155","25002.00"
"592","Schwanden b.B.","2009","","","","","","","[1] Aktiven","[11] Verwaltungsvermögen","[116] Investitionsbeiträge","[1162] Gemeinden","1","11","116","1162","28314.80"
"592","Schwanden b.B.","2009","","","","","","","[2] Passiven","[20] Fremdkapital","[200] Laufende Verpflichtungen","[2001] Depotgelder","2","20","200","2001","500.00"
"592","Schwanden b.B.","2009","","","","","","","[2] Passiven","[22] Spezialfinanzierungen","[228] Verpflichtungen für Spezialfinanzierungen","[2281] Spezialfinanzierungen gestützt auf Gemeindereglemente","2","22","228","2281","1798899.40"
"592","Schwanden b.B.","2009","","","","","","","[2] Passiven","[23] Eigenkapital","[239] Eigenkapital","[2390] Eigenkapital","2","23","239","2390","785333.53"
"592","Schwanden b.B.","2009","[0] ALLGEMEINE VERWALTUNG","[01] Legislative und Exekutive","[011] Legislative","0","1","11","[3] Aufwand","[3] AUFWAND","[30] Personalaufwand","[300] Personalaufwand der Behörden und Kommissionen","3","3","30","300","6431.00"
"592","Schwanden b.B.","2009","[7] UMWELT UND RAUMORDNUNG","[70] Wasserversorgung","[700] Wasserversorgung","7","70","700","[3] Aufwand","[3] AUFWAND","[30] Personalaufwand","[300] Personalaufwand der Behörden und Kommissionen","3","3","30","300","150.00"
"592","Schwanden b.B.","2009","[7] UMWELT UND RAUMORDNUNG","[71] Abwasserentsorgung","[710] Abwasserentsorgung","7","71","710","[3] Aufwand","[3] AUFWAND","[30] Personalaufwand","[300] Personalaufwand der Behörden und Kommissionen","3","3","30","300","299.00"
"592","Schwanden b.B.","2009","[7] UMWELT UND RAUMORDNUNG","[72] Abfallentsorgung","[720] Abfallentsorgung","7","72","720","[3] Aufwand","[3] AUFWAND","[30] Personalaufwand","[300] Personalaufwand der Behörden und Kommissionen","3","3","30","300","1338.15"
"592","Schwanden b.B.","2009","[0] ALLGEMEINE VERWALTUNG","[02] Allgemeine Verwaltung","[029] Allgemeine Verwaltung","0","2","29","[3] Aufwand","[3] AUFWAND","[30] Personalaufwand","[301] Löhne des Verwaltungs- + Betriebspersonals","3","3","30","301","175583.90"
"592","Schwanden b.B.","2009","[2] BILDUNG","[21] Volksschule","[217] Schulliegenschaften (Ki.garten sofern nicht zuteilbar, Prim + Sek 1)","2","21","217","[3] Aufwand","[3] AUFWAND","[30] Personalaufwand","[301] Löhne des Verwaltungs- + Betriebspersonals","3","3","30","301","16038.15"
"592","Schwanden b.B.","2009","[3] KULTUR UND FREIZEIT","[34] Sport","[341] ...","3","34","341","[3] Aufwand","[3] AUFWAND","[30] Personalaufwand","[301] Löhne des Verwaltungs- + Betriebspersonals","3","3","30","301","1353.00"
"592","Schwanden b.B.","2009","[0] ALLGEMEINE VERWALTUNG","[02] Allgemeine Verwaltung","[029] Allgemeine Verwaltung","0","2","29","[3] Aufwand","[3] AUFWAND","[30] Personalaufwand","[303] Sozialversicherungsbeiträge","3","3","30","303","14533.70"
"592","Schwanden b.B.","2009","[0] ALLGEMEINE VERWALTUNG","[09] Nicht aufteilbare Aufgaben","[090] Verwaltungsliegenschaften","0","9","90","[3] Aufwand","[3] AUFWAND","[30] Personalaufwand","[303] Sozialversicherungsbeiträge","3","3","30","303","563.65"
"592","Schwanden b.B.","2009","[1] OEFFENTLICHE SICHERHEIT","[10] Rechtsaufsicht","[101] Uebrige Rechtspflege","1","10","101","[3] Aufwand","[3] AUFWAND","[30] Personalaufwand","[303] Sozialversicherungsbeiträge","3","3","30","303","47.00"
"592","Schwanden b.B.","2009","[2] BILDUNG","[21] Volksschule","[217] Schulliegenschaften (Ki.garten sofern nicht zuteilbar, Prim + Sek 1)","2","21","217","[3] Aufwand","[3] AUFWAND","[30] Personalaufwand","[303] Sozialversicherungsbeiträge","3","3","30","303","2215.55"
"592","Schwanden b.B.","2009","[6] VERKEHR","[62] Gemeindestrassen","[620] Gemeindestrassennetz","6","62","620","[3] Aufwand","[3] AUFWAND","[30] Personalaufwand","[303] Sozialversicherungsbeiträge","3","3","30","303","6900.75"
"592","Schwanden b.B.","2009","[7] UMWELT UND RAUMORDNUNG","[71] Abwasserentsorgung","[710] Abwasserentsorgung","7","71","710","[3] Aufwand","[3] AUFWAND","[30] Personalaufwand","[303] Sozialversicherungsbeiträge","3","3","30","303","2.50"
"592","Schwanden b.B.","2009","[0] ALLGEMEINE VERWALTUNG","[09] Nicht aufteilbare Aufgaben","[090] Verwaltungsliegenschaften","0","9","90","[3] Aufwand","[3] AUFWAND","[30] Personalaufwand","[305] Unfall- und Krankenversicherungsbeiträge","3","3","30","305","105.45"
"592","Schwanden b.B.","2009","[6] VERKEHR","[62] Gemeindestrassen","[620] Gemeindestrassennetz","6","62","620","[3] Aufwand","[3] AUFWAND","[30] Personalaufwand","[305] Unfall- und Krankenversicherungsbeiträge","3","3","30","305","1734.05"
"592","Schwanden b.B.","2009","[0] ALLGEMEINE VERWALTUNG","[01] Legislative und Exekutive","[011] Legislative","0","1","11","[3] Aufwand","[3] AUFWAND","[31] Sachaufwand","[310] Büro- und Schulmaterialien, Drucksachen","3","3","31","310","101.80"
"592","Schwanden b.B.","2009","[0] ALLGEMEINE VERWALTUNG","[02] Allgemeine Verwaltung","[029] Allgemeine Verwaltung","0","2","29","[3] Aufwand","[3] AUFWAND","[31] Sachaufwand","[310] Büro- und Schulmaterialien, Drucksachen","3","3","31","310","10330.89"
"592","Schwanden b.B.","2009","[3] KULTUR UND FREIZEIT","[34] Sport","[342] ...","3","34","342","[3] Aufwand","[3] AUFWAND","[31] Sachaufwand","[310] Büro- und Schulmaterialien, Drucksachen","3","3","31","310","2379.15"
"592","Schwanden b.B.","2009","[8] VOLKSWIRTSCHAFT","[81] Forstwirtschaft","[810] Forstverwaltung","8","81","810","[3] Aufwand","[3] AUFWAND","[31] Sachaufwand","[310] Büro- und Schulmaterialien, Drucksachen","3","3","31","310","260.40"
"592","Schwanden b.B.","2009","[0] ALLGEMEINE VERWALTUNG","[09] Nicht aufteilbare Aufgaben","[090] Verwaltungsliegenschaften","0","9","90","[3] Aufwand","[3] AUFWAND","[31] Sachaufwand","[312] Wasser, Energie, Heizmaterialien","3","3","31","312","8132.05"
"592","Schwanden b.B.","2009","[2] BILDUNG","[21] Volksschule","[217] Schulliegenschaften (Ki.garten sofern nicht zuteilbar, Prim + Sek 1)","2","21","217","[3] Aufwand","[3] AUFWAND","[31] Sachaufwand","[312] Wasser, Energie, Heizmaterialien","3","3","31","312","15123.90"
"592","Schwanden b.B.","2009","[6] VERKEHR","[62] Gemeindestrassen","[620] Gemeindestrassennetz","6","62","620","[3] Aufwand","[3] AUFWAND","[31] Sachaufwand","[312] Wasser, Energie, Heizmaterialien","3","3","31","312","6109.90"
"592","Schwanden b.B.","2009","[7] UMWELT UND RAUMORDNUNG","[71] Abwasserentsorgung","[710] Abwasserentsorgung","7","71","710","[3] Aufwand","[3] AUFWAND","[31] Sachaufwand","[312] Wasser, Energie, Heizmaterialien","3","3","31","312","113.50"
"592","Schwanden b.B.","2009","[0] ALLGEMEINE VERWALTUNG","[02] Allgemeine Verwaltung","[029] Allgemeine Verwaltung","0","2","29","[3] Aufwand","[3] AUFWAND","[31] Sachaufwand","[313] Verbrauchsmaterialien","3","3","31","313","10646.17"
"592","Schwanden b.B.","2009","[0] ALLGEMEINE VERWALTUNG","[09] Nicht aufteilbare Aufgaben","[090] Verwaltungsliegenschaften","0","9","90","[3] Aufwand","[3] AUFWAND","[31] Sachaufwand","[313] Verbrauchsmaterialien","3","3","31","313","1161.70"
"592","Schwanden b.B.","2009","[2] BILDUNG","[21] Volksschule","[217] Schulliegenschaften (Ki.garten sofern nicht zuteilbar, Prim + Sek 1)","2","21","217","[3] Aufwand","[3] AUFWAND","[31] Sachaufwand","[313] Verbrauchsmaterialien","3","3","31","313","4432.25"
"592","Schwanden b.B.","2009","[7] UMWELT UND RAUMORDNUNG","[72] Abfallentsorgung","[720] Abfallentsorgung","7","72","720","[3] Aufwand","[3] AUFWAND","[31] Sachaufwand","[313] Verbrauchsmaterialien","3","3","31","313","435.00"
"592","Schwanden b.B.","2009","[8] VOLKSWIRTSCHAFT","[81] Forstwirtschaft","[810] Forstverwaltung","8","81","810","[3] Aufwand","[3] AUFWAND","[31] Sachaufwand","[313] Verbrauchsmaterialien","3","3","31","313","604.95"
"592","Schwanden b.B.","2009","[1] OEFFENTLICHE SICHERHEIT","[16] Zivile Landesverteidigung","[160] Zivilschutz","1","16","160","[3] Aufwand","[3] AUFWAND","[31] Sachaufwand","[314] Dienstleistungen Dritter für den baulichen Unterhalt","3","3","31","314","315.65"
"592","Schwanden b.B.","2009","[7] UMWELT UND RAUMORDNUNG","[70] Wasserversorgung","[700] Wasserversorgung","7","70","700","[3] Aufwand","[3] AUFWAND","[31] Sachaufwand","[314] Dienstleistungen Dritter für den baulichen Unterhalt","3","3","31","314","858.65"
"592","Schwanden b.B.","2009","[7] UMWELT UND RAUMORDNUNG","[78] Uebriger Umweltschutz","[780] Oeffentliche Toiletten","7","78","780","[3] Aufwand","[3] AUFWAND","[31] Sachaufwand","[314] Dienstleistungen Dritter für den baulichen Unterhalt","3","3","31","314","1164.90"
"592","Schwanden b.B.","2009","[9] FINANZEN UND STEUERN","[94] Vermögens- und Schuldenverwaltung","[942] Liegenschaften des Finanzvermögens","9","94","942","[3] Aufwand","[3] AUFWAND","[31] Sachaufwand","[314] Dienstleistungen Dritter für den baulichen Unterhalt","3","3","31","314","12923.75"
"592","Schwanden b.B.","2009","[0] ALLGEMEINE VERWALTUNG","[02] Allgemeine Verwaltung","[029] Allgemeine Verwaltung","0","2","29","[3] Aufwand","[3] AUFWAND","[31] Sachaufwand","[315] Dienstleistungen Dritter für den übrigen Unterhalt","3","3","31","315","8178.60"
"592","Schwanden b.B.","2009","[0] ALLGEMEINE VERWALTUNG","[09] Nicht aufteilbare Aufgaben","[090] Verwaltungsliegenschaften","0","9","90","[3] Aufwand","[3] AUFWAND","[31] Sachaufwand","[315] Dienstleistungen Dritter für den übrigen Unterhalt","3","3","31","315","48.10"
"592","Schwanden b.B.","2009","[2] BILDUNG","[21] Volksschule","[217] Schulliegenschaften (Ki.garten sofern nicht zuteilbar, Prim + Sek 1)","2","21","217","[3] Aufwand","[3] AUFWAND","[31] Sachaufwand","[315] Dienstleistungen Dritter für den übrigen Unterhalt","3","3","31","315","1647.00"
"592","Schwanden b.B.","2009","[6] VERKEHR","[62] Gemeindestrassen","[620] Gemeindestrassennetz","6","62","620","[3] Aufwand","[3] AUFWAND","[31] Sachaufwand","[315] Dienstleistungen Dritter für den übrigen Unterhalt","3","3","31","315","15164.35"
"592","Schwanden b.B.","2009","[0] ALLGEMEINE VERWALTUNG","[01] Legislative und Exekutive","[012] Exekutive","0","1","12","[3] Aufwand","[3] AUFWAND","[31] Sachaufwand","[317] Spesenentschädigungen","3","3","31","317","13026.90"
"592","Schwanden b.B.","2009","[0] ALLGEMEINE VERWALTUNG","[09] Nicht aufteilbare Aufgaben","[091] ...","0","9","91","[3] Aufwand","[3] AUFWAND","[31] Sachaufwand","[317] Spesenentschädigungen","3","3","31","317","370.50"
"592","Schwanden b.B.","2009","[6] VERKEHR","[62] Gemeindestrassen","[620] Gemeindestrassennetz","6","62","620","[3] Aufwand","[3] AUFWAND","[31] Sachaufwand","[317] Spesenentschädigungen","3","3","31","317","40.00"
"592","Schwanden b.B.","2009","[0] ALLGEMEINE VERWALTUNG","[01] Legislative und Exekutive","[011] Legislative","0","1","11","[3] Aufwand","[3] AUFWAND","[31] Sachaufwand","[318] Dienstleistungen und Honorare, allg. Verwaltungsaufwand","3","3","31","318","1590.35"
"592","Schwanden b.B.","2009","[0] ALLGEMEINE VERWALTUNG","[02] Allgemeine Verwaltung","[029] Allgemeine Verwaltung","0","2","29","[3] Aufwand","[3] AUFWAND","[31] Sachaufwand","[318] Dienstleistungen und Honorare, allg. Verwaltungsaufwand","3","3","31","318","13247.65"
"592","Schwanden b.B.","2009","[0] ALLGEMEINE VERWALTUNG","[09] Nicht aufteilbare Aufgaben","[090] Verwaltungsliegenschaften","0","9","90","[3] Aufwand","[3] AUFWAND","[31] Sachaufwand","[318] Dienstleistungen und Honorare, allg. Verwaltungsaufwand","3","3","31","318","4847.65"
"592","Schwanden b.B.","2009","[1] OEFFENTLICHE SICHERHEIT","[10] Rechtsaufsicht","[100] Mass und Gewicht","1","10","100","[3] Aufwand","[3] AUFWAND","[31] Sachaufwand","[318] Dienstleistungen und Honorare, allg. Verwaltungsaufwand","3","3","31","318","1430.90"
"592","Schwanden b.B.","2009","[1] OEFFENTLICHE SICHERHEIT","[10] Rechtsaufsicht","[101] Uebrige Rechtspflege","1","10","101","[3] Aufwand","[3] AUFWAND","[31] Sachaufwand","[318] Dienstleistungen und Honorare, allg. Verwaltungsaufwand","3","3","31","318","11021.90"
"592","Schwanden b.B.","2009","[1] OEFFENTLICHE SICHERHEIT","[14] Wehrdienste","[140] Wehrdienste","1","14","140","[3] Aufwand","[3] AUFWAND","[31] Sachaufwand","[318] Dienstleistungen und Honorare, allg. Verwaltungsaufwand","3","3","31","318","562.55"
"592","Schwanden b.B.","2008","[6] VERKEHR","[62] Gemeindestrassen","[620] Gemeindestrassennetz","6","62","620","[3] Aufwand","[3] AUFWAND","[31] Sachaufwand","[315] Dienstleistungen Dritter für den übrigen Unterhalt","3","3","31","315","6333.20"
"592","Schwanden b.B.","2008","[8] VOLKSWIRTSCHAFT","[81] Forstwirtschaft","[813] Strassen- und Wegunterhalt","8","81","813","[3] Aufwand","[3] AUFWAND","[31] Sachaufwand","[315] Dienstleistungen Dritter für den übrigen Unterhalt","3","3","31","315","800.05"
"592","Schwanden b.B.","2008","[0] ALLGEMEINE VERWALTUNG","[01] Legislative und Exekutive","[012] Exekutive","0","1","12","[3] Aufwand","[3] AUFWAND","[31] Sachaufwand","[317] Spesenentschädigungen","3","3","31","317","19648.50"
"592","Schwanden b.B.","2008","[0] ALLGEMEINE VERWALTUNG","[09] Nicht aufteilbare Aufgaben","[091] ...","0","9","91","[3] Aufwand","[3] AUFWAND","[31] Sachaufwand","[317] Spesenentschädigungen","3","3","31","317","431.40"
"592","Schwanden b.B.","2008","[0] ALLGEMEINE VERWALTUNG","[01] Legislative und Exekutive","[011] Legislative","0","1","11","[3] Aufwand","[3] AUFWAND","[31] Sachaufwand","[318] Dienstleistungen und Honorare, allg. Verwaltungsaufwand","3","3","31","318","1106.85"
"592","Schwanden b.B.","2008","[0] ALLGEMEINE VERWALTUNG","[02] Allgemeine Verwaltung","[029] Allgemeine Verwaltung","0","2","29","[3] Aufwand","[3] AUFWAND","[31] Sachaufwand","[318] Dienstleistungen und Honorare, allg. Verwaltungsaufwand","3","3","31","318","13165.82"
"592","Schwanden b.B.","2008","[0] ALLGEMEINE VERWALTUNG","[09] Nicht aufteilbare Aufgaben","[090] Verwaltungsliegenschaften","0","9","90","[3] Aufwand","[3] AUFWAND","[31] Sachaufwand","[318] Dienstleistungen und Honorare, allg. Verwaltungsaufwand","3","3","31","318","4372.90"
"592","Schwanden b.B.","2008","[1] OEFFENTLICHE SICHERHEIT","[10] Rechtsaufsicht","[100] Mass und Gewicht","1","10","100","[3] Aufwand","[3] AUFWAND","[31] Sachaufwand","[318] Dienstleistungen und Honorare, allg. Verwaltungsaufwand","3","3","31","318","2399.25"
"592","Schwanden b.B.","2008","[1] OEFFENTLICHE SICHERHEIT","[10] Rechtsaufsicht","[101] Uebrige Rechtspflege","1","10","101","[3] Aufwand","[3] AUFWAND","[31] Sachaufwand","[318] Dienstleistungen und Honorare, allg. Verwaltungsaufwand","3","3","31","318","6347.50"
"592","Schwanden b.B.","2008","[1] OEFFENTLICHE SICHERHEIT","[14] Wehrdienste","[140] Wehrdienste","1","14","140","[3] Aufwand","[3] AUFWAND","[31] Sachaufwand","[318] Dienstleistungen und Honorare, allg. Verwaltungsaufwand","3","3","31","318","686.60"
"592","Schwanden b.B.","2008","[1] OEFFENTLICHE SICHERHEIT","[15] Militärische Landesverteidigung","[151] Militär","1","15","151","[3] Aufwand","[3] AUFWAND","[31] Sachaufwand","[318] Dienstleistungen und Honorare, allg. Verwaltungsaufwand","3","3","31","318","301.90"
"592","Schwanden b.B.","2008","[2] BILDUNG","[21] Volksschule","[217] Schulliegenschaften (Ki.garten sofern nicht zuteilbar, Prim + Sek 1)","2","21","217","[3] Aufwand","[3] AUFWAND","[31] Sachaufwand","[318] Dienstleistungen und Honorare, allg. Verwaltungsaufwand","3","3","31","318","6668.00"
"592","Schwanden b.B.","2008","[3] KULTUR UND FREIZEIT","[34] Sport","[341] ...","3","34","341","[3] Aufwand","[3] AUFWAND","[31] Sachaufwand","[318] Dienstleistungen und Honorare, allg. Verwaltungsaufwand","3","3","31","318","236.25"
"592","Schwanden b.B.","2008","[4] GESUNDHEIT","[46] Schulgesundheitsdienst","[461] Schulzahnärztliche Pflege","4","46","461","[3] Aufwand","[3] AUFWAND","[31] Sachaufwand","[318] Dienstleistungen und Honorare, allg. Verwaltungsaufwand","3","3","31","318","921.10"
"592","Schwanden b.B.","2008","[6] VERKEHR","[62] Gemeindestrassen","[620] Gemeindestrassennetz","6","62","620","[3] Aufwand","[3] AUFWAND","[31] Sachaufwand","[318] Dienstleistungen und Honorare, allg. Verwaltungsaufwand","3","3","31","318","5341.55"
"592","Schwanden b.B.","2008","[7] UMWELT UND RAUMORDNUNG","[71] Abwasserentsorgung","[710] Abwasserentsorgung","7","71","710","[3] Aufwand","[3] AUFWAND","[31] Sachaufwand","[318] Dienstleistungen und Honorare, allg. Verwaltungsaufwand","3","3","31","318","1129.05"
"592","Schwanden b.B.","2008","[7] UMWELT UND RAUMORDNUNG","[72] Abfallentsorgung","[720] Abfallentsorgung","7","72","720","[3] Aufwand","[3] AUFWAND","[31] Sachaufwand","[318] Dienstleistungen und Honorare, allg. Verwaltungsaufwand","3","3","31","318","33710.75"
"592","Schwanden b.B.","2008","[8] VOLKSWIRTSCHAFT","[81] Forstwirtschaft","[810] Forstverwaltung","8","81","810","[3] Aufwand","[3] AUFWAND","[31] Sachaufwand","[318] Dienstleistungen und Honorare, allg. Verwaltungsaufwand","3","3","31","318","378.80"
"592","Schwanden b.B.","2008","[3] KULTUR UND FREIZEIT","[30] Kulturförderung","[309] Uebrige Kulturförderung","3","30","309","[3] Aufwand","[3] AUFWAND","[31] Sachaufwand","[319] Uebriger Sachaufwand","3","3","31","319","12653.50"
"592","Schwanden b.B.","2008","[8] VOLKSWIRTSCHAFT","[81] Forstwirtschaft","[812] Holzernte","8","81","812","[3] Aufwand","[3] AUFWAND","[31] Sachaufwand","[319] Uebriger Sachaufwand","3","3","31","319","1381.00"
"592","Schwanden b.B.","2008","[9] FINANZEN UND STEUERN","[94] Vermögens- und Schuldenverwaltung","[940] Zinsen","9","94","940","[3] Aufwand","[3] AUFWAND","[32] Passivzinsen","[323] Sonderrechnungen","3","3","32","323","148.40"
"592","Schwanden b.B.","2008","[8] VOLKSWIRTSCHAFT","[81] Forstwirtschaft","[812] Holzernte","8","81","812","[3] Aufwand","[3] AUFWAND","[32] Passivzinsen","[329] Uebrige Passivzinsen","3","3","32","329","435.10"
"592","Schwanden b.B.","2008","[1] OEFFENTLICHE SICHERHEIT","[14] Wehrdienste","[140] Wehrdienste","1","14","140","[3] Aufwand","[3] AUFWAND","[33] Abschreibungen","[330] Finanzvermögen","3","3","33","330","20.10"
"592","Schwanden b.B.","2008","[7] UMWELT UND RAUMORDNUNG","[72] Abfallentsorgung","[720] Abfallentsorgung","7","72","720","[3] Aufwand","[3] AUFWAND","[33] Abschreibungen","[330] Finanzvermögen","3","3","33","330","300.00"
"592","Schwanden b.B.","2008","[9] FINANZEN UND STEUERN","[99] Nicht aufgeteilte Posten","[990] Abschreibungen","9","99","990","[3] Aufwand","[3] AUFWAND","[33] Abschreibungen","[330] Finanzvermögen","3","3","33","330","-3595.75"
"592","Schwanden b.B.","2008","[7] UMWELT UND RAUMORDNUNG","[70] Wasserversorgung","[700] Wasserversorgung","7","70","700","[3] Aufwand","[3] AUFWAND","[33] Abschreibungen","[331] Verwaltungsvermögen - harmonisierte Abschreibungen","3","3","33","331","53618.20"
"592","Schwanden b.B.","2008","[0] ALLGEMEINE VERWALTUNG","[02] Allgemeine Verwaltung","[029] Allgemeine Verwaltung","0","2","29","[3] Aufwand","[3] AUFWAND","[35] Entschädigungen an Gemeinwesen","[351] Kanton","3","3","35","351","10297.20"
"592","Schwanden b.B.","2008","[8] VOLKSWIRTSCHAFT","[81] Forstwirtschaft","[811] Kulturen, Pflegemassnahmen","8","81","811","[3] Aufwand","[3] AUFWAND","[35] Entschädigungen an Gemeinwesen","[351] Kanton","3","3","35","351","15184.50"
"592","Schwanden b.B.","2008","[1] OEFFENTLICHE SICHERHEIT","[16] Zivile Landesverteidigung","[161] Uebrige zivile Landesverteidigung","1","16","161","[3] Aufwand","[3] AUFWAND","[35] Entschädigungen an Gemeinwesen","[352] Gemeinden","3","3","35","352","892.75"
"592","Schwanden b.B.","2008","[2] BILDUNG","[20] Kindergarten","[200] Kindergarten","2","20","200","[3] Aufwand","[3] AUFWAND","[35] Entschädigungen an Gemeinwesen","[352] Gemeinden","3","3","35","352","4385.90"
"592","Schwanden b.B.","2008","[2] BILDUNG","[21] Volksschule","[219] Nicht Aufteilbares, Volksschule, Tagesschule","2","21","219","[3] Aufwand","[3] AUFWAND","[35] Entschädigungen an Gemeinwesen","[352] Gemeinden","3","3","35","352","135857.45"
"592","Schwanden b.B.","2008","[4] GESUNDHEIT","[47] Lebensmittelkontrolle","[470] Lebensmittelkontrolle","4","47","470","[3] Aufwand","[3] AUFWAND","[35] Entschädigungen an Gemeinwesen","[352] Gemeinden","3","3","35","352","82.10"
"592","Schwanden b.B.","2008","[5] SOZIALE WOHLFAHRT","[50] Altersversicherung","[500] AHV-Zweigstelle","5","50","500","[3] Aufwand","[3] AUFWAND","[35] Entschädigungen an Gemeinwesen","[352] Gemeinden","3","3","35","352","7727.80"
"592","Schwanden b.B.","2008","[5] SOZIALE WOHLFAHRT","[58] Sozialhilfe","[589] Sozialbehörden, Sekretariat","5","58","589","[3] Aufwand","[3] AUFWAND","[35] Entschädigungen an Gemeinwesen","[352] Gemeinden","3","3","35","352","11275.20"
"592","Schwanden b.B.","2008","[7] UMWELT UND RAUMORDNUNG","[72] Abfallentsorgung","[720] Abfallentsorgung","7","72","720","[3] Aufwand","[3] AUFWAND","[35] Entschädigungen an Gemeinwesen","[352] Gemeinden","3","3","35","352","2093.05"
"592","Schwanden b.B.","2008","[9] FINANZEN UND STEUERN","[94] Vermögens- und Schuldenverwaltung","[944] Burgergut","9","94","944","[3] Aufwand","[3] AUFWAND","[35] Entschädigungen an Gemeinwesen","[352] Gemeinden","3","3","35","352","18200.00"
"592","Schwanden b.B.","2008","[7] UMWELT UND RAUMORDNUNG","[71] Abwasserentsorgung","[710] Abwasserentsorgung","7","71","710","[3] Aufwand","[3] AUFWAND","[36] Eigene Beiträge","[361] Kanton","3","3","36","361","8941.85"
"592","Schwanden b.B.","2008","[1] OEFFENTLICHE SICHERHEIT","[16] Zivile Landesverteidigung","[160] Zivilschutz","1","16","160","[3] Aufwand","[3] AUFWAND","[36] Eigene Beiträge","[362] Gemeinden","3","3","36","362","7291.00"
"592","Schwanden b.B.","2008","[7] UMWELT UND RAUMORDNUNG","[70] Wasserversorgung","[700] Wasserversorgung","7","70","700","[3] Aufwand","[3] AUFWAND","[36] Eigene Beiträge","[362] Gemeinden","3","3","36","362","9458.20"
"592","Schwanden b.B.","2008","[7] UMWELT UND RAUMORDNUNG","[74] Friedhof und Bestattung","[740] Friedhof und Bestattung","7","74","740","[3] Aufwand","[3] AUFWAND","[36] Eigene Beiträge","[362] Gemeinden","3","3","36","362","17574.00"
"592","Schwanden b.B.","2008","[7] UMWELT UND RAUMORDNUNG","[79] Raumordnung","[790] Raumplanung","7","79","790","[3] Aufwand","[3] AUFWAND","[36] Eigene Beiträge","[362] Gemeinden","3","3","36","362","3865.20"
"592","Schwanden b.B.","2008","[9] FINANZEN UND STEUERN","[94] Vermögens- und Schuldenverwaltung","[944] Burgergut","9","94","944","[3] Aufwand","[3] AUFWAND","[36] Eigene Beiträge","[362] Gemeinden","3","3","36","362","1615.90"
"592","Schwanden b.B.","2008","[2] BILDUNG","[29] Uebriges Bildungswesen","[292] Erwachsenenbildung","2","29","292","[3] Aufwand","[3] AUFWAND","[36] Eigene Beiträge","[365] Private Institutionen","3","3","36","365","1858.20"
"592","Schwanden b.B.","2008","[3] KULTUR UND FREIZEIT","[34] Sport","[340] Sport","3","34","340","[3] Aufwand","[3] AUFWAND","[36] Eigene Beiträge","[365] Private Institutionen","3","3","36","365","850.00"
"592","Schwanden b.B.","2008","[3] KULTUR UND FREIZEIT","[35] Uebrige Freizeitgestaltung","[350] Uebrige Freizeitgestaltung","3","35","350","[3] Aufwand","[3] AUFWAND","[36] Eigene Beiträge","[365] Private Institutionen","3","3","36","365","400.00"
"592","Schwanden b.B.","2008","[4] GESUNDHEIT","[44] Ambulante Krankenpflege","[440] Spitex/Krankenpflege","4","44","440","[3] Aufwand","[3] AUFWAND","[36] Eigene Beiträge","[365] Private Institutionen","3","3","36","365","150.00"
"592","Schwanden b.B.","2008","[5] SOZIALE WOHLFAHRT","[54] Jugendschutz","[541] Kinderheime und -krippen, Waisenhäuser","5","54","541","[3] Aufwand","[3] AUFWAND","[36] Eigene Beiträge","[365] Private Institutionen","3","3","36","365","100.00"
"592","Schwanden b.B.","2008","[6] VERKEHR","[62] Gemeindestrassen","[620] Gemeindestrassennetz","6","62","620","[3] Aufwand","[3] AUFWAND","[36] Eigene Beiträge","[365] Private Institutionen","3","3","36","365","15871.85"
"592","Schwanden b.B.","2008","[8] VOLKSWIRTSCHAFT","[83] Tourismus","[830] Tourismus","8","83","830","[3] Aufwand","[3] AUFWAND","[36] Eigene Beiträge","[365] Private Institutionen","3","3","36","365","3030.00"
"592","Schwanden b.B.","2008","[9] FINANZEN UND STEUERN","[94] Vermögens- und Schuldenverwaltung","[944] Burgergut","9","94","944","[3] Aufwand","[3] AUFWAND","[36] Eigene Beiträge","[365] Private Institutionen","3","3","36","365","2350.00"
"592","Schwanden b.B.","2008","[5] SOZIALE WOHLFAHRT","[58] Sozialhilfe","[583] Asylwesen","5","58","583","[3] Aufwand","[3] AUFWAND","[36] Eigene Beiträge","[366] Private Haushalte","3","3","36","366","808.79"
"592","Schwanden b.B.","2008","[7] UMWELT UND RAUMORDNUNG","[75] Gewässerverbauungen","[750] Gewässerverbauungen","7","75","750","[3] Aufwand","[3] AUFWAND","[37] Durchlaufende Beiträge","[372] Gemeinden","3","3","37","372","90221.05"
"592","Schwanden b.B.","2008","[3] KULTUR UND FREIZEIT","[34] Sport","[342] ...","3","34","342","[3] Aufwand","[3] AUFWAND","[38] Einlagen in Spezialfinanzierungen","[380] Einlagen in Spezialfinanzierungen","3","3","38","380","129.55"
"592","Schwanden b.B.","2008","[7] UMWELT UND RAUMORDNUNG","[71] Abwasserentsorgung","[710] Abwasserentsorgung","7","71","710","[3] Aufwand","[3] AUFWAND","[38] Einlagen in Spezialfinanzierungen","[380] Einlagen in Spezialfinanzierungen","3","3","38","380","87311.50"
"592","Schwanden b.B.","2008","[7] UMWELT UND RAUMORDNUNG","[72] Abfallentsorgung","[720] Abfallentsorgung","7","72","720","[3] Aufwand","[3] AUFWAND","[38] Einlagen in Spezialfinanzierungen","[380] Einlagen in Spezialfinanzierungen","3","3","38","380","3896.00"
"592","Schwanden b.B.","2008","[0] ALLGEMEINE VERWALTUNG","[09] Nicht aufteilbare Aufgaben","[090] Verwaltungsliegenschaften","0","9","90","[3] Aufwand","[3] AUFWAND","[39] Interne Verrechnungen","[390] Verrechneter Aufwand","3","3","39","390","5500.00"
"592","Schwanden b.B.","2008","[2] BILDUNG","[21] Volksschule","[217] Schulliegenschaften (Ki.garten sofern nicht zuteilbar, Prim + Sek 1)","2","21","217","[3] Aufwand","[3] AUFWAND","[39] Interne Verrechnungen","[390] Verrechneter Aufwand","3","3","39","390","20000.00"
"592","Schwanden b.B.","2008","[3] KULTUR UND FREIZEIT","[33] Parkanlagen und Wanderwege","[330] Parkanlagen und Wanderwege","3","33","330","[3] Aufwand","[3] AUFWAND","[39] Interne Verrechnungen","[390] Verrechneter Aufwand","3","3","39","390","600.00"
"592","Schwanden b.B.","2008","[3] KULTUR UND FREIZEIT","[34] Sport","[341] ...","3","34","341","[3] Aufwand","[3] AUFWAND","[39] Interne Verrechnungen","[390] Verrechneter Aufwand","3","3","39","390","3500.00"
"592","Schwanden b.B.","2008","[5] SOZIALE WOHLFAHRT","[50] Altersversicherung","[500] AHV-Zweigstelle","5","50","500","[3] Aufwand","[3] AUFWAND","[39] Interne Verrechnungen","[390] Verrechneter Aufwand","3","3","39","390","500.00"
"592","Schwanden b.B.","2008","[7] UMWELT UND RAUMORDNUNG","[72] Abfallentsorgung","[720] Abfallentsorgung","7","72","720","[3] Aufwand","[3] AUFWAND","[39] Interne Verrechnungen","[390] Verrechneter Aufwand","3","3","39","390","20000.00"
"592","Schwanden b.B.","2008","[9] FINANZEN UND STEUERN","[94] Vermögens- und Schuldenverwaltung","[942] Liegenschaften des Finanzvermögens","9","94","942","[3] Aufwand","[3] AUFWAND","[39] Interne Verrechnungen","[390] Verrechneter Aufwand","3","3","39","390","500.00"
"592","Schwanden b.B.","2008","[7] UMWELT UND RAUMORDNUNG","[72] Abfallentsorgung","[720] Abfallentsorgung","7","72","720","[3] Aufwand","[3] AUFWAND","[39] Interne Verrechnungen","[392] Verrechnete Abschreibungen","3","3","39","392","1258.20"
"592","Schwanden b.B.","2008","[9] FINANZEN UND STEUERN","[90] Steuern","[900] Obligatorische periodische Steuern","9","90","900","[4] Ertrag","[4] ERTRAG","[40] Steuern","[400] Einkommens- und Vermögenssteuern","4","4","40","400","937646.60"
"592","Schwanden b.B.","2008","[9] FINANZEN UND STEUERN","[90] Steuern","[903] Steuerabschreibungen","9","90","903","[4] Ertrag","[4] ERTRAG","[40] Steuern","[400] Einkommens- und Vermögenssteuern","4","4","40","400","635.55"
"592","Schwanden b.B.","2008","[3] KULTUR UND FREIZEIT","[34] Sport","[341] ...","3","34","341","[4] Ertrag","[4] ERTRAG","[40] Steuern","[406] Besitz- und Aufwandsteuern","4","4","40","406","5146.05"
"592","Schwanden b.B.","2008","[9] FINANZEN UND STEUERN","[94] Vermögens- und Schuldenverwaltung","[940] Zinsen","9","94","940","[4] Ertrag","[4] ERTRAG","[42] Vermögenserträge","[421] Flüssige Mittel und Guthaben","4","4","42","421","5751.90"
"592","Schwanden b.B.","2008","[9] FINANZEN UND STEUERN","[94] Vermögens- und Schuldenverwaltung","[940] Zinsen","9","94","940","[4] Ertrag","[4] ERTRAG","[42] Vermögenserträge","[422] Anlagen des Finanzvermögens","4","4","42","422","22147.15"
"592","Schwanden b.B.","2008","[9] FINANZEN UND STEUERN","[94] Vermögens- und Schuldenverwaltung","[944] Burgergut","9","94","944","[4] Ertrag","[4] ERTRAG","[42] Vermögenserträge","[423] Liegenschaften des Finanzvermögens","4","4","42","423","42110.20"
"592","Schwanden b.B.","2008","[9] FINANZEN UND STEUERN","[94] Vermögens- und Schuldenverwaltung","[944] Burgergut","9","94","944","[4] Ertrag","[4] ERTRAG","[42] Vermögenserträge","[425] Darlehen des Verwaltungsvermögens","4","4","42","425","300.00"
"592","Schwanden b.B.","2008","[3] KULTUR UND FREIZEIT","[30] Kulturförderung","[309] Uebrige Kulturförderung","3","30","309","[4] Ertrag","[4] ERTRAG","[42] Vermögenserträge","[428] Einnahmeüberschuss der Investitionsrechnung","4","4","42","428","850.00"
"592","Schwanden b.B.","2008","[1] OEFFENTLICHE SICHERHEIT","[10] Rechtsaufsicht","[100] Mass und Gewicht","1","10","100","[4] Ertrag","[4] ERTRAG","[43] Entgelte","[431] Gebühren für Amtshandlungen","4","4","43","431","2815.95"
"592","Schwanden b.B.","2008","[1] OEFFENTLICHE SICHERHEIT","[10] Rechtsaufsicht","[101] Uebrige Rechtspflege","1","10","101","[4] Ertrag","[4] ERTRAG","[43] Entgelte","[431] Gebühren für Amtshandlungen","4","4","43","431","18703.55"
"592","Schwanden b.B.","2008","[0] ALLGEMEINE VERWALTUNG","[02] Allgemeine Verwaltung","[029] Allgemeine Verwaltung","0","2","29","[4] Ertrag","[4] ERTRAG","[43] Entgelte","[434] Andere Benützungsgebühren und Dienstleistungen","4","4","43","434","2292.85"
"592","Schwanden b.B.","2008","[0] ALLGEMEINE VERWALTUNG","[09] Nicht aufteilbare Aufgaben","[090] Verwaltungsliegenschaften","0","9","90","[4] Ertrag","[4] ERTRAG","[43] Entgelte","[434] Andere Benützungsgebühren und Dienstleistungen","4","4","43","434","1140.00"
"592","Schwanden b.B.","2008","[2] BILDUNG","[21] Volksschule","[217] Schulliegenschaften (Ki.garten sofern nicht zuteilbar, Prim + Sek 1)","2","21","217","[4] Ertrag","[4] ERTRAG","[43] Entgelte","[434] Andere Benützungsgebühren und Dienstleistungen","4","4","43","434","1840.00"
"592","Schwanden b.B.","2008","[6] VERKEHR","[62] Gemeindestrassen","[620] Gemeindestrassennetz","6","62","620","[4] Ertrag","[4] ERTRAG","[43] Entgelte","[434] Andere Benützungsgebühren und Dienstleistungen","4","4","43","434","14031.45"
"592","Schwanden b.B.","2008","[7] UMWELT UND RAUMORDNUNG","[71] Abwasserentsorgung","[710] Abwasserentsorgung","7","71","710","[4] Ertrag","[4] ERTRAG","[43] Entgelte","[434] Andere Benützungsgebühren und Dienstleistungen","4","4","43","434","124905.20"
"592","Schwanden b.B.","2008","[7] UMWELT UND RAUMORDNUNG","[72] Abfallentsorgung","[720] Abfallentsorgung","7","72","720","[4] Ertrag","[4] ERTRAG","[43] Entgelte","[434] Andere Benützungsgebühren und Dienstleistungen","4","4","43","434","66555.15"
"592","Schwanden b.B.","2008","[7] UMWELT UND RAUMORDNUNG","[70] Wasserversorgung","[700] Wasserversorgung","7","70","700","[4] Ertrag","[4] ERTRAG","[43] Entgelte","[435] Uebrige Verkaufserlöse","4","4","43","435","80049.25"
"592","Schwanden b.B.","2008","[8] VOLKSWIRTSCHAFT","[81] Forstwirtschaft","[812] Holzernte","8","81","812","[4] Ertrag","[4] ERTRAG","[43] Entgelte","[435] Uebrige Verkaufserlöse","4","4","43","435","37105.05"
"592","Schwanden b.B.","2008","[8] VOLKSWIRTSCHAFT","[86] Energie","[860] Elektrizität","8","86","860","[4] Ertrag","[4] ERTRAG","[43] Entgelte","[435] Uebrige Verkaufserlöse","4","4","43","435","9856.35"
"592","Schwanden b.B.","2008","[9] FINANZEN UND STEUERN","[94] Vermögens- und Schuldenverwaltung","[942] Liegenschaften des Finanzvermögens","9","94","942","[4] Ertrag","[4] ERTRAG","[43] Entgelte","[435] Uebrige Verkaufserlöse","4","4","43","435","222.00"
"592","Schwanden b.B.","2008","[0] ALLGEMEINE VERWALTUNG","[01] Legislative und Exekutive","[011] Legislative","0","1","11","[4] Ertrag","[4] ERTRAG","[43] Entgelte","[436] Rückerstattungen","4","4","43","436","500.00"
"592","Schwanden b.B.","2008","[0] ALLGEMEINE VERWALTUNG","[02] Allgemeine Verwaltung","[029] Allgemeine Verwaltung","0","2","29","[4] Ertrag","[4] ERTRAG","[43] Entgelte","[436] Rückerstattungen","4","4","43","436","2521.75"
"592","Schwanden b.B.","2008","[0] ALLGEMEINE VERWALTUNG","[09] Nicht aufteilbare Aufgaben","[090] Verwaltungsliegenschaften","0","9","90","[4] Ertrag","[4] ERTRAG","[43] Entgelte","[436] Rückerstattungen","4","4","43","436","375.75"
"592","Schwanden b.B.","2008","[6] VERKEHR","[62] Gemeindestrassen","[620] Gemeindestrassennetz","6","62","620","[4] Ertrag","[4] ERTRAG","[43] Entgelte","[436] Rückerstattungen","4","4","43","436","4145.60"
"592","Schwanden b.B.","2008","[0] ALLGEMEINE VERWALTUNG","[02] Allgemeine Verwaltung","[029] Allgemeine Verwaltung","0","2","29","[4] Ertrag","[4] ERTRAG","[45] Rückerstattungen von Gemeinwesen","[451] Kanton","4","4","45","451","1825.60"
"592","Schwanden b.B.","2008","[5] SOZIALE WOHLFAHRT","[58] Sozialhilfe","[587] Lastenausgleich","5","58","587","[4] Ertrag","[4] ERTRAG","[45] Rückerstattungen von Gemeinwesen","[451] Kanton","4","4","45","451","-1384.70"
"592","Schwanden b.B.","2008","[5] SOZIALE WOHLFAHRT","[58] Sozialhilfe","[589] Sozialbehörden, Sekretariat","5","58","589","[4] Ertrag","[4] ERTRAG","[45] Rückerstattungen von Gemeinwesen","[452] Gemeinden","4","4","45","452","7601.65"
"592","Schwanden b.B.","2008","[8] VOLKSWIRTSCHAFT","[81] Forstwirtschaft","[810] Forstverwaltung","8","81","810","[4] Ertrag","[4] ERTRAG","[46] Beiträge","[460] Bund","4","4","46","460","2443.50"
"592","Schwanden b.B.","2008","[1] OEFFENTLICHE SICHERHEIT","[16] Zivile Landesverteidigung","[160] Zivilschutz","1","16","160","[4] Ertrag","[4] ERTRAG","[46] Beiträge","[461] Kanton","4","4","46","461","700.00"
"592","Schwanden b.B.","2008","[8] VOLKSWIRTSCHAFT","[81] Forstwirtschaft","[812] Holzernte","8","81","812","[4] Ertrag","[4] ERTRAG","[46] Beiträge","[461] Kanton","4","4","46","461","11967.85"
"592","Schwanden b.B.","2008","[8] VOLKSWIRTSCHAFT","[81] Forstwirtschaft","[811] Kulturen, Pflegemassnahmen","8","81","811","[4] Ertrag","[4] ERTRAG","[46] Beiträge","[462] Gemeinden","4","4","46","462","2380.00"
"592","Schwanden b.B.","2008","[1] OEFFENTLICHE SICHERHEIT","[14] Wehrdienste","[140] Wehrdienste","1","14","140","[4] Ertrag","[4] ERTRAG","[47] Durchlaufende Beiträge","[472] Gemeinden","4","4","47","472","20837.55"
"592","Schwanden b.B.","2008","[7] UMWELT UND RAUMORDNUNG","[75] Gewässerverbauungen","[750] Gewässerverbauungen","7","75","750","[4] Ertrag","[4] ERTRAG","[47] Durchlaufende Beiträge","[472] Gemeinden","4","4","47","472","90221.05"
"592","Schwanden b.B.","2008","[1] OEFFENTLICHE SICHERHEIT","[14] Wehrdienste","[140] Wehrdienste","1","14","140","[4] Ertrag","[4] ERTRAG","[48] Entnahmen aus Spezialfinanzierungen","[480] Entnahmen aus Spezialfinanzierungen","4","4","48","480","204.70"
"592","Schwanden b.B.","2008","[1] OEFFENTLICHE SICHERHEIT","[16] Zivile Landesverteidigung","[160] Zivilschutz","1","16","160","[4] Ertrag","[4] ERTRAG","[48] Entnahmen aus Spezialfinanzierungen","[480] Entnahmen aus Spezialfinanzierungen","4","4","48","480","6272.00"
"592","Schwanden b.B.","2008","[0] ALLGEMEINE VERWALTUNG","[01] Legislative und Exekutive","[012] Exekutive","0","1","12","[4] Ertrag","[4] ERTRAG","[49] Interne Verrechnungen","[490] Verrechneter Aufwand","4","4","49","490","900.00"
"592","Schwanden b.B.","2008","[3] KULTUR UND FREIZEIT","[34] Sport","[342] ...","3","34","342","[4] Ertrag","[4] ERTRAG","[49] Interne Verrechnungen","[491] Verrechnete Zinsen","4","4","49","491","275.30"
"592","Schwanden b.B.","2008","[7] UMWELT UND RAUMORDNUNG","[70] Wasserversorgung","[700] Wasserversorgung","7","70","700","[4] Ertrag","[4] ERTRAG","[49] Interne Verrechnungen","[491] Verrechnete Zinsen","4","4","49","491","11109.25"
"592","Schwanden b.B.","2008","[7] UMWELT UND RAUMORDNUNG","[71] Abwasserentsorgung","[710] Abwasserentsorgung","7","71","710","[4] Ertrag","[4] ERTRAG","[49] Interne Verrechnungen","[491] Verrechnete Zinsen","4","4","49","491","9613.40"
"592","Schwanden b.B.","2008","[9] FINANZEN UND STEUERN","[94] Vermögens- und Schuldenverwaltung","[940] Zinsen","9","94","940","[4] Ertrag","[4] ERTRAG","[49] Interne Verrechnungen","[491] Verrechnete Zinsen","4","4","49","491","66.05"
"592","Schwanden b.B.","2008","[9] FINANZEN UND STEUERN","[99] Nicht aufgeteilte Posten","[990] Abschreibungen","9","99","990","[4] Ertrag","[4] ERTRAG","[49] Interne Verrechnungen","[492] Verrechnete Abschreibungen","4","4","49","492","1715.65"
"592","Schwanden b.B.","2008","[1] OEFFENTLICHE SICHERHEIT","[10] Rechtsaufsicht","[100] Mass und Gewicht","1","10","100","[5] Ausgaben","[5] Ausgaben","[50] Sachgüter","[500] Grundstücke","5","5","50","500","23500.00"
"592","Schwanden b.B.","2008","[6] VERKEHR","[62] Gemeindestrassen","[620] Gemeindestrassennetz","6","62","620","[5] Ausgaben","[5] Ausgaben","[50] Sachgüter","[501] Tiefbauten","5","5","50","501","10365.30"
"592","Schwanden b.B.","2008","[7] UMWELT UND RAUMORDNUNG","[70] Wasserversorgung","[700] Wasserversorgung","7","70","700","[5] Ausgaben","[5] Ausgaben","[50] Sachgüter","[501] Tiefbauten","5","5","50","501","66753.20"
"592","Schwanden b.B.","2008","[7] UMWELT UND RAUMORDNUNG","[75] Gewässerverbauungen","[750] Gewässerverbauungen","7","75","750","[5] Ausgaben","[5] Ausgaben","[50] Sachgüter","[501] Tiefbauten","5","5","50","501","765.10"
"592","Schwanden b.B.","2008","[9] FINANZEN UND STEUERN","[94] Vermögens- und Schuldenverwaltung","[942] Liegenschaften des Finanzvermögens","9","94","942","[5] Ausgaben","[5] Ausgaben","[50] Sachgüter","[503] Hochbauten","5","5","50","503","122285.70"
"592","Schwanden b.B.","2008","[8] VOLKSWIRTSCHAFT","[86] Energie","[860] Elektrizität","8","86","860","[5] Ausgaben","[5] Ausgaben","[56] Eigene Beiträge","[562] Gemeinden","5","5","56","562","9494.40"
"592","Schwanden b.B.","2008","[9] FINANZEN UND STEUERN","[99] Nicht aufgeteilte Posten","[999] Abschluss","9","99","999","[5] Ausgaben","[5] Ausgaben","[59] Passivierungen","[590] Passivierte Einnahmen","5","5","59","590","262513.65"
"592","Schwanden b.B.","2008","[9] FINANZEN UND STEUERN","[99] Nicht aufgeteilte Posten","[999] Abschluss","9","99","999","[5] Ausgaben","[5] Ausgaben","[59] Passivierungen","[592] Uebertrag Einnahmenüberschuss in die Laufende Rechnung","5","5","59","592","20092.65"
"592","Schwanden b.B.","2008","[7] UMWELT UND RAUMORDNUNG","[70] Wasserversorgung","[700] Wasserversorgung","7","70","700","[6] Einnahmen","[6] Einnahmen","[61] Nutzungsabgaben und Vorteilsentgelte","[610] Beiträge Dritter für eigene Rechnung","6","6","61","610","13135.00"
"592","Schwanden b.B.","2008","[7] UMWELT UND RAUMORDNUNG","[71] Abwasserentsorgung","[710] Abwasserentsorgung","7","71","710","[6] Einnahmen","[6] Einnahmen","[61] Nutzungsabgaben und Vorteilsentgelte","[610] Beiträge Dritter für eigene Rechnung","6","6","61","610","19242.65"
"592","Schwanden b.B.","2008","[9] FINANZEN UND STEUERN","[94] Vermögens- und Schuldenverwaltung","[942] Liegenschaften des Finanzvermögens","9","94","942","[6] Einnahmen","[6] Einnahmen","[63] Rückerstattungen für Sachgüter","[633] Hochbauten","6","6","63","633","75046.60"
"592","Schwanden b.B.","2008","[3] KULTUR UND FREIZEIT","[34] Sport","[342] ...","3","34","342","[6] Einnahmen","[6] Einnahmen","[66] Beiträge für eigene Rechnung","[669] Uebrige Beiträge für eigene Rechnung","6","6","66","669","10000.00"
"592","Schwanden b.B.","2008","[7] UMWELT UND RAUMORDNUNG","[79] Raumordnung","[790] Raumplanung","7","79","790","[6] Einnahmen","[6] Einnahmen","[67] Durchlaufende Beiträge","[672] Gemeinden","6","6","67","672","23387.85"
"592","Schwanden b.B.","2009","","","","","","","[1] Aktiven","[10] Finanzvermögen","[100] Flüssige Mittel","[1001] Post","1","10","100","1001","132369.57"
"592","Schwanden b.B.","2009","","","","","","","[1] Aktiven","[10] Finanzvermögen","[101] Guthaben","[1010] Vorschüsse","1","10","101","1010","200.00"
"592","Schwanden b.B.","2009","","","","","","","[1] Aktiven","[10] Finanzvermögen","[101] Guthaben","[1013] Rückerstattungen von Gemeinwesen","1","10","101","1013","153000.00"
"592","Schwanden b.B.","2009","","","","","","","[1] Aktiven","[10] Finanzvermögen","[101] Guthaben","[1015] Andere Debitoren","1","10","101","1015","97011.70"
"592","Schwanden b.B.","2009","","","","","","","[1] Aktiven","[10] Finanzvermögen","[102] Anlagen","[1020] Festverzinsliche Wertpapiere","1","10","102","1020","1313819.05"
"592","Schwanden b.B.","2009","","","","","","","[1] Aktiven","[10] Finanzvermögen","[102] Anlagen","[1023] Liegenschaften","1","10","102","1023","1107066.35"
"592","Schwanden b.B.","2009","","","","","","","[1] Aktiven","[10] Finanzvermögen","[102] Anlagen","[1025] Vorräte","1","10","102","1025","2804.97"
"592","Schwanden b.B.","2009","","","","","","","[1] Aktiven","[10] Finanzvermögen","[103] Transitorische Aktiven","[1030] Transitorische Aktiven","1","10","103","1030","179046.10"
"592","Schwanden b.B.","2009","","","","","","","[1] Aktiven","[11] Verwaltungsvermögen","[114] Sachgüter","[1145] Waldungen","1","11","114","1145","1.00"
"592","Schwanden b.B.","2009","","","","","","","[1] Aktiven","[11] Verwaltungsvermögen","[115] Darlehen und Beteiligungen","[1152] Gemeinden","1","11","115","1152","80000.00"
"592","Schwanden b.B.","2009","","","","","","","[1] Aktiven","[11] Verwaltungsvermögen","[115] Darlehen und Beteiligungen","[1154] Gemischtwirtschaftliche Unternehmungen","1","11","115","1154","4.00"
"592","Schwanden b.B.","2009","","","","","","","[1] Aktiven","[11] Verwaltungsvermögen","[117] Uebrige aktiverte Ausgaben","[1171] Raumplanung","1","11","117","1171","46641.70"
"592","Schwanden b.B.","2009","","","","","","","[1] Aktiven","[11] Verwaltungsvermögen","[117] Uebrige aktiverte Ausgaben","[1179] Uebrige aktivierte Ausgaben","1","11","117","1179","56190.05"
"592","Schwanden b.B.","2009","","","","","","","[2] Passiven","[20] Fremdkapital","[200] Laufende Verpflichtungen","[2000] Kreditoren","2","20","200","2000","219251.79"
"592","Schwanden b.B.","2009","","","","","","","[2] Passiven","[20] Fremdkapital","[200] Laufende Verpflichtungen","[2005] Durchlaufende Beiträge","2","20","200","2005","6768.35"
"592","Schwanden b.B.","2009","","","","","","","[2] Passiven","[20] Fremdkapital","[202] Mittel- und langfristige Schulden","[2021] Schuldscheine","2","20","202","2021","125100.00"
"592","Schwanden b.B.","2009","","","","","","","[2] Passiven","[20] Fremdkapital","[203] Verpflichtungen für Sonderrechnungen","[2033] Verwaltete Stiftungen","2","20","203","2033","10539.25"
"592","Schwanden b.B.","2009","","","","","","","[2] Passiven","[20] Fremdkapital","[204] Rückstellungen","[2049] Wertberichtigung auf Guthaben","2","20","204","2049","138964.05"
"592","Schwanden b.B.","2009","","","","","","","[2] Passiven","[20] Fremdkapital","[205] Transitorische Passiven","[2050] Transitorische Passiven","2","20","205","2050","1607.75"
"592","Schwanden b.B.","2009","","","","","","","[2] Passiven","[22] Spezialfinanzierungen","[228] Verpflichtungen für Spezialfinanzierungen","[2280] Spezialfinanzierungen gestützt auf übergeordnetes Recht","2","22","228","2280","1322314.06"
"592","Schwanden b.B.","2009","[0] ALLGEMEINE VERWALTUNG","[01] Legislative und Exekutive","[012] Exekutive","0","1","12","[3] Aufwand","[3] AUFWAND","[30] Personalaufwand","[300] Personalaufwand der Behörden und Kommissionen","3","3","30","300","28866.60"
"592","Schwanden b.B.","2009","[3] KULTUR UND FREIZEIT","[30] Kulturförderung","[309] Uebrige Kulturförderung","3","30","309","[3] Aufwand","[3] AUFWAND","[30] Personalaufwand","[300] Personalaufwand der Behörden und Kommissionen","3","3","30","300","1500.00"
"592","Schwanden b.B.","2009","[9] FINANZEN UND STEUERN","[94] Vermögens- und Schuldenverwaltung","[944] Burgergut","9","94","944","[3] Aufwand","[3] AUFWAND","[30] Personalaufwand","[300] Personalaufwand der Behörden und Kommissionen","3","3","30","300","440.00"
"592","Schwanden b.B.","2009","[0] ALLGEMEINE VERWALTUNG","[09] Nicht aufteilbare Aufgaben","[090] Verwaltungsliegenschaften","0","9","90","[3] Aufwand","[3] AUFWAND","[30] Personalaufwand","[301] Löhne des Verwaltungs- + Betriebspersonals","3","3","30","301","7197.05"
"592","Schwanden b.B.","2009","[6] VERKEHR","[62] Gemeindestrassen","[620] Gemeindestrassennetz","6","62","620","[3] Aufwand","[3] AUFWAND","[30] Personalaufwand","[301] Löhne des Verwaltungs- + Betriebspersonals","3","3","30","301","97624.80"
"592","Schwanden b.B.","2009","[7] UMWELT UND RAUMORDNUNG","[70] Wasserversorgung","[700] Wasserversorgung","7","70","700","[3] Aufwand","[3] AUFWAND","[30] Personalaufwand","[301] Löhne des Verwaltungs- + Betriebspersonals","3","3","30","301","5386.50"
"592","Schwanden b.B.","2009","[0] ALLGEMEINE VERWALTUNG","[01] Legislative und Exekutive","[012] Exekutive","0","1","12","[3] Aufwand","[3] AUFWAND","[30] Personalaufwand","[303] Sozialversicherungsbeiträge","3","3","30","303","1880.55"
"592","Schwanden b.B.","2009","[9] FINANZEN UND STEUERN","[94] Vermögens- und Schuldenverwaltung","[944] Burgergut","9","94","944","[3] Aufwand","[3] AUFWAND","[30] Personalaufwand","[303] Sozialversicherungsbeiträge","3","3","30","303","14.85"
"592","Schwanden b.B.","2009","[0] ALLGEMEINE VERWALTUNG","[02] Allgemeine Verwaltung","[029] Allgemeine Verwaltung","0","2","29","[3] Aufwand","[3] AUFWAND","[30] Personalaufwand","[304] Personalversicherungsbeiträge","3","3","30","304","21448.00"
"592","Schwanden b.B.","2009","[0] ALLGEMEINE VERWALTUNG","[09] Nicht aufteilbare Aufgaben","[090] Verwaltungsliegenschaften","0","9","90","[3] Aufwand","[3] AUFWAND","[30] Personalaufwand","[304] Personalversicherungsbeiträge","3","3","30","304","603.00"
"592","Schwanden b.B.","2009","[2] BILDUNG","[21] Volksschule","[217] Schulliegenschaften (Ki.garten sofern nicht zuteilbar, Prim + Sek 1)","2","21","217","[3] Aufwand","[3] AUFWAND","[30] Personalaufwand","[304] Personalversicherungsbeiträge","3","3","30","304","867.60"
"592","Schwanden b.B.","2009","[6] VERKEHR","[62] Gemeindestrassen","[620] Gemeindestrassennetz","6","62","620","[3] Aufwand","[3] AUFWAND","[30] Personalaufwand","[304] Personalversicherungsbeiträge","3","3","30","304","11176.60"
"592","Schwanden b.B.","2009","[0] ALLGEMEINE VERWALTUNG","[02] Allgemeine Verwaltung","[029] Allgemeine Verwaltung","0","2","29","[3] Aufwand","[3] AUFWAND","[30] Personalaufwand","[305] Unfall- und Krankenversicherungsbeiträge","3","3","30","305","3102.90"
"592","Schwanden b.B.","2009","[2] BILDUNG","[21] Volksschule","[217] Schulliegenschaften (Ki.garten sofern nicht zuteilbar, Prim + Sek 1)","2","21","217","[3] Aufwand","[3] AUFWAND","[30] Personalaufwand","[305] Unfall- und Krankenversicherungsbeiträge","3","3","30","305","316.00"
"592","Schwanden b.B.","2009","[0] ALLGEMEINE VERWALTUNG","[02] Allgemeine Verwaltung","[029] Allgemeine Verwaltung","0","2","29","[3] Aufwand","[3] AUFWAND","[30] Personalaufwand","[309] Uebriger Personalaufwand","3","3","30","309","4315.90"
"592","Schwanden b.B.","2009","[6] VERKEHR","[62] Gemeindestrassen","[620] Gemeindestrassennetz","6","62","620","[3] Aufwand","[3] AUFWAND","[30] Personalaufwand","[309] Uebriger Personalaufwand","3","3","30","309","921.05"
"592","Schwanden b.B.","2009","[3] KULTUR UND FREIZEIT","[30] Kulturförderung","[309] Uebrige Kulturförderung","3","30","309","[3] Aufwand","[3] AUFWAND","[31] Sachaufwand","[310] Büro- und Schulmaterialien, Drucksachen","3","3","31","310","1588.85"
"592","Schwanden b.B.","2009","[7] UMWELT UND RAUMORDNUNG","[70] Wasserversorgung","[700] Wasserversorgung","7","70","700","[3] Aufwand","[3] AUFWAND","[31] Sachaufwand","[310] Büro- und Schulmaterialien, Drucksachen","3","3","31","310","126.90"
"592","Schwanden b.B.","2009","[0] ALLGEMEINE VERWALTUNG","[02] Allgemeine Verwaltung","[029] Allgemeine Verwaltung","0","2","29","[3] Aufwand","[3] AUFWAND","[31] Sachaufwand","[311] Anschaffung Mobilien, Maschinen, Fahrzeuge","3","3","31","311","1857.05"
"592","Schwanden b.B.","2009","[0] ALLGEMEINE VERWALTUNG","[09] Nicht aufteilbare Aufgaben","[090] Verwaltungsliegenschaften","0","9","90","[3] Aufwand","[3] AUFWAND","[31] Sachaufwand","[311] Anschaffung Mobilien, Maschinen, Fahrzeuge","3","3","31","311","3938.70"
"592","Schwanden b.B.","2009","[1] OEFFENTLICHE SICHERHEIT","[14] Wehrdienste","[140] Wehrdienste","1","14","140","[3] Aufwand","[3] AUFWAND","[31] Sachaufwand","[311] Anschaffung Mobilien, Maschinen, Fahrzeuge","3","3","31","311","264.00"
"592","Schwanden b.B.","2009","[2] BILDUNG","[21] Volksschule","[217] Schulliegenschaften (Ki.garten sofern nicht zuteilbar, Prim + Sek 1)","2","21","217","[3] Aufwand","[3] AUFWAND","[31] Sachaufwand","[311] Anschaffung Mobilien, Maschinen, Fahrzeuge","3","3","31","311","1713.35"
"592","Schwanden b.B.","2009","[7] UMWELT UND RAUMORDNUNG","[70] Wasserversorgung","[700] Wasserversorgung","7","70","700","[3] Aufwand","[3] AUFWAND","[31] Sachaufwand","[311] Anschaffung Mobilien, Maschinen, Fahrzeuge","3","3","31","311","768.30"
"592","Schwanden b.B.","2009","[7] UMWELT UND RAUMORDNUNG","[72] Abfallentsorgung","[720] Abfallentsorgung","7","72","720","[3] Aufwand","[3] AUFWAND","[31] Sachaufwand","[311] Anschaffung Mobilien, Maschinen, Fahrzeuge","3","3","31","311","259.30"
"592","Schwanden b.B.","2009","[1] OEFFENTLICHE SICHERHEIT","[14] Wehrdienste","[140] Wehrdienste","1","14","140","[3] Aufwand","[3] AUFWAND","[31] Sachaufwand","[312] Wasser, Energie, Heizmaterialien","3","3","31","312","120.85"
"592","Schwanden b.B.","2009","[3] KULTUR UND FREIZEIT","[33] Parkanlagen und Wanderwege","[330] Parkanlagen und Wanderwege","3","33","330","[3] Aufwand","[3] AUFWAND","[31] Sachaufwand","[312] Wasser, Energie, Heizmaterialien","3","3","31","312","2492.20"
"592","Schwanden b.B.","2009","[8] VOLKSWIRTSCHAFT","[81] Forstwirtschaft","[810] Forstverwaltung","8","81","810","[3] Aufwand","[3] AUFWAND","[31] Sachaufwand","[312] Wasser, Energie, Heizmaterialien","3","3","31","312","120.90"
"592","Schwanden b.B.","2009","[8] VOLKSWIRTSCHAFT","[81] Forstwirtschaft","[812] Holzernte","8","81","812","[3] Aufwand","[3] AUFWAND","[31] Sachaufwand","[312] Wasser, Energie, Heizmaterialien","3","3","31","312","1710.00"
"592","Schwanden b.B.","2009","[9] FINANZEN UND STEUERN","[94] Vermögens- und Schuldenverwaltung","[942] Liegenschaften des Finanzvermögens","9","94","942","[3] Aufwand","[3] AUFWAND","[31] Sachaufwand","[312] Wasser, Energie, Heizmaterialien","3","3","31","312","2981.85"
"592","Schwanden b.B.","2009","[0] ALLGEMEINE VERWALTUNG","[09] Nicht aufteilbare Aufgaben","[091] ...","0","9","91","[3] Aufwand","[3] AUFWAND","[31] Sachaufwand","[313] Verbrauchsmaterialien","3","3","31","313","107.00"
"592","Schwanden b.B.","2009","[1] OEFFENTLICHE SICHERHEIT","[16] Zivile Landesverteidigung","[160] Zivilschutz","1","16","160","[3] Aufwand","[3] AUFWAND","[31] Sachaufwand","[313] Verbrauchsmaterialien","3","3","31","313","40.40"
"592","Schwanden b.B.","2009","[6] VERKEHR","[62] Gemeindestrassen","[620] Gemeindestrassennetz","6","62","620","[3] Aufwand","[3] AUFWAND","[31] Sachaufwand","[313] Verbrauchsmaterialien","3","3","31","313","11997.35"
"592","Schwanden b.B.","2009","[0] ALLGEMEINE VERWALTUNG","[09] Nicht aufteilbare Aufgaben","[090] Verwaltungsliegenschaften","0","9","90","[3] Aufwand","[3] AUFWAND","[31] Sachaufwand","[314] Dienstleistungen Dritter für den baulichen Unterhalt","3","3","31","314","6387.85"
"592","Schwanden b.B.","2009","[1] OEFFENTLICHE SICHERHEIT","[10] Rechtsaufsicht","[100] Mass und Gewicht","1","10","100","[3] Aufwand","[3] AUFWAND","[31] Sachaufwand","[314] Dienstleistungen Dritter für den baulichen Unterhalt","3","3","31","314","9850.05"
"592","Schwanden b.B.","2009","[2] BILDUNG","[21] Volksschule","[217] Schulliegenschaften (Ki.garten sofern nicht zuteilbar, Prim + Sek 1)","2","21","217","[3] Aufwand","[3] AUFWAND","[31] Sachaufwand","[314] Dienstleistungen Dritter für den baulichen Unterhalt","3","3","31","314","14945.30"
"592","Schwanden b.B.","2009","[3] KULTUR UND FREIZEIT","[34] Sport","[341] ...","3","34","341","[3] Aufwand","[3] AUFWAND","[31] Sachaufwand","[314] Dienstleistungen Dritter für den baulichen Unterhalt","3","3","31","314","1757.90"
"592","Schwanden b.B.","2009","[3] KULTUR UND FREIZEIT","[34] Sport","[342] ...","3","34","342","[3] Aufwand","[3] AUFWAND","[31] Sachaufwand","[314] Dienstleistungen Dritter für den baulichen Unterhalt","3","3","31","314","966.20"
"592","Schwanden b.B.","2009","[6] VERKEHR","[62] Gemeindestrassen","[620] Gemeindestrassennetz","6","62","620","[3] Aufwand","[3] AUFWAND","[31] Sachaufwand","[314] Dienstleistungen Dritter für den baulichen Unterhalt","3","3","31","314","22605.85"
"592","Schwanden b.B.","2009","[1] OEFFENTLICHE SICHERHEIT","[16] Zivile Landesverteidigung","[161] Uebrige zivile Landesverteidigung","1","16","161","[3] Aufwand","[3] AUFWAND","[31] Sachaufwand","[318] Dienstleistungen und Honorare, allg. Verwaltungsaufwand","3","3","31","318","3200.00"
"592","Schwanden b.B.","2009","[2] BILDUNG","[21] Volksschule","[217] Schulliegenschaften (Ki.garten sofern nicht zuteilbar, Prim + Sek 1)","2","21","217","[3] Aufwand","[3] AUFWAND","[31] Sachaufwand","[318] Dienstleistungen und Honorare, allg. Verwaltungsaufwand","3","3","31","318","7324.95"
"592","Schwanden b.B.","2009","[2] BILDUNG","[21] Volksschule","[219] Nicht Aufteilbares, Volksschule, Tagesschule","2","21","219","[3] Aufwand","[3] AUFWAND","[31] Sachaufwand","[318] Dienstleistungen und Honorare, allg. Verwaltungsaufwand","3","3","31","318","12024.70"
"592","Schwanden b.B.","2009","[3] KULTUR UND FREIZEIT","[30] Kulturförderung","[309] Uebrige Kulturförderung","3","30","309","[3] Aufwand","[3] AUFWAND","[31] Sachaufwand","[318] Dienstleistungen und Honorare, allg. Verwaltungsaufwand","3","3","31","318","478.30"
"592","Schwanden b.B.","2009","[3] KULTUR UND FREIZEIT","[34] Sport","[341] ...","3","34","341","[3] Aufwand","[3] AUFWAND","[31] Sachaufwand","[318] Dienstleistungen und Honorare, allg. Verwaltungsaufwand","3","3","31","318","236.25"
"592","Schwanden b.B.","2009","[4] GESUNDHEIT","[46] Schulgesundheitsdienst","[460] Schulärztliche Pflege","4","46","460","[3] Aufwand","[3] AUFWAND","[31] Sachaufwand","[318] Dienstleistungen und Honorare, allg. Verwaltungsaufwand","3","3","31","318","525.70"
"592","Schwanden b.B.","2009","[4] GESUNDHEIT","[46] Schulgesundheitsdienst","[461] Schulzahnärztliche Pflege","4","46","461","[3] Aufwand","[3] AUFWAND","[31] Sachaufwand","[318] Dienstleistungen und Honorare, allg. Verwaltungsaufwand","3","3","31","318","817.60"
"592","Schwanden b.B.","2009","[6] VERKEHR","[62] Gemeindestrassen","[620] Gemeindestrassennetz","6","62","620","[3] Aufwand","[3] AUFWAND","[31] Sachaufwand","[318] Dienstleistungen und Honorare, allg. Verwaltungsaufwand","3","3","31","318","5317.05"
"592","Schwanden b.B.","2009","[7] UMWELT UND RAUMORDNUNG","[71] Abwasserentsorgung","[710] Abwasserentsorgung","7","71","710","[3] Aufwand","[3] AUFWAND","[31] Sachaufwand","[318] Dienstleistungen und Honorare, allg. Verwaltungsaufwand","3","3","31","318","1487.50"
"592","Schwanden b.B.","2009","[7] UMWELT UND RAUMORDNUNG","[72] Abfallentsorgung","[720] Abfallentsorgung","7","72","720","[3] Aufwand","[3] AUFWAND","[31] Sachaufwand","[318] Dienstleistungen und Honorare, allg. Verwaltungsaufwand","3","3","31","318","36759.90"
"592","Schwanden b.B.","2009","[8] VOLKSWIRTSCHAFT","[81] Forstwirtschaft","[810] Forstverwaltung","8","81","810","[3] Aufwand","[3] AUFWAND","[31] Sachaufwand","[318] Dienstleistungen und Honorare, allg. Verwaltungsaufwand","3","3","31","318","329.00"
"592","Schwanden b.B.","2009","[9] FINANZEN UND STEUERN","[94] Vermögens- und Schuldenverwaltung","[942] Liegenschaften des Finanzvermögens","9","94","942","[3] Aufwand","[3] AUFWAND","[31] Sachaufwand","[318] Dienstleistungen und Honorare, allg. Verwaltungsaufwand","3","3","31","318","5922.25"
"592","Schwanden b.B.","2009","[3] KULTUR UND FREIZEIT","[30] Kulturförderung","[309] Uebrige Kulturförderung","3","30","309","[3] Aufwand","[3] AUFWAND","[31] Sachaufwand","[319] Uebriger Sachaufwand","3","3","31","319","5379.75"
"592","Schwanden b.B.","2009","[5] SOZIALE WOHLFAHRT","[57] Altersheime","[571] ...","5","57","571","[3] Aufwand","[3] AUFWAND","[31] Sachaufwand","[319] Uebriger Sachaufwand","3","3","31","319","1439.60"
"592","Schwanden b.B.","2009","[8] VOLKSWIRTSCHAFT","[81] Forstwirtschaft","[812] Holzernte","8","81","812","[3] Aufwand","[3] AUFWAND","[32] Passivzinsen","[329] Uebrige Passivzinsen","3","3","32","329","-18.00"
"592","Schwanden b.B.","2009","[1] OEFFENTLICHE SICHERHEIT","[14] Wehrdienste","[140] Wehrdienste","1","14","140","[3] Aufwand","[3] AUFWAND","[33] Abschreibungen","[330] Finanzvermögen","3","3","33","330","374.90"
"592","Schwanden b.B.","2009","[9] FINANZEN UND STEUERN","[99] Nicht aufgeteilte Posten","[990] Abschreibungen","9","99","990","[3] Aufwand","[3] AUFWAND","[33] Abschreibungen","[330] Finanzvermögen","3","3","33","330","-178.00"
"592","Schwanden b.B.","2009","[7] UMWELT UND RAUMORDNUNG","[70] Wasserversorgung","[700] Wasserversorgung","7","70","700","[3] Aufwand","[3] AUFWAND","[33] Abschreibungen","[331] Verwaltungsvermögen - harmonisierte Abschreibungen","3","3","33","331","20254.45"
"592","Schwanden b.B.","2009","[7] UMWELT UND RAUMORDNUNG","[71] Abwasserentsorgung","[710] Abwasserentsorgung","7","71","710","[3] Aufwand","[3] AUFWAND","[33] Abschreibungen","[331] Verwaltungsvermögen - harmonisierte Abschreibungen","3","3","33","331","13162.50"
"592","Schwanden b.B.","2009","[9] FINANZEN UND STEUERN","[99] Nicht aufgeteilte Posten","[990] Abschreibungen","9","99","990","[3] Aufwand","[3] AUFWAND","[33] Abschreibungen","[332] Verwaltungsvermögen - übrige Abschreibungen","3","3","33","332","60000.00"
"592","Schwanden b.B.","2009","[0] ALLGEMEINE VERWALTUNG","[02] Allgemeine Verwaltung","[029] Allgemeine Verwaltung","0","2","29","[3] Aufwand","[3] AUFWAND","[35] Entschädigungen an Gemeinwesen","[351] Kanton","3","3","35","351","10416.15"
"592","Schwanden b.B.","2009","[1] OEFFENTLICHE SICHERHEIT","[16] Zivile Landesverteidigung","[161] Uebrige zivile Landesverteidigung","1","16","161","[3] Aufwand","[3] AUFWAND","[35] Entschädigungen an Gemeinwesen","[352] Gemeinden","3","3","35","352","4942.65"
"592","Schwanden b.B.","2009","[2] BILDUNG","[20] Kindergarten","[200] Kindergarten","2","20","200","[3] Aufwand","[3] AUFWAND","[35] Entschädigungen an Gemeinwesen","[352] Gemeinden","3","3","35","352","7308.50"
"592","Schwanden b.B.","2009","[2] BILDUNG","[21] Volksschule","[219] Nicht Aufteilbares, Volksschule, Tagesschule","2","21","219","[3] Aufwand","[3] AUFWAND","[35] Entschädigungen an Gemeinwesen","[352] Gemeinden","3","3","35","352","140451.00"
"592","Schwanden b.B.","2009","[4] GESUNDHEIT","[47] Lebensmittelkontrolle","[470] Lebensmittelkontrolle","4","47","470","[3] Aufwand","[3] AUFWAND","[35] Entschädigungen an Gemeinwesen","[352] Gemeinden","3","3","35","352","86.70"
"592","Schwanden b.B.","2009","[5] SOZIALE WOHLFAHRT","[50] Altersversicherung","[500] AHV-Zweigstelle","5","50","500","[3] Aufwand","[3] AUFWAND","[35] Entschädigungen an Gemeinwesen","[352] Gemeinden","3","3","35","352","7298.10"
"592","Schwanden b.B.","2009","[5] SOZIALE WOHLFAHRT","[58] Sozialhilfe","[589] Sozialbehörden, Sekretariat","5","58","589","[3] Aufwand","[3] AUFWAND","[35] Entschädigungen an Gemeinwesen","[352] Gemeinden","3","3","35","352","7742.55"
"592","Schwanden b.B.","2009","[9] FINANZEN UND STEUERN","[94] Vermögens- und Schuldenverwaltung","[944] Burgergut","9","94","944","[3] Aufwand","[3] AUFWAND","[35] Entschädigungen an Gemeinwesen","[352] Gemeinden","3","3","35","352","17400.00"
"592","Schwanden b.B.","2009","[1] OEFFENTLICHE SICHERHEIT","[16] Zivile Landesverteidigung","[160] Zivilschutz","1","16","160","[3] Aufwand","[3] AUFWAND","[36] Eigene Beiträge","[362] Gemeinden","3","3","36","362","8121.00"
"592","Schwanden b.B.","2009","[7] UMWELT UND RAUMORDNUNG","[70] Wasserversorgung","[700] Wasserversorgung","7","70","700","[3] Aufwand","[3] AUFWAND","[36] Eigene Beiträge","[362] Gemeinden","3","3","36","362","12565.75"
"592","Schwanden b.B.","2009","[7] UMWELT UND RAUMORDNUNG","[74] Friedhof und Bestattung","[740] Friedhof und Bestattung","7","74","740","[3] Aufwand","[3] AUFWAND","[36] Eigene Beiträge","[362] Gemeinden","3","3","36","362","14472.00"
"592","Schwanden b.B.","2009","[7] UMWELT UND RAUMORDNUNG","[79] Raumordnung","[790] Raumplanung","7","79","790","[3] Aufwand","[3] AUFWAND","[36] Eigene Beiträge","[362] Gemeinden","3","3","36","362","3966.40"
"592","Schwanden b.B.","2009","[9] FINANZEN UND STEUERN","[94] Vermögens- und Schuldenverwaltung","[944] Burgergut","9","94","944","[3] Aufwand","[3] AUFWAND","[36] Eigene Beiträge","[362] Gemeinden","3","3","36","362","1615.90"
"592","Schwanden b.B.","2009","[2] BILDUNG","[29] Uebriges Bildungswesen","[292] Erwachsenenbildung","2","29","292","[3] Aufwand","[3] AUFWAND","[36] Eigene Beiträge","[365] Private Institutionen","3","3","36","365","1858.20"
"592","Schwanden b.B.","2009","[3] KULTUR UND FREIZEIT","[34] Sport","[340] Sport","3","34","340","[3] Aufwand","[3] AUFWAND","[36] Eigene Beiträge","[365] Private Institutionen","3","3","36","365","850.00"
"592","Schwanden b.B.","2009","[3] KULTUR UND FREIZEIT","[35] Uebrige Freizeitgestaltung","[350] Uebrige Freizeitgestaltung","3","35","350","[3] Aufwand","[3] AUFWAND","[36] Eigene Beiträge","[365] Private Institutionen","3","3","36","365","400.00"
"592","Schwanden b.B.","2009","[4] GESUNDHEIT","[44] Ambulante Krankenpflege","[440] Spitex/Krankenpflege","4","44","440","[3] Aufwand","[3] AUFWAND","[36] Eigene Beiträge","[365] Private Institutionen","3","3","36","365","150.00"
"592","Schwanden b.B.","2009","[6] VERKEHR","[62] Gemeindestrassen","[620] Gemeindestrassennetz","6","62","620","[3] Aufwand","[3] AUFWAND","[36] Eigene Beiträge","[365] Private Institutionen","3","3","36","365","16033.60"
"592","Schwanden b.B.","2009","[7] UMWELT UND RAUMORDNUNG","[70] Wasserversorgung","[700] Wasserversorgung","7","70","700","[3] Aufwand","[3] AUFWAND","[36] Eigene Beiträge","[365] Private Institutionen","3","3","36","365","110.00"
"592","Schwanden b.B.","2009","[8] VOLKSWIRTSCHAFT","[80] Landwirtschaft","[800] Landwirtschaft","8","80","800","[3] Aufwand","[3] AUFWAND","[36] Eigene Beiträge","[365] Private Institutionen","3","3","36","365","50.00"
"592","Schwanden b.B.","2009","[8] VOLKSWIRTSCHAFT","[83] Tourismus","[830] Tourismus","8","83","830","[3] Aufwand","[3] AUFWAND","[36] Eigene Beiträge","[365] Private Institutionen","3","3","36","365","3030.00"
"592","Schwanden b.B.","2009","[9] FINANZEN UND STEUERN","[94] Vermögens- und Schuldenverwaltung","[944] Burgergut","9","94","944","[3] Aufwand","[3] AUFWAND","[36] Eigene Beiträge","[365] Private Institutionen","3","3","36","365","2266.90"
"592","Schwanden b.B.","2009","[7] UMWELT UND RAUMORDNUNG","[75] Gewässerverbauungen","[750] Gewässerverbauungen","7","75","750","[3] Aufwand","[3] AUFWAND","[37] Durchlaufende Beiträge","[372] Gemeinden","3","3","37","372","60116.65"
"592","Schwanden b.B.","2009","[7] UMWELT UND RAUMORDNUNG","[71] Abwasserentsorgung","[710] Abwasserentsorgung","7","71","710","[3] Aufwand","[3] AUFWAND","[38] Einlagen in Spezialfinanzierungen","[380] Einlagen in Spezialfinanzierungen","3","3","38","380","71707.70"
"592","Schwanden b.B.","2009","[7] UMWELT UND RAUMORDNUNG","[72] Abfallentsorgung","[720] Abfallentsorgung","7","72","720","[3] Aufwand","[3] AUFWAND","[38] Einlagen in Spezialfinanzierungen","[380] Einlagen in Spezialfinanzierungen","3","3","38","380","6936.40"
"592","Schwanden b.B.","2009","[2] BILDUNG","[21] Volksschule","[217] Schulliegenschaften (Ki.garten sofern nicht zuteilbar, Prim + Sek 1)","2","21","217","[3] Aufwand","[3] AUFWAND","[39] Interne Verrechnungen","[390] Verrechneter Aufwand","3","3","39","390","22200.00"
"592","Schwanden b.B.","2009","[3] KULTUR UND FREIZEIT","[34] Sport","[341] ...","3","34","341","[3] Aufwand","[3] AUFWAND","[39] Interne Verrechnungen","[390] Verrechneter Aufwand","3","3","39","390","4000.00"
"592","Schwanden b.B.","2009","[5] SOZIALE WOHLFAHRT","[50] Altersversicherung","[500] AHV-Zweigstelle","5","50","500","[3] Aufwand","[3] AUFWAND","[39] Interne Verrechnungen","[390] Verrechneter Aufwand","3","3","39","390","500.00"
"592","Schwanden b.B.","2009","[7] UMWELT UND RAUMORDNUNG","[72] Abfallentsorgung","[720] Abfallentsorgung","7","72","720","[3] Aufwand","[3] AUFWAND","[39] Interne Verrechnungen","[390] Verrechneter Aufwand","3","3","39","390","21400.00"
"592","Schwanden b.B.","2009","[9] FINANZEN UND STEUERN","[94] Vermögens- und Schuldenverwaltung","[942] Liegenschaften des Finanzvermögens","9","94","942","[3] Aufwand","[3] AUFWAND","[39] Interne Verrechnungen","[390] Verrechneter Aufwand","3","3","39","390","500.00"
"592","Schwanden b.B.","2009","[7] UMWELT UND RAUMORDNUNG","[72] Abfallentsorgung","[720] Abfallentsorgung","7","72","720","[3] Aufwand","[3] AUFWAND","[39] Interne Verrechnungen","[392] Verrechnete Abschreibungen","3","3","39","392","1132.40"
"592","Schwanden b.B.","2009","[9] FINANZEN UND STEUERN","[90] Steuern","[900] Obligatorische periodische Steuern","9","90","900","[4] Ertrag","[4] ERTRAG","[40] Steuern","[400] Einkommens- und Vermögenssteuern","4","4","40","400","1035968.30"
"592","Schwanden b.B.","2009","[9] FINANZEN UND STEUERN","[90] Steuern","[903] Steuerabschreibungen","9","90","903","[4] Ertrag","[4] ERTRAG","[40] Steuern","[400] Einkommens- und Vermögenssteuern","4","4","40","400","203.70"
"592","Schwanden b.B.","2009","[3] KULTUR UND FREIZEIT","[34] Sport","[341] ...","3","34","341","[4] Ertrag","[4] ERTRAG","[40] Steuern","[406] Besitz- und Aufwandsteuern","4","4","40","406","4773.90"
"592","Schwanden b.B.","2009","[9] FINANZEN UND STEUERN","[90] Steuern","[904] Fakultative Steuern und Abgaben","9","90","904","[4] Ertrag","[4] ERTRAG","[40] Steuern","[406] Besitz- und Aufwandsteuern","4","4","40","406","1850.00"
"592","Schwanden b.B.","2009","[9] FINANZEN UND STEUERN","[94] Vermögens- und Schuldenverwaltung","[940] Zinsen","9","94","940","[4] Ertrag","[4] ERTRAG","[42] Vermögenserträge","[421] Flüssige Mittel und Guthaben","4","4","42","421","6032.80"
"592","Schwanden b.B.","2009","[9] FINANZEN UND STEUERN","[94] Vermögens- und Schuldenverwaltung","[940] Zinsen","9","94","940","[4] Ertrag","[4] ERTRAG","[42] Vermögenserträge","[422] Anlagen des Finanzvermögens","4","4","42","422","19961.45"
"592","Schwanden b.B.","2009","[9] FINANZEN UND STEUERN","[94] Vermögens- und Schuldenverwaltung","[944] Burgergut","9","94","944","[4] Ertrag","[4] ERTRAG","[42] Vermögenserträge","[423] Liegenschaften des Finanzvermögens","4","4","42","423","38709.80"
"592","Schwanden b.B.","2009","[9] FINANZEN UND STEUERN","[94] Vermögens- und Schuldenverwaltung","[944] Burgergut","9","94","944","[4] Ertrag","[4] ERTRAG","[42] Vermögenserträge","[425] Darlehen des Verwaltungsvermögens","4","4","42","425","684.70"
"592","Schwanden b.B.","2009","[3] KULTUR UND FREIZEIT","[30] Kulturförderung","[309] Uebrige Kulturförderung","3","30","309","[4] Ertrag","[4] ERTRAG","[42] Vermögenserträge","[428] Einnahmeüberschuss der Investitionsrechnung","4","4","42","428","600.00"
"592","Schwanden b.B.","2009","[1] OEFFENTLICHE SICHERHEIT","[16] Zivile Landesverteidigung","[160] Zivilschutz","1","16","160","[4] Ertrag","[4] ERTRAG","[43] Entgelte","[430] Ersatzabgaben","4","4","43","430","3975.00"
"592","Schwanden b.B.","2009","[1] OEFFENTLICHE SICHERHEIT","[10] Rechtsaufsicht","[100] Mass und Gewicht","1","10","100","[4] Ertrag","[4] ERTRAG","[43] Entgelte","[431] Gebühren für Amtshandlungen","4","4","43","431","758.25"
"592","Schwanden b.B.","2009","[1] OEFFENTLICHE SICHERHEIT","[10] Rechtsaufsicht","[101] Uebrige Rechtspflege","1","10","101","[4] Ertrag","[4] ERTRAG","[43] Entgelte","[431] Gebühren für Amtshandlungen","4","4","43","431","20206.35"
"592","Schwanden b.B.","2009","[0] ALLGEMEINE VERWALTUNG","[02] Allgemeine Verwaltung","[029] Allgemeine Verwaltung","0","2","29","[4] Ertrag","[4] ERTRAG","[43] Entgelte","[434] Andere Benützungsgebühren und Dienstleistungen","4","4","43","434","2123.45"
"592","Schwanden b.B.","2009","[0] ALLGEMEINE VERWALTUNG","[09] Nicht aufteilbare Aufgaben","[090] Verwaltungsliegenschaften","0","9","90","[4] Ertrag","[4] ERTRAG","[43] Entgelte","[434] Andere Benützungsgebühren und Dienstleistungen","4","4","43","434","1180.00"
"592","Schwanden b.B.","2009","[2] BILDUNG","[21] Volksschule","[217] Schulliegenschaften (Ki.garten sofern nicht zuteilbar, Prim + Sek 1)","2","21","217","[4] Ertrag","[4] ERTRAG","[43] Entgelte","[434] Andere Benützungsgebühren und Dienstleistungen","4","4","43","434","14426.00"
"592","Schwanden b.B.","2009","[7] UMWELT UND RAUMORDNUNG","[71] Abwasserentsorgung","[710] Abwasserentsorgung","7","71","710","[4] Ertrag","[4] ERTRAG","[43] Entgelte","[434] Andere Benützungsgebühren und Dienstleistungen","4","4","43","434","126961.40"
"592","Schwanden b.B.","2009","[7] UMWELT UND RAUMORDNUNG","[72] Abfallentsorgung","[720] Abfallentsorgung","7","72","720","[4] Ertrag","[4] ERTRAG","[43] Entgelte","[434] Andere Benützungsgebühren und Dienstleistungen","4","4","43","434","66072.95"
"592","Schwanden b.B.","2009","[7] UMWELT UND RAUMORDNUNG","[70] Wasserversorgung","[700] Wasserversorgung","7","70","700","[4] Ertrag","[4] ERTRAG","[43] Entgelte","[435] Uebrige Verkaufserlöse","4","4","43","435","80154.95"
"592","Schwanden b.B.","2009","[8] VOLKSWIRTSCHAFT","[81] Forstwirtschaft","[812] Holzernte","8","81","812","[4] Ertrag","[4] ERTRAG","[43] Entgelte","[435] Uebrige Verkaufserlöse","4","4","43","435","48041.00"
"592","Schwanden b.B.","2009","[9] FINANZEN UND STEUERN","[94] Vermögens- und Schuldenverwaltung","[942] Liegenschaften des Finanzvermögens","9","94","942","[4] Ertrag","[4] ERTRAG","[43] Entgelte","[435] Uebrige Verkaufserlöse","4","4","43","435","165.00"
"592","Schwanden b.B.","2009","[0] ALLGEMEINE VERWALTUNG","[01] Legislative und Exekutive","[011] Legislative","0","1","11","[4] Ertrag","[4] ERTRAG","[43] Entgelte","[436] Rückerstattungen","4","4","43","436","500.00"
"592","Schwanden b.B.","2009","[0] ALLGEMEINE VERWALTUNG","[02] Allgemeine Verwaltung","[029] Allgemeine Verwaltung","0","2","29","[4] Ertrag","[4] ERTRAG","[43] Entgelte","[436] Rückerstattungen","4","4","43","436","7076.80"
"592","Schwanden b.B.","2009","[0] ALLGEMEINE VERWALTUNG","[09] Nicht aufteilbare Aufgaben","[090] Verwaltungsliegenschaften","0","9","90","[4] Ertrag","[4] ERTRAG","[43] Entgelte","[436] Rückerstattungen","4","4","43","436","464.50"
"592","Schwanden b.B.","2009","[1] OEFFENTLICHE SICHERHEIT","[14] Wehrdienste","[140] Wehrdienste","1","14","140","[4] Ertrag","[4] ERTRAG","[43] Entgelte","[436] Rückerstattungen","4","4","43","436","917.65"
"592","Schwanden b.B.","2009","[2] BILDUNG","[21] Volksschule","[217] Schulliegenschaften (Ki.garten sofern nicht zuteilbar, Prim + Sek 1)","2","21","217","[4] Ertrag","[4] ERTRAG","[43] Entgelte","[436] Rückerstattungen","4","4","43","436","612.00"
"592","Schwanden b.B.","2009","[3] KULTUR UND FREIZEIT","[34] Sport","[342] ...","3","34","342","[4] Ertrag","[4] ERTRAG","[43] Entgelte","[436] Rückerstattungen","4","4","43","436","1200.00"
"592","Schwanden b.B.","2009","[6] VERKEHR","[62] Gemeindestrassen","[620] Gemeindestrassennetz","6","62","620","[4] Ertrag","[4] ERTRAG","[43] Entgelte","[436] Rückerstattungen","4","4","43","436","460.00"
"592","Schwanden b.B.","2009","[7] UMWELT UND RAUMORDNUNG","[72] Abfallentsorgung","[720] Abfallentsorgung","7","72","720","[4] Ertrag","[4] ERTRAG","[43] Entgelte","[436] Rückerstattungen","4","4","43","436","4980.45"
"592","Schwanden b.B.","2009","[8] VOLKSWIRTSCHAFT","[81] Forstwirtschaft","[810] Forstverwaltung","8","81","810","[4] Ertrag","[4] ERTRAG","[43] Entgelte","[436] Rückerstattungen","4","4","43","436","201.65"
"592","Schwanden b.B.","2009","[5] SOZIALE WOHLFAHRT","[58] Sozialhilfe","[587] Lastenausgleich","5","58","587","[4] Ertrag","[4] ERTRAG","[45] Rückerstattungen von Gemeinwesen","[451] Kanton","4","4","45","451","-888.15"
"592","Schwanden b.B.","2009","[5] SOZIALE WOHLFAHRT","[58] Sozialhilfe","[589] Sozialbehörden, Sekretariat","5","58","589","[4] Ertrag","[4] ERTRAG","[45] Rückerstattungen von Gemeinwesen","[452] Gemeinden","4","4","45","452","3976.85"
"592","Schwanden b.B.","2009","[8] VOLKSWIRTSCHAFT","[81] Forstwirtschaft","[810] Forstverwaltung","8","81","810","[4] Ertrag","[4] ERTRAG","[46] Beiträge","[460] Bund","4","4","46","460","152.15"
"592","Schwanden b.B.","2009","[1] OEFFENTLICHE SICHERHEIT","[16] Zivile Landesverteidigung","[160] Zivilschutz","1","16","160","[4] Ertrag","[4] ERTRAG","[46] Beiträge","[461] Kanton","4","4","46","461","700.00"
"592","Schwanden b.B.","2009","[1] OEFFENTLICHE SICHERHEIT","[14] Wehrdienste","[140] Wehrdienste","1","14","140","[4] Ertrag","[4] ERTRAG","[47] Durchlaufende Beiträge","[472] Gemeinden","4","4","47","472","41386.80"
"592","Schwanden b.B.","2009","[7] UMWELT UND RAUMORDNUNG","[75] Gewässerverbauungen","[750] Gewässerverbauungen","7","75","750","[4] Ertrag","[4] ERTRAG","[47] Durchlaufende Beiträge","[472] Gemeinden","4","4","47","472","60116.65"
"592","Schwanden b.B.","2009","[1] OEFFENTLICHE SICHERHEIT","[16] Zivile Landesverteidigung","[160] Zivilschutz","1","16","160","[4] Ertrag","[4] ERTRAG","[48] Entnahmen aus Spezialfinanzierungen","[480] Entnahmen aus Spezialfinanzierungen","4","4","48","480","10223.00"
"592","Schwanden b.B.","2009","[7] UMWELT UND RAUMORDNUNG","[71] Abwasserentsorgung","[710] Abwasserentsorgung","7","71","710","[3] Aufwand","[3] AUFWAND","[31] Sachaufwand","[314] Dienstleistungen Dritter für den baulichen Unterhalt","3","3","31","314","5768.20"
"592","Schwanden b.B.","2009","[8] VOLKSWIRTSCHAFT","[81] Forstwirtschaft","[812] Holzernte","8","81","812","[3] Aufwand","[3] AUFWAND","[31] Sachaufwand","[315] Dienstleistungen Dritter für den übrigen Unterhalt","3","3","31","315","1730.95"
"592","Schwanden b.B.","2009","[9] FINANZEN UND STEUERN","[94] Vermögens- und Schuldenverwaltung","[944] Burgergut","9","94","944","[3] Aufwand","[3] AUFWAND","[31] Sachaufwand","[315] Dienstleistungen Dritter für den übrigen Unterhalt","3","3","31","315","14939.95"
"592","Schwanden b.B.","2009","[0] ALLGEMEINE VERWALTUNG","[09] Nicht aufteilbare Aufgaben","[090] Verwaltungsliegenschaften","0","9","90","[3] Aufwand","[3] AUFWAND","[31] Sachaufwand","[316] Mieten, Pachten, Benützungskosten","3","3","31","316","2616.10"
"592","Schwanden b.B.","2009","[6] VERKEHR","[62] Gemeindestrassen","[620] Gemeindestrassennetz","6","62","620","[3] Aufwand","[3] AUFWAND","[31] Sachaufwand","[316] Mieten, Pachten, Benützungskosten","3","3","31","316","50.00"
"592","Schwanden b.B.","2009","[0] ALLGEMEINE VERWALTUNG","[02] Allgemeine Verwaltung","[029] Allgemeine Verwaltung","0","2","29","[3] Aufwand","[3] AUFWAND","[31] Sachaufwand","[317] Spesenentschädigungen","3","3","31","317","900.50"
"592","Schwanden b.B.","2009","[3] KULTUR UND FREIZEIT","[34] Sport","[341] ...","3","34","341","[3] Aufwand","[3] AUFWAND","[31] Sachaufwand","[317] Spesenentschädigungen","3","3","31","317","54.60"
"592","Schwanden b.B.","2009","[0] ALLGEMEINE VERWALTUNG","[01] Legislative und Exekutive","[012] Exekutive","0","1","12","[3] Aufwand","[3] AUFWAND","[31] Sachaufwand","[318] Dienstleistungen und Honorare, allg. Verwaltungsaufwand","3","3","31","318","12076.15"
"592","Schwanden b.B.","2009","[0] ALLGEMEINE VERWALTUNG","[09] Nicht aufteilbare Aufgaben","[091] ...","0","9","91","[3] Aufwand","[3] AUFWAND","[31] Sachaufwand","[318] Dienstleistungen und Honorare, allg. Verwaltungsaufwand","3","3","31","318","58.50"
"592","Schwanden b.B.","2009","[1] OEFFENTLICHE SICHERHEIT","[16] Zivile Landesverteidigung","[160] Zivilschutz","1","16","160","[3] Aufwand","[3] AUFWAND","[31] Sachaufwand","[318] Dienstleistungen und Honorare, allg. Verwaltungsaufwand","3","3","31","318","145.25"
"592","Schwanden b.B.","2009","[2] BILDUNG","[20] Kindergarten","[200] Kindergarten","2","20","200","[3] Aufwand","[3] AUFWAND","[31] Sachaufwand","[318] Dienstleistungen und Honorare, allg. Verwaltungsaufwand","3","3","31","318","17.30"
"592","Schwanden b.B.","2009","[7] UMWELT UND RAUMORDNUNG","[70] Wasserversorgung","[700] Wasserversorgung","7","70","700","[3] Aufwand","[3] AUFWAND","[31] Sachaufwand","[318] Dienstleistungen und Honorare, allg. Verwaltungsaufwand","3","3","31","318","2418.60"
"592","Schwanden b.B.","2009","[9] FINANZEN UND STEUERN","[94] Vermögens- und Schuldenverwaltung","[944] Burgergut","9","94","944","[3] Aufwand","[3] AUFWAND","[31] Sachaufwand","[318] Dienstleistungen und Honorare, allg. Verwaltungsaufwand","3","3","31","318","8683.90"
"592","Schwanden b.B.","2009","[9] FINANZEN UND STEUERN","[94] Vermögens- und Schuldenverwaltung","[940] Zinsen","9","94","940","[3] Aufwand","[3] AUFWAND","[32] Passivzinsen","[321] Kurzfristige Schulden","3","3","32","321","3438.25"
"592","Schwanden b.B.","2009","[9] FINANZEN UND STEUERN","[94] Vermögens- und Schuldenverwaltung","[940] Zinsen","9","94","940","[3] Aufwand","[3] AUFWAND","[32] Passivzinsen","[323] Sonderrechnungen","3","3","32","323","155.75"
"592","Schwanden b.B.","2009","[9] FINANZEN UND STEUERN","[90] Steuern","[903] Steuerabschreibungen","9","90","903","[3] Aufwand","[3] AUFWAND","[33] Abschreibungen","[330] Finanzvermögen","3","3","33","330","22565.40"
"592","Schwanden b.B.","2009","[9] FINANZEN UND STEUERN","[99] Nicht aufgeteilte Posten","[990] Abschreibungen","9","99","990","[3] Aufwand","[3] AUFWAND","[33] Abschreibungen","[331] Verwaltungsvermögen - harmonisierte Abschreibungen","3","3","33","331","88891.35"
"592","Schwanden b.B.","2009","[2] BILDUNG","[20] Kindergarten","[200] Kindergarten","2","20","200","[3] Aufwand","[3] AUFWAND","[35] Entschädigungen an Gemeinwesen","[351] Kanton","3","3","35","351","15428.85"
"592","Schwanden b.B.","2009","[2] BILDUNG","[21] Volksschule","[219] Nicht Aufteilbares, Volksschule, Tagesschule","2","21","219","[3] Aufwand","[3] AUFWAND","[35] Entschädigungen an Gemeinwesen","[351] Kanton","3","3","35","351","152128.95"
"592","Schwanden b.B.","2009","[5] SOZIALE WOHLFAHRT","[58] Sozialhilfe","[587] Lastenausgleich","5","58","587","[3] Aufwand","[3] AUFWAND","[35] Entschädigungen an Gemeinwesen","[351] Kanton","3","3","35","351","228191.35"
"592","Schwanden b.B.","2009","[8] VOLKSWIRTSCHAFT","[81] Forstwirtschaft","[811] Kulturen, Pflegemassnahmen","8","81","811","[3] Aufwand","[3] AUFWAND","[35] Entschädigungen an Gemeinwesen","[351] Kanton","3","3","35","351","1550.00"
"592","Schwanden b.B.","2009","[8] VOLKSWIRTSCHAFT","[81] Forstwirtschaft","[812] Holzernte","8","81","812","[3] Aufwand","[3] AUFWAND","[35] Entschädigungen an Gemeinwesen","[351] Kanton","3","3","35","351","13661.95"
"592","Schwanden b.B.","2009","[1] OEFFENTLICHE SICHERHEIT","[10] Rechtsaufsicht","[101] Uebrige Rechtspflege","1","10","101","[3] Aufwand","[3] AUFWAND","[35] Entschädigungen an Gemeinwesen","[352] Gemeinden","3","3","35","352","1231.25"
"592","Schwanden b.B.","2009","[4] GESUNDHEIT","[44] Ambulante Krankenpflege","[440] Spitex/Krankenpflege","4","44","440","[3] Aufwand","[3] AUFWAND","[35] Entschädigungen an Gemeinwesen","[352] Gemeinden","3","3","35","352","500.00"
"592","Schwanden b.B.","2009","[7] UMWELT UND RAUMORDNUNG","[72] Abfallentsorgung","[720] Abfallentsorgung","7","72","720","[3] Aufwand","[3] AUFWAND","[35] Entschädigungen an Gemeinwesen","[352] Gemeinden","3","3","35","352","1660.20"
"592","Schwanden b.B.","2009","[5] SOZIALE WOHLFAHRT","[53] Sonstige Sozialversicherungen","[530] Ergänzungsleistungen der AHV, IV","5","53","530","[3] Aufwand","[3] AUFWAND","[36] Eigene Beiträge","[361] Kanton","3","3","36","361","117939.00"
"592","Schwanden b.B.","2009","[6] VERKEHR","[65] Regionalverkehr","[650] Regionalverkehrsbetriebe","6","65","650","[3] Aufwand","[3] AUFWAND","[36] Eigene Beiträge","[361] Kanton","3","3","36","361","42118.45"
"592","Schwanden b.B.","2009","[7] UMWELT UND RAUMORDNUNG","[71] Abwasserentsorgung","[710] Abwasserentsorgung","7","71","710","[3] Aufwand","[3] AUFWAND","[36] Eigene Beiträge","[361] Kanton","3","3","36","361","9925.70"
"592","Schwanden b.B.","2009","[1] OEFFENTLICHE SICHERHEIT","[10] Rechtsaufsicht","[101] Uebrige Rechtspflege","1","10","101","[3] Aufwand","[3] AUFWAND","[36] Eigene Beiträge","[362] Gemeinden","3","3","36","362","719.30"
"592","Schwanden b.B.","2009","[7] UMWELT UND RAUMORDNUNG","[71] Abwasserentsorgung","[710] Abwasserentsorgung","7","71","710","[3] Aufwand","[3] AUFWAND","[36] Eigene Beiträge","[362] Gemeinden","3","3","36","362","38977.00"
"592","Schwanden b.B.","2009","[7] UMWELT UND RAUMORDNUNG","[72] Abfallentsorgung","[720] Abfallentsorgung","7","72","720","[3] Aufwand","[3] AUFWAND","[36] Eigene Beiträge","[362] Gemeinden","3","3","36","362","1159.80"
"592","Schwanden b.B.","2009","[8] VOLKSWIRTSCHAFT","[81] Forstwirtschaft","[810] Forstverwaltung","8","81","810","[3] Aufwand","[3] AUFWAND","[36] Eigene Beiträge","[362] Gemeinden","3","3","36","362","4435.95"
"592","Schwanden b.B.","2009","[0] ALLGEMEINE VERWALTUNG","[02] Allgemeine Verwaltung","[029] Allgemeine Verwaltung","0","2","29","[3] Aufwand","[3] AUFWAND","[36] Eigene Beiträge","[365] Private Institutionen","3","3","36","365","1646.00"
"592","Schwanden b.B.","2009","[1] OEFFENTLICHE SICHERHEIT","[16] Zivile Landesverteidigung","[161] Uebrige zivile Landesverteidigung","1","16","161","[3] Aufwand","[3] AUFWAND","[36] Eigene Beiträge","[365] Private Institutionen","3","3","36","365","1800.00"
"592","Schwanden b.B.","2009","[2] BILDUNG","[21] Volksschule","[214] Musikschulen","2","21","214","[3] Aufwand","[3] AUFWAND","[36] Eigene Beiträge","[365] Private Institutionen","3","3","36","365","8100.00"
"592","Schwanden b.B.","2009","[3] KULTUR UND FREIZEIT","[30] Kulturförderung","[309] Uebrige Kulturförderung","3","30","309","[3] Aufwand","[3] AUFWAND","[36] Eigene Beiträge","[365] Private Institutionen","3","3","36","365","1938.00"
"592","Schwanden b.B.","2009","[3] KULTUR UND FREIZEIT","[33] Parkanlagen und Wanderwege","[330] Parkanlagen und Wanderwege","3","33","330","[3] Aufwand","[3] AUFWAND","[36] Eigene Beiträge","[365] Private Institutionen","3","3","36","365","122.60"
"592","Schwanden b.B.","2009","[4] GESUNDHEIT","[45] Krankheitsbekämpfung","[450] Krankheitsbekämpfung","4","45","450","[3] Aufwand","[3] AUFWAND","[36] Eigene Beiträge","[365] Private Institutionen","3","3","36","365","607.00"
"592","Schwanden b.B.","2009","[5] SOZIALE WOHLFAHRT","[54] Jugendschutz","[540] Jugendschutz","5","54","540","[3] Aufwand","[3] AUFWAND","[36] Eigene Beiträge","[365] Private Institutionen","3","3","36","365","100.00"
"592","Schwanden b.B.","2009","[5] SOZIALE WOHLFAHRT","[58] Sozialhilfe","[582] Weitere Wohlfahrts-, Vor- + Fürsorgeeinrichtungen","5","58","582","[3] Aufwand","[3] AUFWAND","[36] Eigene Beiträge","[365] Private Institutionen","3","3","36","365","442.35"
"592","Schwanden b.B.","2009","[8] VOLKSWIRTSCHAFT","[81] Forstwirtschaft","[810] Forstverwaltung","8","81","810","[3] Aufwand","[3] AUFWAND","[36] Eigene Beiträge","[365] Private Institutionen","3","3","36","365","417.00"
"592","Schwanden b.B.","2009","[1] OEFFENTLICHE SICHERHEIT","[14] Wehrdienste","[140] Wehrdienste","1","14","140","[3] Aufwand","[3] AUFWAND","[37] Durchlaufende Beiträge","[372] Gemeinden","3","3","37","372","41386.80"
"592","Schwanden b.B.","2009","[1] OEFFENTLICHE SICHERHEIT","[16] Zivile Landesverteidigung","[160] Zivilschutz","1","16","160","[3] Aufwand","[3] AUFWAND","[38] Einlagen in Spezialfinanzierungen","[380] Einlagen in Spezialfinanzierungen","3","3","38","380","3975.00"
"592","Schwanden b.B.","2009","[7] UMWELT UND RAUMORDNUNG","[70] Wasserversorgung","[700] Wasserversorgung","7","70","700","[3] Aufwand","[3] AUFWAND","[38] Einlagen in Spezialfinanzierungen","[380] Einlagen in Spezialfinanzierungen","3","3","38","380","59975.50"
"592","Schwanden b.B.","2009","[9] FINANZEN UND STEUERN","[94] Vermögens- und Schuldenverwaltung","[944] Burgergut","9","94","944","[3] Aufwand","[3] AUFWAND","[38] Einlagen in Spezialfinanzierungen","[380] Einlagen in Spezialfinanzierungen","3","3","38","380","6711.05"
"592","Schwanden b.B.","2009","[0] ALLGEMEINE VERWALTUNG","[09] Nicht aufteilbare Aufgaben","[090] Verwaltungsliegenschaften","0","9","90","[3] Aufwand","[3] AUFWAND","[39] Interne Verrechnungen","[390] Verrechneter Aufwand","3","3","39","390","8700.00"
"592","Schwanden b.B.","2009","[1] OEFFENTLICHE SICHERHEIT","[16] Zivile Landesverteidigung","[160] Zivilschutz","1","16","160","[3] Aufwand","[3] AUFWAND","[39] Interne Verrechnungen","[390] Verrechneter Aufwand","3","3","39","390","3500.00"
"592","Schwanden b.B.","2009","[7] UMWELT UND RAUMORDNUNG","[70] Wasserversorgung","[700] Wasserversorgung","7","70","700","[3] Aufwand","[3] AUFWAND","[39] Interne Verrechnungen","[390] Verrechneter Aufwand","3","3","39","390","6200.00"
"592","Schwanden b.B.","2009","[7] UMWELT UND RAUMORDNUNG","[71] Abwasserentsorgung","[710] Abwasserentsorgung","7","71","710","[3] Aufwand","[3] AUFWAND","[39] Interne Verrechnungen","[390] Verrechneter Aufwand","3","3","39","390","7200.00"
"592","Schwanden b.B.","2009","[9] FINANZEN UND STEUERN","[94] Vermögens- und Schuldenverwaltung","[944] Burgergut","9","94","944","[3] Aufwand","[3] AUFWAND","[39] Interne Verrechnungen","[390] Verrechneter Aufwand","3","3","39","390","7300.00"
"592","Schwanden b.B.","2009","[9] FINANZEN UND STEUERN","[94] Vermögens- und Schuldenverwaltung","[940] Zinsen","9","94","940","[3] Aufwand","[3] AUFWAND","[39] Interne Verrechnungen","[391] Verrechnete Zinsen","3","3","39","391","32757.90"
"592","Schwanden b.B.","2009","[9] FINANZEN UND STEUERN","[94] Vermögens- und Schuldenverwaltung","[944] Burgergut","9","94","944","[3] Aufwand","[3] AUFWAND","[39] Interne Verrechnungen","[392] Verrechnete Abschreibungen","3","3","39","392","411.70"
"592","Schwanden b.B.","2009","[9] FINANZEN UND STEUERN","[90] Steuern","[900] Obligatorische periodische Steuern","9","90","900","[4] Ertrag","[4] ERTRAG","[40] Steuern","[401] Gewinn- und Kapitalsteuern","4","4","40","401","20710.35"
"592","Schwanden b.B.","2009","[9] FINANZEN UND STEUERN","[90] Steuern","[902] Liegenschaftssteuern","9","90","902","[4] Ertrag","[4] ERTRAG","[40] Steuern","[402] Liegenschaftssteuern","4","4","40","402","133003.05"
"592","Schwanden b.B.","2009","[9] FINANZEN UND STEUERN","[90] Steuern","[901] Obligatorische aperiodische Steuern","9","90","901","[4] Ertrag","[4] ERTRAG","[40] Steuern","[403] Vermögensgewinnsteuern","4","4","40","403","19755.95"
"592","Schwanden b.B.","2009","[9] FINANZEN UND STEUERN","[94] Vermögens- und Schuldenverwaltung","[942] Liegenschaften des Finanzvermögens","9","94","942","[4] Ertrag","[4] ERTRAG","[42] Vermögenserträge","[423] Liegenschaften des Finanzvermögens","4","4","42","423","37965.50"
"592","Schwanden b.B.","2009","[9] FINANZEN UND STEUERN","[94] Vermögens- und Schuldenverwaltung","[942] Liegenschaften des Finanzvermögens","9","94","942","[4] Ertrag","[4] ERTRAG","[42] Vermögenserträge","[424] Buchgewinne auf Anlagen des Finanzvermögens","4","4","42","424","59999.00"
"592","Schwanden b.B.","2009","[0] ALLGEMEINE VERWALTUNG","[09] Nicht aufteilbare Aufgaben","[091] ...","0","9","91","[4] Ertrag","[4] ERTRAG","[43] Entgelte","[434] Andere Benützungsgebühren und Dienstleistungen","4","4","43","434","1363.00"
"592","Schwanden b.B.","2009","[1] OEFFENTLICHE SICHERHEIT","[16] Zivile Landesverteidigung","[160] Zivilschutz","1","16","160","[4] Ertrag","[4] ERTRAG","[43] Entgelte","[434] Andere Benützungsgebühren und Dienstleistungen","4","4","43","434","1200.00"
"592","Schwanden b.B.","2009","[6] VERKEHR","[62] Gemeindestrassen","[620] Gemeindestrassennetz","6","62","620","[4] Ertrag","[4] ERTRAG","[43] Entgelte","[434] Andere Benützungsgebühren und Dienstleistungen","4","4","43","434","11697.60"
"592","Schwanden b.B.","2009","[7] UMWELT UND RAUMORDNUNG","[75] Gewässerverbauungen","[750] Gewässerverbauungen","7","75","750","[4] Ertrag","[4] ERTRAG","[43] Entgelte","[434] Andere Benützungsgebühren und Dienstleistungen","4","4","43","434","2000.00"
"592","Schwanden b.B.","2009","[9] FINANZEN UND STEUERN","[94] Vermögens- und Schuldenverwaltung","[944] Burgergut","9","94","944","[4] Ertrag","[4] ERTRAG","[43] Entgelte","[434] Andere Benützungsgebühren und Dienstleistungen","4","4","43","434","50.00"
"592","Schwanden b.B.","2009","[0] ALLGEMEINE VERWALTUNG","[02] Allgemeine Verwaltung","[029] Allgemeine Verwaltung","0","2","29","[4] Ertrag","[4] ERTRAG","[43] Entgelte","[435] Uebrige Verkaufserlöse","4","4","43","435","10651.70"
"592","Schwanden b.B.","2009","[8] VOLKSWIRTSCHAFT","[86] Energie","[860] Elektrizität","8","86","860","[4] Ertrag","[4] ERTRAG","[43] Entgelte","[435] Uebrige Verkaufserlöse","4","4","43","435","9716.25"
"592","Schwanden b.B.","2009","[0] ALLGEMEINE VERWALTUNG","[01] Legislative und Exekutive","[012] Exekutive","0","1","12","[4] Ertrag","[4] ERTRAG","[43] Entgelte","[436] Rückerstattungen","4","4","43","436","1173.00"
"592","Schwanden b.B.","2009","[2] BILDUNG","[21] Volksschule","[214] Musikschulen","2","21","214","[4] Ertrag","[4] ERTRAG","[43] Entgelte","[436] Rückerstattungen","4","4","43","436","1482.90"
"592","Schwanden b.B.","2009","[2] BILDUNG","[21] Volksschule","[219] Nicht Aufteilbares, Volksschule, Tagesschule","2","21","219","[4] Ertrag","[4] ERTRAG","[43] Entgelte","[436] Rückerstattungen","4","4","43","436","10960.00"
"592","Schwanden b.B.","2009","[5] SOZIALE WOHLFAHRT","[57] Altersheime","[571] ...","5","57","571","[4] Ertrag","[4] ERTRAG","[43] Entgelte","[436] Rückerstattungen","4","4","43","436","1229.85"
"592","Schwanden b.B.","2009","[9] FINANZEN UND STEUERN","[94] Vermögens- und Schuldenverwaltung","[942] Liegenschaften des Finanzvermögens","9","94","942","[4] Ertrag","[4] ERTRAG","[43] Entgelte","[436] Rückerstattungen","4","4","43","436","1759.95"
"592","Schwanden b.B.","2009","[9] FINANZEN UND STEUERN","[94] Vermögens- und Schuldenverwaltung","[944] Burgergut","9","94","944","[4] Ertrag","[4] ERTRAG","[43] Entgelte","[436] Rückerstattungen","4","4","43","436","4759.80"
"592","Schwanden b.B.","2009","[3] KULTUR UND FREIZEIT","[30] Kulturförderung","[309] Uebrige Kulturförderung","3","30","309","[4] Ertrag","[4] ERTRAG","[43] Entgelte","[439] Uebrige Entgelte","4","4","43","439","8639.15"
"592","Schwanden b.B.","2009","[9] FINANZEN UND STEUERN","[92] Finanzausgleich","[920] Finanzausgleich","9","92","920","[4] Ertrag","[4] ERTRAG","[44] Anteile und Beiträge ohne Zweckbindungen","[444] Leistungen aus dem Finanzausgleich","4","4","44","444","242692.00"
"592","Schwanden b.B.","2009","[0] ALLGEMEINE VERWALTUNG","[02] Allgemeine Verwaltung","[029] Allgemeine Verwaltung","0","2","29","[4] Ertrag","[4] ERTRAG","[45] Rückerstattungen von Gemeinwesen","[451] Kanton","4","4","45","451","3207.90"
"592","Schwanden b.B.","2009","[1] OEFFENTLICHE SICHERHEIT","[10] Rechtsaufsicht","[101] Uebrige Rechtspflege","1","10","101","[4] Ertrag","[4] ERTRAG","[45] Rückerstattungen von Gemeinwesen","[451] Kanton","4","4","45","451","453.20"
"592","Schwanden b.B.","2009","[6] VERKEHR","[62] Gemeindestrassen","[620] Gemeindestrassennetz","6","62","620","[4] Ertrag","[4] ERTRAG","[46] Beiträge","[461] Kanton","4","4","46","461","49983.70"
"592","Schwanden b.B.","2009","[1] OEFFENTLICHE SICHERHEIT","[14] Wehrdienste","[140] Wehrdienste","1","14","140","[4] Ertrag","[4] ERTRAG","[48] Entnahmen aus Spezialfinanzierungen","[480] Entnahmen aus Spezialfinanzierungen","4","4","48","480","404.65"
"592","Schwanden b.B.","2009","[3] KULTUR UND FREIZEIT","[34] Sport","[342] ...","3","34","342","[4] Ertrag","[4] ERTRAG","[48] Entnahmen aus Spezialfinanzierungen","[480] Entnahmen aus Spezialfinanzierungen","4","4","48","480","1936.95"
"592","Schwanden b.B.","2009","[7] UMWELT UND RAUMORDNUNG","[70] Wasserversorgung","[700] Wasserversorgung","7","70","700","[4] Ertrag","[4] ERTRAG","[48] Entnahmen aus Spezialfinanzierungen","[480] Entnahmen aus Spezialfinanzierungen","4","4","48","480","20254.45"
"592","Schwanden b.B.","2009","[7] UMWELT UND RAUMORDNUNG","[71] Abwasserentsorgung","[710] Abwasserentsorgung","7","71","710","[4] Ertrag","[4] ERTRAG","[48] Entnahmen aus Spezialfinanzierungen","[480] Entnahmen aus Spezialfinanzierungen","4","4","48","480","13162.50"
"592","Schwanden b.B.","2009","[0] ALLGEMEINE VERWALTUNG","[02] Allgemeine Verwaltung","[029] Allgemeine Verwaltung","0","2","29","[4] Ertrag","[4] ERTRAG","[49] Interne Verrechnungen","[490] Verrechneter Aufwand","4","4","49","490","21000.00"
"592","Schwanden b.B.","2009","[6] VERKEHR","[62] Gemeindestrassen","[620] Gemeindestrassennetz","6","62","620","[4] Ertrag","[4] ERTRAG","[49] Interne Verrechnungen","[490] Verrechneter Aufwand","4","4","49","490","59600.00"
"592","Schwanden b.B.","2009","[3] KULTUR UND FREIZEIT","[34] Sport","[341] ...","3","34","341","[4] Ertrag","[4] ERTRAG","[49] Interne Verrechnungen","[491] Verrechnete Zinsen","4","4","49","491","16.85"
"592","Schwanden b.B.","2009","[7] UMWELT UND RAUMORDNUNG","[70] Wasserversorgung","[700] Wasserversorgung","7","70","700","[4] Ertrag","[4] ERTRAG","[49] Interne Verrechnungen","[491] Verrechnete Zinsen","4","4","49","491","8405.25"
"592","Schwanden b.B.","2009","[9] FINANZEN UND STEUERN","[94] Vermögens- und Schuldenverwaltung","[944] Burgergut","9","94","944","[4] Ertrag","[4] ERTRAG","[49] Interne Verrechnungen","[491] Verrechnete Zinsen","4","4","49","491","15579.95"
"592","Schwanden b.B.","2009","[2] BILDUNG","[21] Volksschule","[217] Schulliegenschaften (Ki.garten sofern nicht zuteilbar, Prim + Sek 1)","2","21","217","[5] Ausgaben","[5] Ausgaben","[50] Sachgüter","[503] Hochbauten","5","5","50","503","63356.45"
"592","Schwanden b.B.","2009","[9] FINANZEN UND STEUERN","[94] Vermögens- und Schuldenverwaltung","[942] Liegenschaften des Finanzvermögens","9","94","942","[5] Ausgaben","[5] Ausgaben","[50] Sachgüter","[503] Hochbauten","5","5","50","503","20627.40"
"592","Schwanden b.B.","2009","[7] UMWELT UND RAUMORDNUNG","[75] Gewässerverbauungen","[750] Gewässerverbauungen","7","75","750","[5] Ausgaben","[5] Ausgaben","[56] Eigene Beiträge","[562] Gemeinden","5","5","56","562","19747.30"
"592","Schwanden b.B.","2009","[3] KULTUR UND FREIZEIT","[34] Sport","[341] ...","3","34","341","[4] Ertrag","[4] ERTRAG","[48] Entnahmen aus Spezialfinanzierungen","[480] Entnahmen aus Spezialfinanzierungen","4","4","48","480","1124.10"
"592","Schwanden b.B.","2009","[0] ALLGEMEINE VERWALTUNG","[01] Legislative und Exekutive","[012] Exekutive","0","1","12","[4] Ertrag","[4] ERTRAG","[49] Interne Verrechnungen","[490] Verrechneter Aufwand","4","4","49","490","900.00"
"592","Schwanden b.B.","2009","[3] KULTUR UND FREIZEIT","[34] Sport","[342] ...","3","34","342","[4] Ertrag","[4] ERTRAG","[49] Interne Verrechnungen","[491] Verrechnete Zinsen","4","4","49","491","208.40"
"592","Schwanden b.B.","2009","[7] UMWELT UND RAUMORDNUNG","[71] Abwasserentsorgung","[710] Abwasserentsorgung","7","71","710","[4] Ertrag","[4] ERTRAG","[49] Interne Verrechnungen","[491] Verrechnete Zinsen","4","4","49","491","8519.70"
"592","Schwanden b.B.","2009","[7] UMWELT UND RAUMORDNUNG","[72] Abfallentsorgung","[720] Abfallentsorgung","7","72","720","[4] Ertrag","[4] ERTRAG","[49] Interne Verrechnungen","[491] Verrechnete Zinsen","4","4","49","491","27.75"
"592","Schwanden b.B.","2009","[9] FINANZEN UND STEUERN","[99] Nicht aufgeteilte Posten","[990] Abschreibungen","9","99","990","[4] Ertrag","[4] ERTRAG","[49] Interne Verrechnungen","[492] Verrechnete Abschreibungen","4","4","49","492","1544.10"
"592","Schwanden b.B.","2009","[1] OEFFENTLICHE SICHERHEIT","[10] Rechtsaufsicht","[100] Mass und Gewicht","1","10","100","[5] Ausgaben","[5] Ausgaben","[50] Sachgüter","[500] Grundstücke","5","5","50","500","18000.00"
"592","Schwanden b.B.","2009","[6] VERKEHR","[62] Gemeindestrassen","[620] Gemeindestrassennetz","6","62","620","[5] Ausgaben","[5] Ausgaben","[50] Sachgüter","[501] Tiefbauten","5","5","50","501","64636.85"
"592","Schwanden b.B.","2009","[7] UMWELT UND RAUMORDNUNG","[70] Wasserversorgung","[700] Wasserversorgung","7","70","700","[5] Ausgaben","[5] Ausgaben","[50] Sachgüter","[501] Tiefbauten","5","5","50","501","26914.45"
"592","Schwanden b.B.","2009","[7] UMWELT UND RAUMORDNUNG","[71] Abwasserentsorgung","[710] Abwasserentsorgung","7","71","710","[5] Ausgaben","[5] Ausgaben","[50] Sachgüter","[501] Tiefbauten","5","5","50","501","20146.50"
"592","Schwanden b.B.","2009","[9] FINANZEN UND STEUERN","[94] Vermögens- und Schuldenverwaltung","[944] Burgergut","9","94","944","[5] Ausgaben","[5] Ausgaben","[52] Darlehen und Beteiligungen","[522] Gemeinden","5","5","52","522","50000.00"
"592","Schwanden b.B.","2009","[9] FINANZEN UND STEUERN","[99] Nicht aufgeteilte Posten","[999] Abschluss","9","99","999","[5] Ausgaben","[5] Ausgaben","[59] Passivierungen","[590] Passivierte Einnahmen","5","5","59","590","294883.75"
"592","Schwanden b.B.","2009","[9] FINANZEN UND STEUERN","[99] Nicht aufgeteilte Posten","[999] Abschluss","9","99","999","[5] Ausgaben","[5] Ausgaben","[59] Passivierungen","[592] Uebertrag Einnahmenüberschuss in die Laufende Rechnung","5","5","59","592","600.00"
"592","Schwanden b.B.","2009","[0] ALLGEMEINE VERWALTUNG","[09] Nicht aufteilbare Aufgaben","[090] Verwaltungsliegenschaften","0","9","90","[6] Einnahmen","[6] Einnahmen","[60] Abgang von Sachgütern","[603] Hochbauten","6","6","60","603","1.00"
"592","Schwanden b.B.","2009","[7] UMWELT UND RAUMORDNUNG","[70] Wasserversorgung","[700] Wasserversorgung","7","70","700","[6] Einnahmen","[6] Einnahmen","[61] Nutzungsabgaben und Vorteilsentgelte","[610] Beiträge Dritter für eigene Rechnung","6","6","61","610","6660.00"
"592","Schwanden b.B.","2009","[7] UMWELT UND RAUMORDNUNG","[71] Abwasserentsorgung","[710] Abwasserentsorgung","7","71","710","[6] Einnahmen","[6] Einnahmen","[61] Nutzungsabgaben und Vorteilsentgelte","[610] Beiträge Dritter für eigene Rechnung","6","6","61","610","6984.00"
"592","Schwanden b.B.","2009","[9] FINANZEN UND STEUERN","[94] Vermögens- und Schuldenverwaltung","[942] Liegenschaften des Finanzvermögens","9","94","942","[6] Einnahmen","[6] Einnahmen","[63] Rückerstattungen für Sachgüter","[633] Hochbauten","6","6","63","633","16497.15"
"592","Schwanden b.B.","2009","[7] UMWELT UND RAUMORDNUNG","[75] Gewässerverbauungen","[750] Gewässerverbauungen","7","75","750","[6] Einnahmen","[6] Einnahmen","[67] Durchlaufende Beiträge","[672] Gemeinden","6","6","67","672","98736.60"
"592","Schwanden b.B.","2009","[7] UMWELT UND RAUMORDNUNG","[79] Raumordnung","[790] Raumplanung","7","79","790","[6] Einnahmen","[6] Einnahmen","[67] Durchlaufende Beiträge","[672] Gemeinden","6","6","67","672","24645.35"
"592","Schwanden b.B.","2010","","","","","","","[1] Aktiven","[10] Finanzvermögen","[100] Flüssige Mittel","[1001] Post","1","10","100","1001","218098.50"
"592","Schwanden b.B.","2010","","","","","","","[1] Aktiven","[10] Finanzvermögen","[101] Guthaben","[1010] Vorschüsse","1","10","101","1010","200.00"
"592","Schwanden b.B.","2010","","","","","","","[1] Aktiven","[10] Finanzvermögen","[101] Guthaben","[1013] Rückerstattungen von Gemeinwesen","1","10","101","1013","167000.00"
"592","Schwanden b.B.","2010","","","","","","","[1] Aktiven","[10] Finanzvermögen","[101] Guthaben","[1015] Andere Debitoren","1","10","101","1015","90254.05"
"592","Schwanden b.B.","2010","","","","","","","[1] Aktiven","[10] Finanzvermögen","[102] Anlagen","[1020] Festverzinsliche Wertpapiere","1","10","102","1020","1485041.25"
"592","Schwanden b.B.","2010","","","","","","","[1] Aktiven","[10] Finanzvermögen","[102] Anlagen","[1023] Liegenschaften","1","10","102","1023","1110054.10"
"592","Schwanden b.B.","2010","","","","","","","[1] Aktiven","[10] Finanzvermögen","[102] Anlagen","[1025] Vorräte","1","10","102","1025","2424.38"
"592","Schwanden b.B.","2010","","","","","","","[1] Aktiven","[10] Finanzvermögen","[103] Transitorische Aktiven","[1030] Transitorische Aktiven","1","10","103","1030","60927.10"
"592","Schwanden b.B.","2010","","","","","","","[1] Aktiven","[11] Verwaltungsvermögen","[114] Sachgüter","[1145] Waldungen","1","11","114","1145","1.00"
"592","Schwanden b.B.","2010","","","","","","","[1] Aktiven","[11] Verwaltungsvermögen","[115] Darlehen und Beteiligungen","[1152] Gemeinden","1","11","115","1152","100000.00"
"592","Schwanden b.B.","2010","","","","","","","[1] Aktiven","[11] Verwaltungsvermögen","[115] Darlehen und Beteiligungen","[1154] Gemischtwirtschaftliche Unternehmungen","1","11","115","1154","3.00"
"592","Schwanden b.B.","2010","","","","","","","[1] Aktiven","[11] Verwaltungsvermögen","[117] Uebrige aktiverte Ausgaben","[1171] Raumplanung","1","11","117","1171","55006.55"
"592","Schwanden b.B.","2010","","","","","","","[1] Aktiven","[11] Verwaltungsvermögen","[117] Uebrige aktiverte Ausgaben","[1179] Uebrige aktivierte Ausgaben","1","11","117","1179","61366.15"
"592","Schwanden b.B.","2010","","","","","","","[2] Passiven","[20] Fremdkapital","[200] Laufende Verpflichtungen","[2000] Kreditoren","2","20","200","2000","368719.65"
"592","Schwanden b.B.","2010","","","","","","","[2] Passiven","[20] Fremdkapital","[200] Laufende Verpflichtungen","[2005] Durchlaufende Beiträge","2","20","200","2005","5137.25"
"592","Schwanden b.B.","2010","","","","","","","[2] Passiven","[20] Fremdkapital","[202] Mittel- und langfristige Schulden","[2021] Schuldscheine","2","20","202","2021","104250.00"
"592","Schwanden b.B.","2010","","","","","","","[2] Passiven","[20] Fremdkapital","[203] Verpflichtungen für Sonderrechnungen","[2033] Verwaltete Stiftungen","2","20","203","2033","4810.40"
"592","Schwanden b.B.","2010","","","","","","","[2] Passiven","[20] Fremdkapital","[204] Rückstellungen","[2049] Wertberichtigung auf Guthaben","2","20","204","2049","104126.60"
"592","Schwanden b.B.","2010","","","","","","","[2] Passiven","[20] Fremdkapital","[205] Transitorische Passiven","[2050] Transitorische Passiven","2","20","205","2050","14690.65"
"592","Schwanden b.B.","2010","","","","","","","[2] Passiven","[22] Spezialfinanzierungen","[228] Verpflichtungen für Spezialfinanzierungen","[2280] Spezialfinanzierungen gestützt auf übergeordnetes Recht","2","22","228","2280","1391514.96"
"592","Schwanden b.B.","2010","[0] ALLGEMEINE VERWALTUNG","[01] Legislative und Exekutive","[012] Exekutive","0","1","12","[3] Aufwand","[3] AUFWAND","[30] Personalaufwand","[300] Personalaufwand der Behörden und Kommissionen","3","3","30","300","25729.05"
"592","Schwanden b.B.","2010","[3] KULTUR UND FREIZEIT","[30] Kulturförderung","[309] Uebrige Kulturförderung","3","30","309","[3] Aufwand","[3] AUFWAND","[30] Personalaufwand","[300] Personalaufwand der Behörden und Kommissionen","3","3","30","300","1595.00"
"592","Schwanden b.B.","2010","[8] VOLKSWIRTSCHAFT","[81] Forstwirtschaft","[810] Forstverwaltung","8","81","810","[3] Aufwand","[3] AUFWAND","[30] Personalaufwand","[300] Personalaufwand der Behörden und Kommissionen","3","3","30","300","240.00"
"592","Schwanden b.B.","2010","[9] FINANZEN UND STEUERN","[94] Vermögens- und Schuldenverwaltung","[944] Burgergut","9","94","944","[3] Aufwand","[3] AUFWAND","[30] Personalaufwand","[300] Personalaufwand der Behörden und Kommissionen","3","3","30","300","380.00"
"592","Schwanden b.B.","2010","[0] ALLGEMEINE VERWALTUNG","[09] Nicht aufteilbare Aufgaben","[090] Verwaltungsliegenschaften","0","9","90","[3] Aufwand","[3] AUFWAND","[30] Personalaufwand","[301] Löhne des Verwaltungs- + Betriebspersonals","3","3","30","301","6276.00"
"592","Schwanden b.B.","2010","[6] VERKEHR","[62] Gemeindestrassen","[620] Gemeindestrassennetz","6","62","620","[3] Aufwand","[3] AUFWAND","[30] Personalaufwand","[301] Löhne des Verwaltungs- + Betriebspersonals","3","3","30","301","110007.40"
"592","Schwanden b.B.","2010","[7] UMWELT UND RAUMORDNUNG","[70] Wasserversorgung","[700] Wasserversorgung","7","70","700","[3] Aufwand","[3] AUFWAND","[30] Personalaufwand","[301] Löhne des Verwaltungs- + Betriebspersonals","3","3","30","301","1878.65"
"592","Schwanden b.B.","2010","[0] ALLGEMEINE VERWALTUNG","[01] Legislative und Exekutive","[012] Exekutive","0","1","12","[3] Aufwand","[3] AUFWAND","[30] Personalaufwand","[303] Sozialversicherungsbeiträge","3","3","30","303","1556.15"
"592","Schwanden b.B.","2010","[3] KULTUR UND FREIZEIT","[30] Kulturförderung","[309] Uebrige Kulturförderung","3","30","309","[3] Aufwand","[3] AUFWAND","[30] Personalaufwand","[303] Sozialversicherungsbeiträge","3","3","30","303","24.20"
"592","Schwanden b.B.","2010","[9] FINANZEN UND STEUERN","[94] Vermögens- und Schuldenverwaltung","[944] Burgergut","9","94","944","[3] Aufwand","[3] AUFWAND","[30] Personalaufwand","[303] Sozialversicherungsbeiträge","3","3","30","303","14.25"
"592","Schwanden b.B.","2010","[0] ALLGEMEINE VERWALTUNG","[02] Allgemeine Verwaltung","[029] Allgemeine Verwaltung","0","2","29","[3] Aufwand","[3] AUFWAND","[30] Personalaufwand","[304] Personalversicherungsbeiträge","3","3","30","304","12566.40"
"592","Schwanden b.B.","2010","[0] ALLGEMEINE VERWALTUNG","[09] Nicht aufteilbare Aufgaben","[090] Verwaltungsliegenschaften","0","9","90","[3] Aufwand","[3] AUFWAND","[30] Personalaufwand","[304] Personalversicherungsbeiträge","3","3","30","304","403.80"
"592","Schwanden b.B.","2010","[2] BILDUNG","[21] Volksschule","[217] Schulliegenschaften (Ki.garten sofern nicht zuteilbar, Prim + Sek 1)","2","21","217","[3] Aufwand","[3] AUFWAND","[30] Personalaufwand","[304] Personalversicherungsbeiträge","3","3","30","304","1153.80"
"592","Schwanden b.B.","2010","[6] VERKEHR","[62] Gemeindestrassen","[620] Gemeindestrassennetz","6","62","620","[3] Aufwand","[3] AUFWAND","[30] Personalaufwand","[304] Personalversicherungsbeiträge","3","3","30","304","6906.05"
"592","Schwanden b.B.","2010","[0] ALLGEMEINE VERWALTUNG","[02] Allgemeine Verwaltung","[029] Allgemeine Verwaltung","0","2","29","[3] Aufwand","[3] AUFWAND","[30] Personalaufwand","[305] Unfall- und Krankenversicherungsbeiträge","3","3","30","305","3404.45"
"592","Schwanden b.B.","2010","[2] BILDUNG","[21] Volksschule","[217] Schulliegenschaften (Ki.garten sofern nicht zuteilbar, Prim + Sek 1)","2","21","217","[3] Aufwand","[3] AUFWAND","[30] Personalaufwand","[305] Unfall- und Krankenversicherungsbeiträge","3","3","30","305","334.90"
"592","Schwanden b.B.","2010","[0] ALLGEMEINE VERWALTUNG","[02] Allgemeine Verwaltung","[029] Allgemeine Verwaltung","0","2","29","[3] Aufwand","[3] AUFWAND","[30] Personalaufwand","[309] Uebriger Personalaufwand","3","3","30","309","5684.90"
"592","Schwanden b.B.","2010","[6] VERKEHR","[62] Gemeindestrassen","[620] Gemeindestrassennetz","6","62","620","[3] Aufwand","[3] AUFWAND","[30] Personalaufwand","[309] Uebriger Personalaufwand","3","3","30","309","600.00"
"592","Schwanden b.B.","2010","[3] KULTUR UND FREIZEIT","[30] Kulturförderung","[309] Uebrige Kulturförderung","3","30","309","[3] Aufwand","[3] AUFWAND","[31] Sachaufwand","[310] Büro- und Schulmaterialien, Drucksachen","3","3","31","310","1008.90"
"592","Schwanden b.B.","2010","[7] UMWELT UND RAUMORDNUNG","[70] Wasserversorgung","[700] Wasserversorgung","7","70","700","[3] Aufwand","[3] AUFWAND","[31] Sachaufwand","[310] Büro- und Schulmaterialien, Drucksachen","3","3","31","310","129.25"
"592","Schwanden b.B.","2010","[0] ALLGEMEINE VERWALTUNG","[02] Allgemeine Verwaltung","[029] Allgemeine Verwaltung","0","2","29","[3] Aufwand","[3] AUFWAND","[31] Sachaufwand","[311] Anschaffung Mobilien, Maschinen, Fahrzeuge","3","3","31","311","2169.75"
"592","Schwanden b.B.","2010","[0] ALLGEMEINE VERWALTUNG","[09] Nicht aufteilbare Aufgaben","[090] Verwaltungsliegenschaften","0","9","90","[3] Aufwand","[3] AUFWAND","[31] Sachaufwand","[311] Anschaffung Mobilien, Maschinen, Fahrzeuge","3","3","31","311","716.75"
"592","Schwanden b.B.","2010","[2] BILDUNG","[21] Volksschule","[217] Schulliegenschaften (Ki.garten sofern nicht zuteilbar, Prim + Sek 1)","2","21","217","[3] Aufwand","[3] AUFWAND","[31] Sachaufwand","[311] Anschaffung Mobilien, Maschinen, Fahrzeuge","3","3","31","311","8745.75"
"592","Schwanden b.B.","2010","[6] VERKEHR","[62] Gemeindestrassen","[620] Gemeindestrassennetz","6","62","620","[3] Aufwand","[3] AUFWAND","[31] Sachaufwand","[311] Anschaffung Mobilien, Maschinen, Fahrzeuge","3","3","31","311","7902.70"
"592","Schwanden b.B.","2010","[7] UMWELT UND RAUMORDNUNG","[70] Wasserversorgung","[700] Wasserversorgung","7","70","700","[3] Aufwand","[3] AUFWAND","[31] Sachaufwand","[311] Anschaffung Mobilien, Maschinen, Fahrzeuge","3","3","31","311","137.70"
"592","Schwanden b.B.","2010","[7] UMWELT UND RAUMORDNUNG","[72] Abfallentsorgung","[720] Abfallentsorgung","7","72","720","[3] Aufwand","[3] AUFWAND","[31] Sachaufwand","[311] Anschaffung Mobilien, Maschinen, Fahrzeuge","3","3","31","311","338.95"
"592","Schwanden b.B.","2010","[1] OEFFENTLICHE SICHERHEIT","[14] Wehrdienste","[140] Wehrdienste","1","14","140","[3] Aufwand","[3] AUFWAND","[31] Sachaufwand","[312] Wasser, Energie, Heizmaterialien","3","3","31","312","116.40"
"592","Schwanden b.B.","2010","[2] BILDUNG","[21] Volksschule","[217] Schulliegenschaften (Ki.garten sofern nicht zuteilbar, Prim + Sek 1)","2","21","217","[3] Aufwand","[3] AUFWAND","[31] Sachaufwand","[312] Wasser, Energie, Heizmaterialien","3","3","31","312","16389.00"
"592","Schwanden b.B.","2010","[3] KULTUR UND FREIZEIT","[33] Parkanlagen und Wanderwege","[330] Parkanlagen und Wanderwege","3","33","330","[3] Aufwand","[3] AUFWAND","[31] Sachaufwand","[312] Wasser, Energie, Heizmaterialien","3","3","31","312","2517.10"
"592","Schwanden b.B.","2010","[8] VOLKSWIRTSCHAFT","[81] Forstwirtschaft","[810] Forstverwaltung","8","81","810","[3] Aufwand","[3] AUFWAND","[31] Sachaufwand","[312] Wasser, Energie, Heizmaterialien","3","3","31","312","58.85"
"592","Schwanden b.B.","2010","[9] FINANZEN UND STEUERN","[94] Vermögens- und Schuldenverwaltung","[942] Liegenschaften des Finanzvermögens","9","94","942","[3] Aufwand","[3] AUFWAND","[31] Sachaufwand","[312] Wasser, Energie, Heizmaterialien","3","3","31","312","3579.00"
"592","Schwanden b.B.","2010","[0] ALLGEMEINE VERWALTUNG","[09] Nicht aufteilbare Aufgaben","[091] ...","0","9","91","[3] Aufwand","[3] AUFWAND","[31] Sachaufwand","[313] Verbrauchsmaterialien","3","3","31","313","70.00"
"592","Schwanden b.B.","2010","[6] VERKEHR","[62] Gemeindestrassen","[620] Gemeindestrassennetz","6","62","620","[3] Aufwand","[3] AUFWAND","[31] Sachaufwand","[313] Verbrauchsmaterialien","3","3","31","313","15445.00"
"592","Schwanden b.B.","2010","[0] ALLGEMEINE VERWALTUNG","[09] Nicht aufteilbare Aufgaben","[090] Verwaltungsliegenschaften","0","9","90","[3] Aufwand","[3] AUFWAND","[31] Sachaufwand","[314] Dienstleistungen Dritter für den baulichen Unterhalt","3","3","31","314","3076.50"
"592","Schwanden b.B.","2010","[1] OEFFENTLICHE SICHERHEIT","[10] Rechtsaufsicht","[100] Mass und Gewicht","1","10","100","[3] Aufwand","[3] AUFWAND","[31] Sachaufwand","[314] Dienstleistungen Dritter für den baulichen Unterhalt","3","3","31","314","6167.20"
"592","Schwanden b.B.","2010","[2] BILDUNG","[21] Volksschule","[217] Schulliegenschaften (Ki.garten sofern nicht zuteilbar, Prim + Sek 1)","2","21","217","[3] Aufwand","[3] AUFWAND","[31] Sachaufwand","[314] Dienstleistungen Dritter für den baulichen Unterhalt","3","3","31","314","6455.25"
"592","Schwanden b.B.","2010","[3] KULTUR UND FREIZEIT","[34] Sport","[341] ...","3","34","341","[3] Aufwand","[3] AUFWAND","[31] Sachaufwand","[314] Dienstleistungen Dritter für den baulichen Unterhalt","3","3","31","314","3208.05"
"592","Schwanden b.B.","2010","[3] KULTUR UND FREIZEIT","[34] Sport","[342] ...","3","34","342","[3] Aufwand","[3] AUFWAND","[31] Sachaufwand","[314] Dienstleistungen Dritter für den baulichen Unterhalt","3","3","31","314","4553.35"
"592","Schwanden b.B.","2010","[6] VERKEHR","[62] Gemeindestrassen","[620] Gemeindestrassennetz","6","62","620","[3] Aufwand","[3] AUFWAND","[31] Sachaufwand","[314] Dienstleistungen Dritter für den baulichen Unterhalt","3","3","31","314","12144.60"
"592","Schwanden b.B.","2010","[7] UMWELT UND RAUMORDNUNG","[71] Abwasserentsorgung","[710] Abwasserentsorgung","7","71","710","[3] Aufwand","[3] AUFWAND","[31] Sachaufwand","[314] Dienstleistungen Dritter für den baulichen Unterhalt","3","3","31","314","13820.70"
"592","Schwanden b.B.","2010","[7] UMWELT UND RAUMORDNUNG","[72] Abfallentsorgung","[720] Abfallentsorgung","7","72","720","[3] Aufwand","[3] AUFWAND","[31] Sachaufwand","[314] Dienstleistungen Dritter für den baulichen Unterhalt","3","3","31","314","2703.75"
"592","Schwanden b.B.","2010","[0] ALLGEMEINE VERWALTUNG","[09] Nicht aufteilbare Aufgaben","[091] ...","0","9","91","[3] Aufwand","[3] AUFWAND","[31] Sachaufwand","[315] Dienstleistungen Dritter für den übrigen Unterhalt","3","3","31","315","43.00"
"592","Schwanden b.B.","2010","[9] FINANZEN UND STEUERN","[94] Vermögens- und Schuldenverwaltung","[942] Liegenschaften des Finanzvermögens","9","94","942","[3] Aufwand","[3] AUFWAND","[31] Sachaufwand","[315] Dienstleistungen Dritter für den übrigen Unterhalt","3","3","31","315","762.10"
"592","Schwanden b.B.","2010","[9] FINANZEN UND STEUERN","[94] Vermögens- und Schuldenverwaltung","[944] Burgergut","9","94","944","[3] Aufwand","[3] AUFWAND","[31] Sachaufwand","[315] Dienstleistungen Dritter für den übrigen Unterhalt","3","3","31","315","6242.20"
"592","Schwanden b.B.","2010","[0] ALLGEMEINE VERWALTUNG","[09] Nicht aufteilbare Aufgaben","[090] Verwaltungsliegenschaften","0","9","90","[3] Aufwand","[3] AUFWAND","[31] Sachaufwand","[316] Mieten, Pachten, Benützungskosten","3","3","31","316","2398.10"
"592","Schwanden b.B.","2010","[6] VERKEHR","[62] Gemeindestrassen","[620] Gemeindestrassennetz","6","62","620","[3] Aufwand","[3] AUFWAND","[31] Sachaufwand","[316] Mieten, Pachten, Benützungskosten","3","3","31","316","50.00"
"592","Schwanden b.B.","2010","[0] ALLGEMEINE VERWALTUNG","[02] Allgemeine Verwaltung","[029] Allgemeine Verwaltung","0","2","29","[3] Aufwand","[3] AUFWAND","[31] Sachaufwand","[317] Spesenentschädigungen","3","3","31","317","1194.40"
"592","Schwanden b.B.","2010","[3] KULTUR UND FREIZEIT","[34] Sport","[341] ...","3","34","341","[3] Aufwand","[3] AUFWAND","[31] Sachaufwand","[317] Spesenentschädigungen","3","3","31","317","76.30"
"592","Schwanden b.B.","2010","[7] UMWELT UND RAUMORDNUNG","[77] Naturschutz","[770] Naturschutz","7","77","770","[3] Aufwand","[3] AUFWAND","[31] Sachaufwand","[317] Spesenentschädigungen","3","3","31","317","11.20"
"592","Schwanden b.B.","2009","[7] UMWELT UND RAUMORDNUNG","[75] Gewässerverbauungen","[750] Gewässerverbauungen","7","75","750","[5] Ausgaben","[5] Ausgaben","[57] Durchlaufende Beiträge","[572] Gemeinden","5","5","57","572","98736.60"
"592","Schwanden b.B.","2009","[7] UMWELT UND RAUMORDNUNG","[79] Raumordnung","[790] Raumplanung","7","79","790","[5] Ausgaben","[5] Ausgaben","[57] Durchlaufende Beiträge","[575] Private Institutionen","5","5","57","575","180002.15"
"592","Schwanden b.B.","2009","[9] FINANZEN UND STEUERN","[94] Vermögens- und Schuldenverwaltung","[942] Liegenschaften des Finanzvermögens","9","94","942","[5] Ausgaben","[5] Ausgaben","[59] Passivierungen","[595] Uebertrag Abgänge von Liegenschaften des Finanzvermögens","5","5","59","595","16497.15"
"592","Schwanden b.B.","2009","[3] KULTUR UND FREIZEIT","[34] Sport","[340] Sport","3","34","340","[6] Einnahmen","[6] Einnahmen","[62] Rückzahlung von Darlehen und Beteiligungen","[625] Private Institutionen","6","6","62","625","2500.00"
"592","Schwanden b.B.","2009","[3] KULTUR UND FREIZEIT","[30] Kulturförderung","[309] Uebrige Kulturförderung","3","30","309","[6] Einnahmen","[6] Einnahmen","[66] Beiträge für eigene Rechnung","[663] Eigene Anstalten","6","6","66","663","600.00"
"592","Schwanden b.B.","2009","[7] UMWELT UND RAUMORDNUNG","[79] Raumordnung","[790] Raumplanung","7","79","790","[6] Einnahmen","[6] Einnahmen","[67] Durchlaufende Beiträge","[671] Kanton","6","6","67","671","155356.80"
"592","Schwanden b.B.","2009","[9] FINANZEN UND STEUERN","[99] Nicht aufgeteilte Posten","[999] Abschluss","9","99","999","[6] Einnahmen","[6] Einnahmen","[69] Aktivierungen","[690] Aktivierte Ausgaben","6","6","69","690","541540.30"
"592","Schwanden b.B.","2009","[9] FINANZEN UND STEUERN","[94] Vermögens- und Schuldenverwaltung","[942] Liegenschaften des Finanzvermögens","9","94","942","[6] Einnahmen","[6] Einnahmen","[69] Aktivierungen","[695] Uebertrag Zugänge von Liegenschaften des Finanzvermögens","6","6","69","695","20627.40"
"592","Schwanden b.B.","2010","","","","","","","[1] Aktiven","[10] Finanzvermögen","[100] Flüssige Mittel","[1000] Kasse","1","10","100","1000","1489.50"
"592","Schwanden b.B.","2010","","","","","","","[1] Aktiven","[10] Finanzvermögen","[100] Flüssige Mittel","[1002] Banken","1","10","100","1002","11049.30"
"592","Schwanden b.B.","2010","","","","","","","[1] Aktiven","[10] Finanzvermögen","[101] Guthaben","[1012] Steuerguthaben","1","10","101","1012","404406.10"
"592","Schwanden b.B.","2010","","","","","","","[1] Aktiven","[11] Verwaltungsvermögen","[114] Sachgüter","[1141] Tiefbauten","1","11","114","1141","202012.94"
"592","Schwanden b.B.","2010","","","","","","","[1] Aktiven","[11] Verwaltungsvermögen","[114] Sachgüter","[1143] Hochbauten","1","11","114","1143","395606.30"
"592","Schwanden b.B.","2010","","","","","","","[1] Aktiven","[11] Verwaltungsvermögen","[114] Sachgüter","[1146] Mobilien, Maschinen, Fahrzeuge ","1","11","114","1146","172955.75"
"592","Schwanden b.B.","2010","","","","","","","[1] Aktiven","[11] Verwaltungsvermögen","[115] Darlehen und Beteiligungen","[1155] Private Institutionen","1","11","115","1155","22503.00"
"592","Schwanden b.B.","2010","","","","","","","[1] Aktiven","[11] Verwaltungsvermögen","[116] Investitionsbeiträge","[1162] Gemeinden","1","11","116","1162","25483.60"
"592","Schwanden b.B.","2010","","","","","","","[2] Passiven","[20] Fremdkapital","[200] Laufende Verpflichtungen","[2001] Depotgelder","2","20","200","2001","550.00"
"592","Schwanden b.B.","2010","","","","","","","[2] Passiven","[20] Fremdkapital","[200] Laufende Verpflichtungen","[2009] Uebrige laufende Verpflichtungen","2","20","200","2009","264.50"
"592","Schwanden b.B.","2010","","","","","","","[2] Passiven","[22] Spezialfinanzierungen","[228] Verpflichtungen für Spezialfinanzierungen","[2281] Spezialfinanzierungen gestützt auf Gemeindereglemente","2","22","228","2281","1803203.45"
"592","Schwanden b.B.","2010","","","","","","","[2] Passiven","[23] Eigenkapital","[239] Eigenkapital","[2390] Eigenkapital","2","23","239","2390","788615.11"
"592","Schwanden b.B.","2010","[0] ALLGEMEINE VERWALTUNG","[01] Legislative und Exekutive","[011] Legislative","0","1","11","[3] Aufwand","[3] AUFWAND","[30] Personalaufwand","[300] Personalaufwand der Behörden und Kommissionen","3","3","30","300","6858.00"
"592","Schwanden b.B.","2010","[7] UMWELT UND RAUMORDNUNG","[70] Wasserversorgung","[700] Wasserversorgung","7","70","700","[3] Aufwand","[3] AUFWAND","[30] Personalaufwand","[300] Personalaufwand der Behörden und Kommissionen","3","3","30","300","60.00"
"592","Schwanden b.B.","2010","[7] UMWELT UND RAUMORDNUNG","[71] Abwasserentsorgung","[710] Abwasserentsorgung","7","71","710","[3] Aufwand","[3] AUFWAND","[30] Personalaufwand","[300] Personalaufwand der Behörden und Kommissionen","3","3","30","300","389.00"
"592","Schwanden b.B.","2010","[7] UMWELT UND RAUMORDNUNG","[72] Abfallentsorgung","[720] Abfallentsorgung","7","72","720","[3] Aufwand","[3] AUFWAND","[30] Personalaufwand","[300] Personalaufwand der Behörden und Kommissionen","3","3","30","300","1090.00"
"592","Schwanden b.B.","2010","[0] ALLGEMEINE VERWALTUNG","[02] Allgemeine Verwaltung","[029] Allgemeine Verwaltung","0","2","29","[3] Aufwand","[3] AUFWAND","[30] Personalaufwand","[301] Löhne des Verwaltungs- + Betriebspersonals","3","3","30","301","176891.45"
"592","Schwanden b.B.","2010","[2] BILDUNG","[21] Volksschule","[217] Schulliegenschaften (Ki.garten sofern nicht zuteilbar, Prim + Sek 1)","2","21","217","[3] Aufwand","[3] AUFWAND","[30] Personalaufwand","[301] Löhne des Verwaltungs- + Betriebspersonals","3","3","30","301","15480.60"
"592","Schwanden b.B.","2010","[3] KULTUR UND FREIZEIT","[34] Sport","[341] ...","3","34","341","[3] Aufwand","[3] AUFWAND","[30] Personalaufwand","[301] Löhne des Verwaltungs- + Betriebspersonals","3","3","30","301","1355.75"
"592","Schwanden b.B.","2010","[7] UMWELT UND RAUMORDNUNG","[77] Naturschutz","[770] Naturschutz","7","77","770","[3] Aufwand","[3] AUFWAND","[30] Personalaufwand","[301] Löhne des Verwaltungs- + Betriebspersonals","3","3","30","301","1286.80"
"592","Schwanden b.B.","2010","[0] ALLGEMEINE VERWALTUNG","[02] Allgemeine Verwaltung","[029] Allgemeine Verwaltung","0","2","29","[3] Aufwand","[3] AUFWAND","[30] Personalaufwand","[303] Sozialversicherungsbeiträge","3","3","30","303","13095.05"
"592","Schwanden b.B.","2010","[0] ALLGEMEINE VERWALTUNG","[09] Nicht aufteilbare Aufgaben","[090] Verwaltungsliegenschaften","0","9","90","[3] Aufwand","[3] AUFWAND","[30] Personalaufwand","[303] Sozialversicherungsbeiträge","3","3","30","303","455.95"
"592","Schwanden b.B.","2010","[1] OEFFENTLICHE SICHERHEIT","[10] Rechtsaufsicht","[101] Uebrige Rechtspflege","1","10","101","[3] Aufwand","[3] AUFWAND","[30] Personalaufwand","[303] Sozialversicherungsbeiträge","3","3","30","303","68.25"
"592","Schwanden b.B.","2010","[2] BILDUNG","[21] Volksschule","[217] Schulliegenschaften (Ki.garten sofern nicht zuteilbar, Prim + Sek 1)","2","21","217","[3] Aufwand","[3] AUFWAND","[30] Personalaufwand","[303] Sozialversicherungsbeiträge","3","3","30","303","1227.60"
"592","Schwanden b.B.","2010","[6] VERKEHR","[62] Gemeindestrassen","[620] Gemeindestrassennetz","6","62","620","[3] Aufwand","[3] AUFWAND","[30] Personalaufwand","[303] Sozialversicherungsbeiträge","3","3","30","303","7826.20"
"592","Schwanden b.B.","2010","[7] UMWELT UND RAUMORDNUNG","[71] Abwasserentsorgung","[710] Abwasserentsorgung","7","71","710","[3] Aufwand","[3] AUFWAND","[30] Personalaufwand","[303] Sozialversicherungsbeiträge","3","3","30","303","2.40"
"592","Schwanden b.B.","2010","[7] UMWELT UND RAUMORDNUNG","[72] Abfallentsorgung","[720] Abfallentsorgung","7","72","720","[3] Aufwand","[3] AUFWAND","[30] Personalaufwand","[303] Sozialversicherungsbeiträge","3","3","30","303","2.40"
"592","Schwanden b.B.","2010","[0] ALLGEMEINE VERWALTUNG","[09] Nicht aufteilbare Aufgaben","[090] Verwaltungsliegenschaften","0","9","90","[3] Aufwand","[3] AUFWAND","[30] Personalaufwand","[305] Unfall- und Krankenversicherungsbeiträge","3","3","30","305","91.80"
"592","Schwanden b.B.","2010","[6] VERKEHR","[62] Gemeindestrassen","[620] Gemeindestrassennetz","6","62","620","[3] Aufwand","[3] AUFWAND","[30] Personalaufwand","[305] Unfall- und Krankenversicherungsbeiträge","3","3","30","305","2114.80"
"592","Schwanden b.B.","2010","[0] ALLGEMEINE VERWALTUNG","[01] Legislative und Exekutive","[011] Legislative","0","1","11","[3] Aufwand","[3] AUFWAND","[31] Sachaufwand","[310] Büro- und Schulmaterialien, Drucksachen","3","3","31","310","106.85"
"592","Schwanden b.B.","2010","[0] ALLGEMEINE VERWALTUNG","[02] Allgemeine Verwaltung","[029] Allgemeine Verwaltung","0","2","29","[3] Aufwand","[3] AUFWAND","[31] Sachaufwand","[310] Büro- und Schulmaterialien, Drucksachen","3","3","31","310","7158.87"
"592","Schwanden b.B.","2010","[3] KULTUR UND FREIZEIT","[34] Sport","[342] ...","3","34","342","[3] Aufwand","[3] AUFWAND","[31] Sachaufwand","[310] Büro- und Schulmaterialien, Drucksachen","3","3","31","310","94.80"
"592","Schwanden b.B.","2010","[8] VOLKSWIRTSCHAFT","[81] Forstwirtschaft","[810] Forstverwaltung","8","81","810","[3] Aufwand","[3] AUFWAND","[31] Sachaufwand","[310] Büro- und Schulmaterialien, Drucksachen","3","3","31","310","20.30"
"592","Schwanden b.B.","2010","[3] KULTUR UND FREIZEIT","[34] Sport","[341] ...","3","34","341","[3] Aufwand","[3] AUFWAND","[31] Sachaufwand","[311] Anschaffung Mobilien, Maschinen, Fahrzeuge","3","3","31","311","230.00"
"592","Schwanden b.B.","2010","[0] ALLGEMEINE VERWALTUNG","[09] Nicht aufteilbare Aufgaben","[090] Verwaltungsliegenschaften","0","9","90","[3] Aufwand","[3] AUFWAND","[31] Sachaufwand","[312] Wasser, Energie, Heizmaterialien","3","3","31","312","6687.55"
"592","Schwanden b.B.","2010","[6] VERKEHR","[62] Gemeindestrassen","[620] Gemeindestrassennetz","6","62","620","[3] Aufwand","[3] AUFWAND","[31] Sachaufwand","[312] Wasser, Energie, Heizmaterialien","3","3","31","312","6608.25"
"592","Schwanden b.B.","2010","[7] UMWELT UND RAUMORDNUNG","[71] Abwasserentsorgung","[710] Abwasserentsorgung","7","71","710","[3] Aufwand","[3] AUFWAND","[31] Sachaufwand","[312] Wasser, Energie, Heizmaterialien","3","3","31","312","113.30"
"592","Schwanden b.B.","2010","[0] ALLGEMEINE VERWALTUNG","[02] Allgemeine Verwaltung","[029] Allgemeine Verwaltung","0","2","29","[3] Aufwand","[3] AUFWAND","[31] Sachaufwand","[313] Verbrauchsmaterialien","3","3","31","313","6375.04"
"592","Schwanden b.B.","2010","[0] ALLGEMEINE VERWALTUNG","[09] Nicht aufteilbare Aufgaben","[090] Verwaltungsliegenschaften","0","9","90","[3] Aufwand","[3] AUFWAND","[31] Sachaufwand","[313] Verbrauchsmaterialien","3","3","31","313","367.15"
"592","Schwanden b.B.","2010","[2] BILDUNG","[21] Volksschule","[217] Schulliegenschaften (Ki.garten sofern nicht zuteilbar, Prim + Sek 1)","2","21","217","[3] Aufwand","[3] AUFWAND","[31] Sachaufwand","[313] Verbrauchsmaterialien","3","3","31","313","5055.75"
"592","Schwanden b.B.","2010","[7] UMWELT UND RAUMORDNUNG","[72] Abfallentsorgung","[720] Abfallentsorgung","7","72","720","[3] Aufwand","[3] AUFWAND","[31] Sachaufwand","[313] Verbrauchsmaterialien","3","3","31","313","451.00"
"592","Schwanden b.B.","2010","[1] OEFFENTLICHE SICHERHEIT","[16] Zivile Landesverteidigung","[160] Zivilschutz","1","16","160","[3] Aufwand","[3] AUFWAND","[31] Sachaufwand","[314] Dienstleistungen Dritter für den baulichen Unterhalt","3","3","31","314","2021.55"
"592","Schwanden b.B.","2010","[3] KULTUR UND FREIZEIT","[33] Parkanlagen und Wanderwege","[330] Parkanlagen und Wanderwege","3","33","330","[3] Aufwand","[3] AUFWAND","[31] Sachaufwand","[314] Dienstleistungen Dritter für den baulichen Unterhalt","3","3","31","314","1205.40"
"592","Schwanden b.B.","2010","[7] UMWELT UND RAUMORDNUNG","[70] Wasserversorgung","[700] Wasserversorgung","7","70","700","[3] Aufwand","[3] AUFWAND","[31] Sachaufwand","[314] Dienstleistungen Dritter für den baulichen Unterhalt","3","3","31","314","11663.30"
"592","Schwanden b.B.","2010","[7] UMWELT UND RAUMORDNUNG","[78] Uebriger Umweltschutz","[780] Oeffentliche Toiletten","7","78","780","[3] Aufwand","[3] AUFWAND","[31] Sachaufwand","[314] Dienstleistungen Dritter für den baulichen Unterhalt","3","3","31","314","1059.85"
"592","Schwanden b.B.","2010","[9] FINANZEN UND STEUERN","[94] Vermögens- und Schuldenverwaltung","[942] Liegenschaften des Finanzvermögens","9","94","942","[3] Aufwand","[3] AUFWAND","[31] Sachaufwand","[314] Dienstleistungen Dritter für den baulichen Unterhalt","3","3","31","314","3553.10"
"592","Schwanden b.B.","2010","[0] ALLGEMEINE VERWALTUNG","[02] Allgemeine Verwaltung","[029] Allgemeine Verwaltung","0","2","29","[3] Aufwand","[3] AUFWAND","[31] Sachaufwand","[315] Dienstleistungen Dritter für den übrigen Unterhalt","3","3","31","315","5458.95"
"592","Schwanden b.B.","2010","[0] ALLGEMEINE VERWALTUNG","[09] Nicht aufteilbare Aufgaben","[090] Verwaltungsliegenschaften","0","9","90","[3] Aufwand","[3] AUFWAND","[31] Sachaufwand","[315] Dienstleistungen Dritter für den übrigen Unterhalt","3","3","31","315","575.15"
"592","Schwanden b.B.","2010","[2] BILDUNG","[21] Volksschule","[217] Schulliegenschaften (Ki.garten sofern nicht zuteilbar, Prim + Sek 1)","2","21","217","[3] Aufwand","[3] AUFWAND","[31] Sachaufwand","[315] Dienstleistungen Dritter für den übrigen Unterhalt","3","3","31","315","1130.70"
"592","Schwanden b.B.","2010","[6] VERKEHR","[62] Gemeindestrassen","[620] Gemeindestrassennetz","6","62","620","[3] Aufwand","[3] AUFWAND","[31] Sachaufwand","[315] Dienstleistungen Dritter für den übrigen Unterhalt","3","3","31","315","1435.40"
"592","Schwanden b.B.","2010","[0] ALLGEMEINE VERWALTUNG","[01] Legislative und Exekutive","[012] Exekutive","0","1","12","[3] Aufwand","[3] AUFWAND","[31] Sachaufwand","[317] Spesenentschädigungen","3","3","31","317","22396.75"
"592","Schwanden b.B.","2010","[6] VERKEHR","[62] Gemeindestrassen","[620] Gemeindestrassennetz","6","62","620","[3] Aufwand","[3] AUFWAND","[31] Sachaufwand","[317] Spesenentschädigungen","3","3","31","317","384.00"
"592","Schwanden b.B.","2010","[0] ALLGEMEINE VERWALTUNG","[01] Legislative und Exekutive","[011] Legislative","0","1","11","[3] Aufwand","[3] AUFWAND","[31] Sachaufwand","[318] Dienstleistungen und Honorare, allg. Verwaltungsaufwand","3","3","31","318","2083.95"
"592","Schwanden b.B.","2010","[0] ALLGEMEINE VERWALTUNG","[02] Allgemeine Verwaltung","[029] Allgemeine Verwaltung","0","2","29","[3] Aufwand","[3] AUFWAND","[31] Sachaufwand","[318] Dienstleistungen und Honorare, allg. Verwaltungsaufwand","3","3","31","318","10793.22"
"592","Schwanden b.B.","2010","[0] ALLGEMEINE VERWALTUNG","[09] Nicht aufteilbare Aufgaben","[090] Verwaltungsliegenschaften","0","9","90","[3] Aufwand","[3] AUFWAND","[31] Sachaufwand","[318] Dienstleistungen und Honorare, allg. Verwaltungsaufwand","3","3","31","318","4467.55"
"592","Schwanden b.B.","2010","[1] OEFFENTLICHE SICHERHEIT","[10] Rechtsaufsicht","[100] Mass und Gewicht","1","10","100","[3] Aufwand","[3] AUFWAND","[31] Sachaufwand","[318] Dienstleistungen und Honorare, allg. Verwaltungsaufwand","3","3","31","318","17401.30"
"592","Schwanden b.B.","2010","[1] OEFFENTLICHE SICHERHEIT","[10] Rechtsaufsicht","[101] Uebrige Rechtspflege","1","10","101","[3] Aufwand","[3] AUFWAND","[31] Sachaufwand","[318] Dienstleistungen und Honorare, allg. Verwaltungsaufwand","3","3","31","318","7220.25"
"592","Schwanden b.B.","2010","[1] OEFFENTLICHE SICHERHEIT","[14] Wehrdienste","[140] Wehrdienste","1","14","140","[3] Aufwand","[3] AUFWAND","[31] Sachaufwand","[318] Dienstleistungen und Honorare, allg. Verwaltungsaufwand","3","3","31","318","197.75"
"592","Schwanden b.B.","2010","[2] BILDUNG","[21] Volksschule","[217] Schulliegenschaften (Ki.garten sofern nicht zuteilbar, Prim + Sek 1)","2","21","217","[3] Aufwand","[3] AUFWAND","[31] Sachaufwand","[318] Dienstleistungen und Honorare, allg. Verwaltungsaufwand","3","3","31","318","7260.35"
"592","Schwanden b.B.","2010","[2] BILDUNG","[21] Volksschule","[219] Nicht Aufteilbares, Volksschule, Tagesschule","2","21","219","[3] Aufwand","[3] AUFWAND","[31] Sachaufwand","[318] Dienstleistungen und Honorare, allg. Verwaltungsaufwand","3","3","31","318","9691.60"
"592","Schwanden b.B.","2010","[3] KULTUR UND FREIZEIT","[34] Sport","[341] ...","3","34","341","[3] Aufwand","[3] AUFWAND","[31] Sachaufwand","[318] Dienstleistungen und Honorare, allg. Verwaltungsaufwand","3","3","31","318","229.20"
"592","Schwanden b.B.","2010","[4] GESUNDHEIT","[46] Schulgesundheitsdienst","[460] Schulärztliche Pflege","4","46","460","[3] Aufwand","[3] AUFWAND","[31] Sachaufwand","[318] Dienstleistungen und Honorare, allg. Verwaltungsaufwand","3","3","31","318","678.55"
"592","Schwanden b.B.","2010","[4] GESUNDHEIT","[46] Schulgesundheitsdienst","[461] Schulzahnärztliche Pflege","4","46","461","[3] Aufwand","[3] AUFWAND","[31] Sachaufwand","[318] Dienstleistungen und Honorare, allg. Verwaltungsaufwand","3","3","31","318","753.10"
"592","Schwanden b.B.","2010","[6] VERKEHR","[62] Gemeindestrassen","[620] Gemeindestrassennetz","6","62","620","[3] Aufwand","[3] AUFWAND","[31] Sachaufwand","[318] Dienstleistungen und Honorare, allg. Verwaltungsaufwand","3","3","31","318","4213.95"
"592","Schwanden b.B.","2010","[7] UMWELT UND RAUMORDNUNG","[71] Abwasserentsorgung","[710] Abwasserentsorgung","7","71","710","[3] Aufwand","[3] AUFWAND","[31] Sachaufwand","[318] Dienstleistungen und Honorare, allg. Verwaltungsaufwand","3","3","31","318","1146.80"
"592","Schwanden b.B.","2010","[7] UMWELT UND RAUMORDNUNG","[72] Abfallentsorgung","[720] Abfallentsorgung","7","72","720","[3] Aufwand","[3] AUFWAND","[31] Sachaufwand","[318] Dienstleistungen und Honorare, allg. Verwaltungsaufwand","3","3","31","318","33781.80"
"592","Schwanden b.B.","2010","[8] VOLKSWIRTSCHAFT","[81] Forstwirtschaft","[810] Forstverwaltung","8","81","810","[3] Aufwand","[3] AUFWAND","[31] Sachaufwand","[318] Dienstleistungen und Honorare, allg. Verwaltungsaufwand","3","3","31","318","130.00"
"592","Schwanden b.B.","2010","[3] KULTUR UND FREIZEIT","[30] Kulturförderung","[309] Uebrige Kulturförderung","3","30","309","[3] Aufwand","[3] AUFWAND","[31] Sachaufwand","[319] Uebriger Sachaufwand","3","3","31","319","9308.05"
"592","Schwanden b.B.","2010","[5] SOZIALE WOHLFAHRT","[57] Altersheime","[571] ...","5","57","571","[3] Aufwand","[3] AUFWAND","[31] Sachaufwand","[319] Uebriger Sachaufwand","3","3","31","319","5515.10"
"592","Schwanden b.B.","2010","[8] VOLKSWIRTSCHAFT","[81] Forstwirtschaft","[812] Holzernte","8","81","812","[3] Aufwand","[3] AUFWAND","[31] Sachaufwand","[319] Uebriger Sachaufwand","3","3","31","319","4768.65"
"592","Schwanden b.B.","2010","[8] VOLKSWIRTSCHAFT","[81] Forstwirtschaft","[812] Holzernte","8","81","812","[3] Aufwand","[3] AUFWAND","[32] Passivzinsen","[329] Uebrige Passivzinsen","3","3","32","329","41.15"
"592","Schwanden b.B.","2010","[1] OEFFENTLICHE SICHERHEIT","[14] Wehrdienste","[140] Wehrdienste","1","14","140","[3] Aufwand","[3] AUFWAND","[33] Abschreibungen","[330] Finanzvermögen","3","3","33","330","690.80"
"592","Schwanden b.B.","2010","[7] UMWELT UND RAUMORDNUNG","[72] Abfallentsorgung","[720] Abfallentsorgung","7","72","720","[3] Aufwand","[3] AUFWAND","[33] Abschreibungen","[330] Finanzvermögen","3","3","33","330","550.10"
"592","Schwanden b.B.","2010","[9] FINANZEN UND STEUERN","[99] Nicht aufgeteilte Posten","[990] Abschreibungen","9","99","990","[3] Aufwand","[3] AUFWAND","[33] Abschreibungen","[330] Finanzvermögen","3","3","33","330","3007.20"
"592","Schwanden b.B.","2010","[7] UMWELT UND RAUMORDNUNG","[71] Abwasserentsorgung","[710] Abwasserentsorgung","7","71","710","[3] Aufwand","[3] AUFWAND","[33] Abschreibungen","[331] Verwaltungsvermögen - harmonisierte Abschreibungen","3","3","33","331","45358.85"
"592","Schwanden b.B.","2010","[9] FINANZEN UND STEUERN","[99] Nicht aufgeteilte Posten","[990] Abschreibungen","9","99","990","[3] Aufwand","[3] AUFWAND","[33] Abschreibungen","[332] Verwaltungsvermögen - übrige Abschreibungen","3","3","33","332","108000.00"
"592","Schwanden b.B.","2010","[0] ALLGEMEINE VERWALTUNG","[02] Allgemeine Verwaltung","[029] Allgemeine Verwaltung","0","2","29","[3] Aufwand","[3] AUFWAND","[35] Entschädigungen an Gemeinwesen","[351] Kanton","3","3","35","351","11243.60"
"592","Schwanden b.B.","2010","[1] OEFFENTLICHE SICHERHEIT","[16] Zivile Landesverteidigung","[161] Uebrige zivile Landesverteidigung","1","16","161","[3] Aufwand","[3] AUFWAND","[35] Entschädigungen an Gemeinwesen","[352] Gemeinden","3","3","35","352","971.10"
"592","Schwanden b.B.","2010","[2] BILDUNG","[20] Kindergarten","[200] Kindergarten","2","20","200","[3] Aufwand","[3] AUFWAND","[35] Entschädigungen an Gemeinwesen","[352] Gemeinden","3","3","35","352","8400.70"
"592","Schwanden b.B.","2010","[2] BILDUNG","[21] Volksschule","[219] Nicht Aufteilbares, Volksschule, Tagesschule","2","21","219","[3] Aufwand","[3] AUFWAND","[35] Entschädigungen an Gemeinwesen","[352] Gemeinden","3","3","35","352","127286.40"
"592","Schwanden b.B.","2010","[0] ALLGEMEINE VERWALTUNG","[09] Nicht aufteilbare Aufgaben","[091] ...","0","9","91","[3] Aufwand","[3] AUFWAND","[31] Sachaufwand","[318] Dienstleistungen und Honorare, allg. Verwaltungsaufwand","3","3","31","318","60.25"
"592","Schwanden b.B.","2010","[1] OEFFENTLICHE SICHERHEIT","[16] Zivile Landesverteidigung","[160] Zivilschutz","1","16","160","[3] Aufwand","[3] AUFWAND","[31] Sachaufwand","[318] Dienstleistungen und Honorare, allg. Verwaltungsaufwand","3","3","31","318","149.55"
"592","Schwanden b.B.","2010","[2] BILDUNG","[20] Kindergarten","[200] Kindergarten","2","20","200","[3] Aufwand","[3] AUFWAND","[31] Sachaufwand","[318] Dienstleistungen und Honorare, allg. Verwaltungsaufwand","3","3","31","318","17.00"
"592","Schwanden b.B.","2010","[3] KULTUR UND FREIZEIT","[30] Kulturförderung","[309] Uebrige Kulturförderung","3","30","309","[3] Aufwand","[3] AUFWAND","[31] Sachaufwand","[318] Dienstleistungen und Honorare, allg. Verwaltungsaufwand","3","3","31","318","1509.40"
"592","Schwanden b.B.","2010","[7] UMWELT UND RAUMORDNUNG","[70] Wasserversorgung","[700] Wasserversorgung","7","70","700","[3] Aufwand","[3] AUFWAND","[31] Sachaufwand","[318] Dienstleistungen und Honorare, allg. Verwaltungsaufwand","3","3","31","318","2008.45"
"592","Schwanden b.B.","2010","[7] UMWELT UND RAUMORDNUNG","[79] Raumordnung","[790] Raumplanung","7","79","790","[3] Aufwand","[3] AUFWAND","[31] Sachaufwand","[318] Dienstleistungen und Honorare, allg. Verwaltungsaufwand","3","3","31","318","2866.50"
"592","Schwanden b.B.","2010","[9] FINANZEN UND STEUERN","[94] Vermögens- und Schuldenverwaltung","[942] Liegenschaften des Finanzvermögens","9","94","942","[3] Aufwand","[3] AUFWAND","[31] Sachaufwand","[318] Dienstleistungen und Honorare, allg. Verwaltungsaufwand","3","3","31","318","7012.20"
"592","Schwanden b.B.","2010","[9] FINANZEN UND STEUERN","[94] Vermögens- und Schuldenverwaltung","[944] Burgergut","9","94","944","[3] Aufwand","[3] AUFWAND","[31] Sachaufwand","[318] Dienstleistungen und Honorare, allg. Verwaltungsaufwand","3","3","31","318","8124.85"
"592","Schwanden b.B.","2010","[6] VERKEHR","[62] Gemeindestrassen","[620] Gemeindestrassennetz","6","62","620","[3] Aufwand","[3] AUFWAND","[31] Sachaufwand","[319] Uebriger Sachaufwand","3","3","31","319","650.00"
"592","Schwanden b.B.","2010","[9] FINANZEN UND STEUERN","[94] Vermögens- und Schuldenverwaltung","[940] Zinsen","9","94","940","[3] Aufwand","[3] AUFWAND","[32] Passivzinsen","[321] Kurzfristige Schulden","3","3","32","321","4149.55"
"592","Schwanden b.B.","2010","[9] FINANZEN UND STEUERN","[94] Vermögens- und Schuldenverwaltung","[940] Zinsen","9","94","940","[3] Aufwand","[3] AUFWAND","[32] Passivzinsen","[323] Sonderrechnungen","3","3","32","323","78.80"
"592","Schwanden b.B.","2010","[7] UMWELT UND RAUMORDNUNG","[70] Wasserversorgung","[700] Wasserversorgung","7","70","700","[3] Aufwand","[3] AUFWAND","[33] Abschreibungen","[330] Finanzvermögen","3","3","33","330","740.50"
"592","Schwanden b.B.","2010","[7] UMWELT UND RAUMORDNUNG","[71] Abwasserentsorgung","[710] Abwasserentsorgung","7","71","710","[3] Aufwand","[3] AUFWAND","[33] Abschreibungen","[330] Finanzvermögen","3","3","33","330","1237.20"
"592","Schwanden b.B.","2010","[9] FINANZEN UND STEUERN","[90] Steuern","[903] Steuerabschreibungen","9","90","903","[3] Aufwand","[3] AUFWAND","[33] Abschreibungen","[330] Finanzvermögen","3","3","33","330","-9035.35"
"592","Schwanden b.B.","2010","[9] FINANZEN UND STEUERN","[99] Nicht aufgeteilte Posten","[990] Abschreibungen","9","99","990","[3] Aufwand","[3] AUFWAND","[33] Abschreibungen","[331] Verwaltungsvermögen - harmonisierte Abschreibungen","3","3","33","331","113380.65"
"592","Schwanden b.B.","2010","[2] BILDUNG","[20] Kindergarten","[200] Kindergarten","2","20","200","[3] Aufwand","[3] AUFWAND","[35] Entschädigungen an Gemeinwesen","[351] Kanton","3","3","35","351","18034.35"
"592","Schwanden b.B.","2010","[2] BILDUNG","[21] Volksschule","[219] Nicht Aufteilbares, Volksschule, Tagesschule","2","21","219","[3] Aufwand","[3] AUFWAND","[35] Entschädigungen an Gemeinwesen","[351] Kanton","3","3","35","351","141365.40"
"592","Schwanden b.B.","2010","[5] SOZIALE WOHLFAHRT","[58] Sozialhilfe","[587] Lastenausgleich","5","58","587","[3] Aufwand","[3] AUFWAND","[35] Entschädigungen an Gemeinwesen","[351] Kanton","3","3","35","351","251049.60"
"592","Schwanden b.B.","2010","[8] VOLKSWIRTSCHAFT","[81] Forstwirtschaft","[811] Kulturen, Pflegemassnahmen","8","81","811","[3] Aufwand","[3] AUFWAND","[35] Entschädigungen an Gemeinwesen","[351] Kanton","3","3","35","351","12662.30"
"592","Schwanden b.B.","2010","[8] VOLKSWIRTSCHAFT","[81] Forstwirtschaft","[812] Holzernte","8","81","812","[3] Aufwand","[3] AUFWAND","[35] Entschädigungen an Gemeinwesen","[351] Kanton","3","3","35","351","4371.00"
"592","Schwanden b.B.","2010","[1] OEFFENTLICHE SICHERHEIT","[10] Rechtsaufsicht","[101] Uebrige Rechtspflege","1","10","101","[3] Aufwand","[3] AUFWAND","[35] Entschädigungen an Gemeinwesen","[352] Gemeinden","3","3","35","352","835.60"
"592","Schwanden b.B.","2010","[4] GESUNDHEIT","[44] Ambulante Krankenpflege","[440] Spitex/Krankenpflege","4","44","440","[3] Aufwand","[3] AUFWAND","[35] Entschädigungen an Gemeinwesen","[352] Gemeinden","3","3","35","352","500.00"
"592","Schwanden b.B.","2010","[7] UMWELT UND RAUMORDNUNG","[72] Abfallentsorgung","[720] Abfallentsorgung","7","72","720","[3] Aufwand","[3] AUFWAND","[35] Entschädigungen an Gemeinwesen","[352] Gemeinden","3","3","35","352","1759.75"
"592","Schwanden b.B.","2010","[5] SOZIALE WOHLFAHRT","[53] Sonstige Sozialversicherungen","[530] Ergänzungsleistungen der AHV, IV","5","53","530","[3] Aufwand","[3] AUFWAND","[36] Eigene Beiträge","[361] Kanton","3","3","36","361","125011.00"
"592","Schwanden b.B.","2010","[6] VERKEHR","[65] Regionalverkehr","[650] Regionalverkehrsbetriebe","6","65","650","[3] Aufwand","[3] AUFWAND","[36] Eigene Beiträge","[361] Kanton","3","3","36","361","44713.80"
"592","Schwanden b.B.","2010","[7] UMWELT UND RAUMORDNUNG","[71] Abwasserentsorgung","[710] Abwasserentsorgung","7","71","710","[3] Aufwand","[3] AUFWAND","[36] Eigene Beiträge","[361] Kanton","3","3","36","361","10437.65"
"592","Schwanden b.B.","2010","[1] OEFFENTLICHE SICHERHEIT","[10] Rechtsaufsicht","[101] Uebrige Rechtspflege","1","10","101","[3] Aufwand","[3] AUFWAND","[36] Eigene Beiträge","[362] Gemeinden","3","3","36","362","482.75"
"592","Schwanden b.B.","2010","[7] UMWELT UND RAUMORDNUNG","[71] Abwasserentsorgung","[710] Abwasserentsorgung","7","71","710","[3] Aufwand","[3] AUFWAND","[36] Eigene Beiträge","[362] Gemeinden","3","3","36","362","42865.45"
"592","Schwanden b.B.","2010","[7] UMWELT UND RAUMORDNUNG","[72] Abfallentsorgung","[720] Abfallentsorgung","7","72","720","[3] Aufwand","[3] AUFWAND","[36] Eigene Beiträge","[362] Gemeinden","3","3","36","362","716.10"
"592","Schwanden b.B.","2010","[8] VOLKSWIRTSCHAFT","[81] Forstwirtschaft","[810] Forstverwaltung","8","81","810","[3] Aufwand","[3] AUFWAND","[36] Eigene Beiträge","[362] Gemeinden","3","3","36","362","4435.95"
"592","Schwanden b.B.","2010","[0] ALLGEMEINE VERWALTUNG","[02] Allgemeine Verwaltung","[029] Allgemeine Verwaltung","0","2","29","[3] Aufwand","[3] AUFWAND","[36] Eigene Beiträge","[365] Private Institutionen","3","3","36","365","1696.00"
"592","Schwanden b.B.","2010","[2] BILDUNG","[21] Volksschule","[214] Musikschulen","2","21","214","[3] Aufwand","[3] AUFWAND","[36] Eigene Beiträge","[365] Private Institutionen","3","3","36","365","8150.00"
"592","Schwanden b.B.","2010","[3] KULTUR UND FREIZEIT","[30] Kulturförderung","[309] Uebrige Kulturförderung","3","30","309","[3] Aufwand","[3] AUFWAND","[36] Eigene Beiträge","[365] Private Institutionen","3","3","36","365","2138.00"
"592","Schwanden b.B.","2010","[3] KULTUR UND FREIZEIT","[33] Parkanlagen und Wanderwege","[330] Parkanlagen und Wanderwege","3","33","330","[3] Aufwand","[3] AUFWAND","[36] Eigene Beiträge","[365] Private Institutionen","3","3","36","365","121.60"
"592","Schwanden b.B.","2010","[4] GESUNDHEIT","[45] Krankheitsbekämpfung","[450] Krankheitsbekämpfung","4","45","450","[3] Aufwand","[3] AUFWAND","[36] Eigene Beiträge","[365] Private Institutionen","3","3","36","365","610.00"
"592","Schwanden b.B.","2010","[5] SOZIALE WOHLFAHRT","[54] Jugendschutz","[540] Jugendschutz","5","54","540","[3] Aufwand","[3] AUFWAND","[36] Eigene Beiträge","[365] Private Institutionen","3","3","36","365","100.00"
"592","Schwanden b.B.","2010","[5] SOZIALE WOHLFAHRT","[58] Sozialhilfe","[582] Weitere Wohlfahrts-, Vor- + Fürsorgeeinrichtungen","5","58","582","[3] Aufwand","[3] AUFWAND","[36] Eigene Beiträge","[365] Private Institutionen","3","3","36","365","515.25"
"592","Schwanden b.B.","2010","[8] VOLKSWIRTSCHAFT","[81] Forstwirtschaft","[810] Forstverwaltung","8","81","810","[3] Aufwand","[3] AUFWAND","[36] Eigene Beiträge","[365] Private Institutionen","3","3","36","365","540.00"
"592","Schwanden b.B.","2010","[1] OEFFENTLICHE SICHERHEIT","[14] Wehrdienste","[140] Wehrdienste","1","14","140","[3] Aufwand","[3] AUFWAND","[37] Durchlaufende Beiträge","[372] Gemeinden","3","3","37","372","35029.95"
"592","Schwanden b.B.","2010","[1] OEFFENTLICHE SICHERHEIT","[16] Zivile Landesverteidigung","[160] Zivilschutz","1","16","160","[3] Aufwand","[3] AUFWAND","[38] Einlagen in Spezialfinanzierungen","[380] Einlagen in Spezialfinanzierungen","3","3","38","380","2650.00"
"592","Schwanden b.B.","2010","[7] UMWELT UND RAUMORDNUNG","[70] Wasserversorgung","[700] Wasserversorgung","7","70","700","[3] Aufwand","[3] AUFWAND","[38] Einlagen in Spezialfinanzierungen","[380] Einlagen in Spezialfinanzierungen","3","3","38","380","94595.00"
"592","Schwanden b.B.","2010","[9] FINANZEN UND STEUERN","[94] Vermögens- und Schuldenverwaltung","[944] Burgergut","9","94","944","[3] Aufwand","[3] AUFWAND","[38] Einlagen in Spezialfinanzierungen","[380] Einlagen in Spezialfinanzierungen","3","3","38","380","10722.85"
"592","Schwanden b.B.","2010","[0] ALLGEMEINE VERWALTUNG","[09] Nicht aufteilbare Aufgaben","[090] Verwaltungsliegenschaften","0","9","90","[3] Aufwand","[3] AUFWAND","[39] Interne Verrechnungen","[390] Verrechneter Aufwand","3","3","39","390","6100.00"
"592","Schwanden b.B.","2010","[1] OEFFENTLICHE SICHERHEIT","[16] Zivile Landesverteidigung","[160] Zivilschutz","1","16","160","[3] Aufwand","[3] AUFWAND","[39] Interne Verrechnungen","[390] Verrechneter Aufwand","3","3","39","390","1600.00"
"592","Schwanden b.B.","2010","[3] KULTUR UND FREIZEIT","[34] Sport","[342] ...","3","34","342","[3] Aufwand","[3] AUFWAND","[39] Interne Verrechnungen","[390] Verrechneter Aufwand","3","3","39","390","2700.00"
"592","Schwanden b.B.","2010","[7] UMWELT UND RAUMORDNUNG","[70] Wasserversorgung","[700] Wasserversorgung","7","70","700","[3] Aufwand","[3] AUFWAND","[39] Interne Verrechnungen","[390] Verrechneter Aufwand","3","3","39","390","6300.00"
"592","Schwanden b.B.","2010","[7] UMWELT UND RAUMORDNUNG","[71] Abwasserentsorgung","[710] Abwasserentsorgung","7","71","710","[3] Aufwand","[3] AUFWAND","[39] Interne Verrechnungen","[390] Verrechneter Aufwand","3","3","39","390","6800.00"
"592","Schwanden b.B.","2010","[9] FINANZEN UND STEUERN","[94] Vermögens- und Schuldenverwaltung","[944] Burgergut","9","94","944","[3] Aufwand","[3] AUFWAND","[39] Interne Verrechnungen","[390] Verrechneter Aufwand","3","3","39","390","8000.00"
"592","Schwanden b.B.","2010","[9] FINANZEN UND STEUERN","[94] Vermögens- und Schuldenverwaltung","[940] Zinsen","9","94","940","[3] Aufwand","[3] AUFWAND","[39] Interne Verrechnungen","[391] Verrechnete Zinsen","3","3","39","391","34413.95"
"592","Schwanden b.B.","2010","[9] FINANZEN UND STEUERN","[94] Vermögens- und Schuldenverwaltung","[944] Burgergut","9","94","944","[3] Aufwand","[3] AUFWAND","[39] Interne Verrechnungen","[392] Verrechnete Abschreibungen","3","3","39","392","370.50"
"592","Schwanden b.B.","2010","[9] FINANZEN UND STEUERN","[90] Steuern","[900] Obligatorische periodische Steuern","9","90","900","[4] Ertrag","[4] ERTRAG","[40] Steuern","[401] Gewinn- und Kapitalsteuern","4","4","40","401","8284.25"
"592","Schwanden b.B.","2010","[9] FINANZEN UND STEUERN","[90] Steuern","[902] Liegenschaftssteuern","9","90","902","[4] Ertrag","[4] ERTRAG","[40] Steuern","[402] Liegenschaftssteuern","4","4","40","402","134130.25"
"592","Schwanden b.B.","2010","[9] FINANZEN UND STEUERN","[90] Steuern","[901] Obligatorische aperiodische Steuern","9","90","901","[4] Ertrag","[4] ERTRAG","[40] Steuern","[403] Vermögensgewinnsteuern","4","4","40","403","46244.25"
"592","Schwanden b.B.","2010","[9] FINANZEN UND STEUERN","[94] Vermögens- und Schuldenverwaltung","[942] Liegenschaften des Finanzvermögens","9","94","942","[4] Ertrag","[4] ERTRAG","[42] Vermögenserträge","[423] Liegenschaften des Finanzvermögens","4","4","42","423","40224.45"
"592","Schwanden b.B.","2010","[0] ALLGEMEINE VERWALTUNG","[09] Nicht aufteilbare Aufgaben","[091] ...","0","9","91","[4] Ertrag","[4] ERTRAG","[43] Entgelte","[434] Andere Benützungsgebühren und Dienstleistungen","4","4","43","434","1916.00"
"592","Schwanden b.B.","2010","[1] OEFFENTLICHE SICHERHEIT","[16] Zivile Landesverteidigung","[160] Zivilschutz","1","16","160","[4] Ertrag","[4] ERTRAG","[43] Entgelte","[434] Andere Benützungsgebühren und Dienstleistungen","4","4","43","434","300.00"
"592","Schwanden b.B.","2010","[6] VERKEHR","[62] Gemeindestrassen","[620] Gemeindestrassennetz","6","62","620","[4] Ertrag","[4] ERTRAG","[43] Entgelte","[434] Andere Benützungsgebühren und Dienstleistungen","4","4","43","434","20116.30"
"592","Schwanden b.B.","2010","[7] UMWELT UND RAUMORDNUNG","[75] Gewässerverbauungen","[750] Gewässerverbauungen","7","75","750","[4] Ertrag","[4] ERTRAG","[43] Entgelte","[434] Andere Benützungsgebühren und Dienstleistungen","4","4","43","434","2000.00"
"592","Schwanden b.B.","2010","[9] FINANZEN UND STEUERN","[94] Vermögens- und Schuldenverwaltung","[944] Burgergut","9","94","944","[4] Ertrag","[4] ERTRAG","[43] Entgelte","[434] Andere Benützungsgebühren und Dienstleistungen","4","4","43","434","840.00"
"592","Schwanden b.B.","2010","[0] ALLGEMEINE VERWALTUNG","[02] Allgemeine Verwaltung","[029] Allgemeine Verwaltung","0","2","29","[4] Ertrag","[4] ERTRAG","[43] Entgelte","[435] Uebrige Verkaufserlöse","4","4","43","435","6127.25"
"592","Schwanden b.B.","2010","[0] ALLGEMEINE VERWALTUNG","[01] Legislative und Exekutive","[012] Exekutive","0","1","12","[4] Ertrag","[4] ERTRAG","[43] Entgelte","[436] Rückerstattungen","4","4","43","436","210.00"
"592","Schwanden b.B.","2010","[2] BILDUNG","[21] Volksschule","[214] Musikschulen","2","21","214","[4] Ertrag","[4] ERTRAG","[43] Entgelte","[436] Rückerstattungen","4","4","43","436","2033.40"
"592","Schwanden b.B.","2010","[2] BILDUNG","[21] Volksschule","[219] Nicht Aufteilbares, Volksschule, Tagesschule","2","21","219","[4] Ertrag","[4] ERTRAG","[43] Entgelte","[436] Rückerstattungen","4","4","43","436","17944.35"
"592","Schwanden b.B.","2010","[3] KULTUR UND FREIZEIT","[34] Sport","[341] ...","3","34","341","[4] Ertrag","[4] ERTRAG","[43] Entgelte","[436] Rückerstattungen","4","4","43","436","700.00"
"592","Schwanden b.B.","2010","[5] SOZIALE WOHLFAHRT","[57] Altersheime","[571] ...","5","57","571","[4] Ertrag","[4] ERTRAG","[43] Entgelte","[436] Rückerstattungen","4","4","43","436","4879.30"
"592","Schwanden b.B.","2010","[9] FINANZEN UND STEUERN","[94] Vermögens- und Schuldenverwaltung","[942] Liegenschaften des Finanzvermögens","9","94","942","[4] Ertrag","[4] ERTRAG","[43] Entgelte","[436] Rückerstattungen","4","4","43","436","1129.95"
"592","Schwanden b.B.","2010","[9] FINANZEN UND STEUERN","[94] Vermögens- und Schuldenverwaltung","[944] Burgergut","9","94","944","[4] Ertrag","[4] ERTRAG","[43] Entgelte","[436] Rückerstattungen","4","4","43","436","288.60"
"592","Schwanden b.B.","2010","[3] KULTUR UND FREIZEIT","[30] Kulturförderung","[309] Uebrige Kulturförderung","3","30","309","[4] Ertrag","[4] ERTRAG","[43] Entgelte","[439] Uebrige Entgelte","4","4","43","439","11340.20"
"592","Schwanden b.B.","2010","[9] FINANZEN UND STEUERN","[93] Anteile an kantonalen Steuern und Abgaben","[930] Anteile an kantonalen Steuern und Abgaben","9","93","930","[4] Ertrag","[4] ERTRAG","[44] Anteile und Beiträge ohne Zweckbindungen","[441] Anteile an Kantonseinnahmen","4","4","44","441","30238.50"
"592","Schwanden b.B.","2010","[9] FINANZEN UND STEUERN","[92] Finanzausgleich","[920] Finanzausgleich","9","92","920","[4] Ertrag","[4] ERTRAG","[44] Anteile und Beiträge ohne Zweckbindungen","[444] Leistungen aus dem Finanzausgleich","4","4","44","444","219217.00"
"592","Schwanden b.B.","2010","[0] ALLGEMEINE VERWALTUNG","[02] Allgemeine Verwaltung","[029] Allgemeine Verwaltung","0","2","29","[4] Ertrag","[4] ERTRAG","[45] Rückerstattungen von Gemeinwesen","[451] Kanton","4","4","45","451","1675.35"
"592","Schwanden b.B.","2010","[1] OEFFENTLICHE SICHERHEIT","[10] Rechtsaufsicht","[101] Uebrige Rechtspflege","1","10","101","[4] Ertrag","[4] ERTRAG","[45] Rückerstattungen von Gemeinwesen","[451] Kanton","4","4","45","451","359.90"
"592","Schwanden b.B.","2010","[5] SOZIALE WOHLFAHRT","[58] Sozialhilfe","[583] Asylwesen","5","58","583","[4] Ertrag","[4] ERTRAG","[45] Rückerstattungen von Gemeinwesen","[451] Kanton","4","4","45","451","1046.60"
"592","Schwanden b.B.","2010","[6] VERKEHR","[62] Gemeindestrassen","[620] Gemeindestrassennetz","6","62","620","[4] Ertrag","[4] ERTRAG","[46] Beiträge","[461] Kanton","4","4","46","461","40909.10"
"592","Schwanden b.B.","2010","[8] VOLKSWIRTSCHAFT","[81] Forstwirtschaft","[811] Kulturen, Pflegemassnahmen","8","81","811","[4] Ertrag","[4] ERTRAG","[46] Beiträge","[461] Kanton","4","4","46","461","12155.00"
"592","Schwanden b.B.","2010","[2] BILDUNG","[21] Volksschule","[217] Schulliegenschaften (Ki.garten sofern nicht zuteilbar, Prim + Sek 1)","2","21","217","[4] Ertrag","[4] ERTRAG","[46] Beiträge","[469] Uebrige Beiträge für eigene Rechnung","4","4","46","469","4767.25"
"592","Schwanden b.B.","2010","[3] KULTUR UND FREIZEIT","[34] Sport","[341] ...","3","34","341","[4] Ertrag","[4] ERTRAG","[46] Beiträge","[469] Uebrige Beiträge für eigene Rechnung","4","4","46","469","750.00"
"592","Schwanden b.B.","2010","[3] KULTUR UND FREIZEIT","[34] Sport","[342] ...","3","34","342","[4] Ertrag","[4] ERTRAG","[46] Beiträge","[469] Uebrige Beiträge für eigene Rechnung","4","4","46","469","750.00"
"592","Schwanden b.B.","2010","[1] OEFFENTLICHE SICHERHEIT","[14] Wehrdienste","[140] Wehrdienste","1","14","140","[4] Ertrag","[4] ERTRAG","[48] Entnahmen aus Spezialfinanzierungen","[480] Entnahmen aus Spezialfinanzierungen","4","4","48","480","138.45"
"592","Schwanden b.B.","2010","[3] KULTUR UND FREIZEIT","[34] Sport","[342] ...","3","34","342","[4] Ertrag","[4] ERTRAG","[48] Entnahmen aus Spezialfinanzierungen","[480] Entnahmen aus Spezialfinanzierungen","4","4","48","480","6418.80"
"592","Schwanden b.B.","2010","[7] UMWELT UND RAUMORDNUNG","[70] Wasserversorgung","[700] Wasserversorgung","7","70","700","[4] Ertrag","[4] ERTRAG","[48] Entnahmen aus Spezialfinanzierungen","[480] Entnahmen aus Spezialfinanzierungen","4","4","48","480","35821.20"
"592","Schwanden b.B.","2010","[7] UMWELT UND RAUMORDNUNG","[71] Abwasserentsorgung","[710] Abwasserentsorgung","7","71","710","[4] Ertrag","[4] ERTRAG","[48] Entnahmen aus Spezialfinanzierungen","[480] Entnahmen aus Spezialfinanzierungen","4","4","48","480","91505.55"
"592","Schwanden b.B.","2010","[0] ALLGEMEINE VERWALTUNG","[02] Allgemeine Verwaltung","[029] Allgemeine Verwaltung","0","2","29","[4] Ertrag","[4] ERTRAG","[49] Interne Verrechnungen","[490] Verrechneter Aufwand","4","4","49","490","23500.00"
"592","Schwanden b.B.","2010","[6] VERKEHR","[62] Gemeindestrassen","[620] Gemeindestrassennetz","6","62","620","[4] Ertrag","[4] ERTRAG","[49] Interne Verrechnungen","[490] Verrechneter Aufwand","4","4","49","490","57400.00"
"592","Schwanden b.B.","2010","[9] FINANZEN UND STEUERN","[94] Vermögens- und Schuldenverwaltung","[944] Burgergut","9","94","944","[4] Ertrag","[4] ERTRAG","[49] Interne Verrechnungen","[491] Verrechnete Zinsen","4","4","49","491","15686.80"
"592","Schwanden b.B.","2010","[2] BILDUNG","[21] Volksschule","[217] Schulliegenschaften (Ki.garten sofern nicht zuteilbar, Prim + Sek 1)","2","21","217","[5] Ausgaben","[5] Ausgaben","[50] Sachgüter","[503] Hochbauten","5","5","50","503","35952.40"
"592","Schwanden b.B.","2010","[9] FINANZEN UND STEUERN","[94] Vermögens- und Schuldenverwaltung","[942] Liegenschaften des Finanzvermögens","9","94","942","[5] Ausgaben","[5] Ausgaben","[50] Sachgüter","[503] Hochbauten","5","5","50","503","2987.75"
"592","Schwanden b.B.","2010","[7] UMWELT UND RAUMORDNUNG","[75] Gewässerverbauungen","[750] Gewässerverbauungen","7","75","750","[5] Ausgaben","[5] Ausgaben","[56] Eigene Beiträge","[562] Gemeinden","5","5","56","562","131224.45"
"592","Schwanden b.B.","2010","[7] UMWELT UND RAUMORDNUNG","[79] Raumordnung","[790] Raumplanung","7","79","790","[5] Ausgaben","[5] Ausgaben","[56] Eigene Beiträge","[562] Gemeinden","5","5","56","562","13257.65"
"592","Schwanden b.B.","2010","[7] UMWELT UND RAUMORDNUNG","[75] Gewässerverbauungen","[750] Gewässerverbauungen","7","75","750","[5] Ausgaben","[5] Ausgaben","[57] Durchlaufende Beiträge","[572] Gemeinden","5","5","57","572","56122.25"
"592","Schwanden b.B.","2010","[7] UMWELT UND RAUMORDNUNG","[79] Raumordnung","[790] Raumplanung","7","79","790","[5] Ausgaben","[5] Ausgaben","[57] Durchlaufende Beiträge","[575] Private Institutionen","5","5","57","575","41220.95"
"592","Schwanden b.B.","2010","[1] OEFFENTLICHE SICHERHEIT","[10] Rechtsaufsicht","[100] Mass und Gewicht","1","10","100","[6] Einnahmen","[6] Einnahmen","[60] Abgang von Sachgütern","[600] Grundstücke","6","6","60","600","9448.65"
"592","Schwanden b.B.","2010","[3] KULTUR UND FREIZEIT","[34] Sport","[340] Sport","3","34","340","[6] Einnahmen","[6] Einnahmen","[62] Rückzahlung von Darlehen und Beteiligungen","[625] Private Institutionen","6","6","62","625","2500.00"
"592","Schwanden b.B.","2010","[3] KULTUR UND FREIZEIT","[30] Kulturförderung","[309] Uebrige Kulturförderung","3","30","309","[6] Einnahmen","[6] Einnahmen","[66] Beiträge für eigene Rechnung","[663] Eigene Anstalten","6","6","66","663","470.00"
"592","Schwanden b.B.","2010","[7] UMWELT UND RAUMORDNUNG","[79] Raumordnung","[790] Raumplanung","7","79","790","[6] Einnahmen","[6] Einnahmen","[67] Durchlaufende Beiträge","[671] Kanton","6","6","67","671","31069.35"
"592","Schwanden b.B.","2010","[9] FINANZEN UND STEUERN","[99] Nicht aufgeteilte Posten","[999] Abschluss","9","99","999","[6] Einnahmen","[6] Einnahmen","[69] Aktivierungen","[690] Aktivierte Ausgaben","6","6","69","690","589575.65"
"592","Schwanden b.B.","2010","[9] FINANZEN UND STEUERN","[94] Vermögens- und Schuldenverwaltung","[942] Liegenschaften des Finanzvermögens","9","94","942","[6] Einnahmen","[6] Einnahmen","[69] Aktivierungen","[695] Uebertrag Zugänge von Liegenschaften des Finanzvermögens","6","6","69","695","2987.75"
"592","Schwanden b.B.","2010","[4] GESUNDHEIT","[47] Lebensmittelkontrolle","[470] Lebensmittelkontrolle","4","47","470","[3] Aufwand","[3] AUFWAND","[35] Entschädigungen an Gemeinwesen","[352] Gemeinden","3","3","35","352","85.55"
"592","Schwanden b.B.","2010","[5] SOZIALE WOHLFAHRT","[50] Altersversicherung","[500] AHV-Zweigstelle","5","50","500","[3] Aufwand","[3] AUFWAND","[35] Entschädigungen an Gemeinwesen","[352] Gemeinden","3","3","35","352","6863.15"
"592","Schwanden b.B.","2010","[5] SOZIALE WOHLFAHRT","[58] Sozialhilfe","[589] Sozialbehörden, Sekretariat","5","58","589","[3] Aufwand","[3] AUFWAND","[35] Entschädigungen an Gemeinwesen","[352] Gemeinden","3","3","35","352","9528.70"
"592","Schwanden b.B.","2010","[9] FINANZEN UND STEUERN","[94] Vermögens- und Schuldenverwaltung","[944] Burgergut","9","94","944","[3] Aufwand","[3] AUFWAND","[35] Entschädigungen an Gemeinwesen","[352] Gemeinden","3","3","35","352","16000.00"
"592","Schwanden b.B.","2010","[1] OEFFENTLICHE SICHERHEIT","[16] Zivile Landesverteidigung","[160] Zivilschutz","1","16","160","[3] Aufwand","[3] AUFWAND","[36] Eigene Beiträge","[362] Gemeinden","3","3","36","362","8531.00"
"592","Schwanden b.B.","2010","[7] UMWELT UND RAUMORDNUNG","[70] Wasserversorgung","[700] Wasserversorgung","7","70","700","[3] Aufwand","[3] AUFWAND","[36] Eigene Beiträge","[362] Gemeinden","3","3","36","362","6780.50"
"592","Schwanden b.B.","2010","[7] UMWELT UND RAUMORDNUNG","[74] Friedhof und Bestattung","[740] Friedhof und Bestattung","7","74","740","[3] Aufwand","[3] AUFWAND","[36] Eigene Beiträge","[362] Gemeinden","3","3","36","362","14736.00"
"592","Schwanden b.B.","2010","[7] UMWELT UND RAUMORDNUNG","[79] Raumordnung","[790] Raumplanung","7","79","790","[3] Aufwand","[3] AUFWAND","[36] Eigene Beiträge","[362] Gemeinden","3","3","36","362","4201.80"
"592","Schwanden b.B.","2010","[9] FINANZEN UND STEUERN","[94] Vermögens- und Schuldenverwaltung","[944] Burgergut","9","94","944","[3] Aufwand","[3] AUFWAND","[36] Eigene Beiträge","[362] Gemeinden","3","3","36","362","1615.90"
"592","Schwanden b.B.","2010","[2] BILDUNG","[29] Uebriges Bildungswesen","[292] Erwachsenenbildung","2","29","292","[3] Aufwand","[3] AUFWAND","[36] Eigene Beiträge","[365] Private Institutionen","3","3","36","365","1866.60"
"592","Schwanden b.B.","2010","[3] KULTUR UND FREIZEIT","[34] Sport","[340] Sport","3","34","340","[3] Aufwand","[3] AUFWAND","[36] Eigene Beiträge","[365] Private Institutionen","3","3","36","365","1250.00"
"592","Schwanden b.B.","2010","[3] KULTUR UND FREIZEIT","[35] Uebrige Freizeitgestaltung","[350] Uebrige Freizeitgestaltung","3","35","350","[3] Aufwand","[3] AUFWAND","[36] Eigene Beiträge","[365] Private Institutionen","3","3","36","365","400.00"
"592","Schwanden b.B.","2010","[4] GESUNDHEIT","[44] Ambulante Krankenpflege","[440] Spitex/Krankenpflege","4","44","440","[3] Aufwand","[3] AUFWAND","[36] Eigene Beiträge","[365] Private Institutionen","3","3","36","365","150.00"
"592","Schwanden b.B.","2010","[5] SOZIALE WOHLFAHRT","[54] Jugendschutz","[541] Kinderheime und -krippen, Waisenhäuser","5","54","541","[3] Aufwand","[3] AUFWAND","[36] Eigene Beiträge","[365] Private Institutionen","3","3","36","365","100.00"
"592","Schwanden b.B.","2010","[6] VERKEHR","[62] Gemeindestrassen","[620] Gemeindestrassennetz","6","62","620","[3] Aufwand","[3] AUFWAND","[36] Eigene Beiträge","[365] Private Institutionen","3","3","36","365","12776.25"
"592","Schwanden b.B.","2010","[7] UMWELT UND RAUMORDNUNG","[70] Wasserversorgung","[700] Wasserversorgung","7","70","700","[3] Aufwand","[3] AUFWAND","[36] Eigene Beiträge","[365] Private Institutionen","3","3","36","365","110.00"
"592","Schwanden b.B.","2010","[8] VOLKSWIRTSCHAFT","[80] Landwirtschaft","[800] Landwirtschaft","8","80","800","[3] Aufwand","[3] AUFWAND","[36] Eigene Beiträge","[365] Private Institutionen","3","3","36","365","50.00"
"592","Schwanden b.B.","2010","[8] VOLKSWIRTSCHAFT","[83] Tourismus","[830] Tourismus","8","83","830","[3] Aufwand","[3] AUFWAND","[36] Eigene Beiträge","[365] Private Institutionen","3","3","36","365","3030.00"
"592","Schwanden b.B.","2010","[9] FINANZEN UND STEUERN","[94] Vermögens- und Schuldenverwaltung","[944] Burgergut","9","94","944","[3] Aufwand","[3] AUFWAND","[36] Eigene Beiträge","[365] Private Institutionen","3","3","36","365","2707.15"
"592","Schwanden b.B.","2010","[7] UMWELT UND RAUMORDNUNG","[75] Gewässerverbauungen","[750] Gewässerverbauungen","7","75","750","[3] Aufwand","[3] AUFWAND","[37] Durchlaufende Beiträge","[372] Gemeinden","3","3","37","372","60520.70"
"592","Schwanden b.B.","2010","[7] UMWELT UND RAUMORDNUNG","[71] Abwasserentsorgung","[710] Abwasserentsorgung","7","71","710","[3] Aufwand","[3] AUFWAND","[38] Einlagen in Spezialfinanzierungen","[380] Einlagen in Spezialfinanzierungen","3","3","38","380","109341.00"
"592","Schwanden b.B.","2010","[7] UMWELT UND RAUMORDNUNG","[72] Abfallentsorgung","[720] Abfallentsorgung","7","72","720","[3] Aufwand","[3] AUFWAND","[38] Einlagen in Spezialfinanzierungen","[380] Einlagen in Spezialfinanzierungen","3","3","38","380","1383.10"
"592","Schwanden b.B.","2010","[2] BILDUNG","[21] Volksschule","[217] Schulliegenschaften (Ki.garten sofern nicht zuteilbar, Prim + Sek 1)","2","21","217","[3] Aufwand","[3] AUFWAND","[39] Interne Verrechnungen","[390] Verrechneter Aufwand","3","3","39","390","22500.00"
"592","Schwanden b.B.","2010","[3] KULTUR UND FREIZEIT","[33] Parkanlagen und Wanderwege","[330] Parkanlagen und Wanderwege","3","33","330","[3] Aufwand","[3] AUFWAND","[39] Interne Verrechnungen","[390] Verrechneter Aufwand","3","3","39","390","1900.00"
"592","Schwanden b.B.","2010","[3] KULTUR UND FREIZEIT","[34] Sport","[341] ...","3","34","341","[3] Aufwand","[3] AUFWAND","[39] Interne Verrechnungen","[390] Verrechneter Aufwand","3","3","39","390","3000.00"
"592","Schwanden b.B.","2010","[5] SOZIALE WOHLFAHRT","[50] Altersversicherung","[500] AHV-Zweigstelle","5","50","500","[3] Aufwand","[3] AUFWAND","[39] Interne Verrechnungen","[390] Verrechneter Aufwand","3","3","39","390","500.00"
"592","Schwanden b.B.","2010","[7] UMWELT UND RAUMORDNUNG","[72] Abfallentsorgung","[720] Abfallentsorgung","7","72","720","[3] Aufwand","[3] AUFWAND","[39] Interne Verrechnungen","[390] Verrechneter Aufwand","3","3","39","390","19300.00"
"592","Schwanden b.B.","2010","[9] FINANZEN UND STEUERN","[94] Vermögens- und Schuldenverwaltung","[942] Liegenschaften des Finanzvermögens","9","94","942","[3] Aufwand","[3] AUFWAND","[39] Interne Verrechnungen","[390] Verrechneter Aufwand","3","3","39","390","3100.00"
"592","Schwanden b.B.","2010","[7] UMWELT UND RAUMORDNUNG","[72] Abfallentsorgung","[720] Abfallentsorgung","7","72","720","[3] Aufwand","[3] AUFWAND","[39] Interne Verrechnungen","[392] Verrechnete Abschreibungen","3","3","39","392","1019.15"
"592","Schwanden b.B.","2010","[9] FINANZEN UND STEUERN","[90] Steuern","[900] Obligatorische periodische Steuern","9","90","900","[4] Ertrag","[4] ERTRAG","[40] Steuern","[400] Einkommens- und Vermögenssteuern","4","4","40","400","964309.40"
"592","Schwanden b.B.","2010","[9] FINANZEN UND STEUERN","[90] Steuern","[903] Steuerabschreibungen","9","90","903","[4] Ertrag","[4] ERTRAG","[40] Steuern","[400] Einkommens- und Vermögenssteuern","4","4","40","400","1096.45"
"592","Schwanden b.B.","2010","[3] KULTUR UND FREIZEIT","[34] Sport","[341] ...","3","34","341","[4] Ertrag","[4] ERTRAG","[40] Steuern","[406] Besitz- und Aufwandsteuern","4","4","40","406","5002.80"
"592","Schwanden b.B.","2010","[9] FINANZEN UND STEUERN","[90] Steuern","[904] Fakultative Steuern und Abgaben","9","90","904","[4] Ertrag","[4] ERTRAG","[40] Steuern","[406] Besitz- und Aufwandsteuern","4","4","40","406","2000.00"
"592","Schwanden b.B.","2010","[9] FINANZEN UND STEUERN","[94] Vermögens- und Schuldenverwaltung","[940] Zinsen","9","94","940","[4] Ertrag","[4] ERTRAG","[42] Vermögenserträge","[421] Flüssige Mittel und Guthaben","4","4","42","421","6255.20"
"592","Schwanden b.B.","2010","[9] FINANZEN UND STEUERN","[94] Vermögens- und Schuldenverwaltung","[940] Zinsen","9","94","940","[4] Ertrag","[4] ERTRAG","[42] Vermögenserträge","[422] Anlagen des Finanzvermögens","4","4","42","422","24339.25"
"592","Schwanden b.B.","2010","[9] FINANZEN UND STEUERN","[94] Vermögens- und Schuldenverwaltung","[944] Burgergut","9","94","944","[4] Ertrag","[4] ERTRAG","[42] Vermögenserträge","[423] Liegenschaften des Finanzvermögens","4","4","42","423","36427.30"
"592","Schwanden b.B.","2010","[9] FINANZEN UND STEUERN","[94] Vermögens- und Schuldenverwaltung","[944] Burgergut","9","94","944","[4] Ertrag","[4] ERTRAG","[42] Vermögenserträge","[425] Darlehen des Verwaltungsvermögens","4","4","42","425","935.00"
"592","Schwanden b.B.","2010","[3] KULTUR UND FREIZEIT","[30] Kulturförderung","[309] Uebrige Kulturförderung","3","30","309","[4] Ertrag","[4] ERTRAG","[42] Vermögenserträge","[428] Einnahmeüberschuss der Investitionsrechnung","4","4","42","428","470.00"
"592","Schwanden b.B.","2010","[7] UMWELT UND RAUMORDNUNG","[70] Wasserversorgung","[700] Wasserversorgung","7","70","700","[4] Ertrag","[4] ERTRAG","[42] Vermögenserträge","[428] Einnahmeüberschuss der Investitionsrechnung","4","4","42","428","532.20"
"592","Schwanden b.B.","2010","[1] OEFFENTLICHE SICHERHEIT","[16] Zivile Landesverteidigung","[160] Zivilschutz","1","16","160","[4] Ertrag","[4] ERTRAG","[43] Entgelte","[430] Ersatzabgaben","4","4","43","430","2650.00"
"592","Schwanden b.B.","2010","[1] OEFFENTLICHE SICHERHEIT","[10] Rechtsaufsicht","[100] Mass und Gewicht","1","10","100","[4] Ertrag","[4] ERTRAG","[43] Entgelte","[431] Gebühren für Amtshandlungen","4","4","43","431","621.30"
"592","Schwanden b.B.","2010","[1] OEFFENTLICHE SICHERHEIT","[10] Rechtsaufsicht","[101] Uebrige Rechtspflege","1","10","101","[4] Ertrag","[4] ERTRAG","[43] Entgelte","[431] Gebühren für Amtshandlungen","4","4","43","431","21969.00"
"592","Schwanden b.B.","2010","[0] ALLGEMEINE VERWALTUNG","[02] Allgemeine Verwaltung","[029] Allgemeine Verwaltung","0","2","29","[4] Ertrag","[4] ERTRAG","[43] Entgelte","[434] Andere Benützungsgebühren und Dienstleistungen","4","4","43","434","1492.85"
"592","Schwanden b.B.","2010","[0] ALLGEMEINE VERWALTUNG","[09] Nicht aufteilbare Aufgaben","[090] Verwaltungsliegenschaften","0","9","90","[4] Ertrag","[4] ERTRAG","[43] Entgelte","[434] Andere Benützungsgebühren und Dienstleistungen","4","4","43","434","755.00"
"592","Schwanden b.B.","2010","[2] BILDUNG","[21] Volksschule","[217] Schulliegenschaften (Ki.garten sofern nicht zuteilbar, Prim + Sek 1)","2","21","217","[4] Ertrag","[4] ERTRAG","[43] Entgelte","[434] Andere Benützungsgebühren und Dienstleistungen","4","4","43","434","9246.50"
"592","Schwanden b.B.","2010","[7] UMWELT UND RAUMORDNUNG","[71] Abwasserentsorgung","[710] Abwasserentsorgung","7","71","710","[4] Ertrag","[4] ERTRAG","[43] Entgelte","[434] Andere Benützungsgebühren und Dienstleistungen","4","4","43","434","130608.90"
"592","Schwanden b.B.","2010","[7] UMWELT UND RAUMORDNUNG","[72] Abfallentsorgung","[720] Abfallentsorgung","7","72","720","[4] Ertrag","[4] ERTRAG","[43] Entgelte","[434] Andere Benützungsgebühren und Dienstleistungen","4","4","43","434","57610.20"
"592","Schwanden b.B.","2010","[7] UMWELT UND RAUMORDNUNG","[70] Wasserversorgung","[700] Wasserversorgung","7","70","700","[4] Ertrag","[4] ERTRAG","[43] Entgelte","[435] Uebrige Verkaufserlöse","4","4","43","435","79048.85"
"592","Schwanden b.B.","2010","[8] VOLKSWIRTSCHAFT","[81] Forstwirtschaft","[812] Holzernte","8","81","812","[4] Ertrag","[4] ERTRAG","[43] Entgelte","[435] Uebrige Verkaufserlöse","4","4","43","435","14667.50"
"592","Schwanden b.B.","2010","[8] VOLKSWIRTSCHAFT","[86] Energie","[860] Elektrizität","8","86","860","[4] Ertrag","[4] ERTRAG","[43] Entgelte","[435] Uebrige Verkaufserlöse","4","4","43","435","9749.20"
"592","Schwanden b.B.","2010","[9] FINANZEN UND STEUERN","[94] Vermögens- und Schuldenverwaltung","[942] Liegenschaften des Finanzvermögens","9","94","942","[4] Ertrag","[4] ERTRAG","[43] Entgelte","[435] Uebrige Verkaufserlöse","4","4","43","435","155.00"
"592","Schwanden b.B.","2010","[0] ALLGEMEINE VERWALTUNG","[01] Legislative und Exekutive","[011] Legislative","0","1","11","[4] Ertrag","[4] ERTRAG","[43] Entgelte","[436] Rückerstattungen","4","4","43","436","500.00"
"592","Schwanden b.B.","2010","[0] ALLGEMEINE VERWALTUNG","[02] Allgemeine Verwaltung","[029] Allgemeine Verwaltung","0","2","29","[4] Ertrag","[4] ERTRAG","[43] Entgelte","[436] Rückerstattungen","4","4","43","436","8550.26"
"592","Schwanden b.B.","2010","[0] ALLGEMEINE VERWALTUNG","[09] Nicht aufteilbare Aufgaben","[090] Verwaltungsliegenschaften","0","9","90","[4] Ertrag","[4] ERTRAG","[43] Entgelte","[436] Rückerstattungen","4","4","43","436","368.60"
"592","Schwanden b.B.","2010","[1] OEFFENTLICHE SICHERHEIT","[14] Wehrdienste","[140] Wehrdienste","1","14","140","[4] Ertrag","[4] ERTRAG","[43] Entgelte","[436] Rückerstattungen","4","4","43","436","866.50"
"592","Schwanden b.B.","2010","[2] BILDUNG","[21] Volksschule","[217] Schulliegenschaften (Ki.garten sofern nicht zuteilbar, Prim + Sek 1)","2","21","217","[4] Ertrag","[4] ERTRAG","[43] Entgelte","[436] Rückerstattungen","4","4","43","436","467.50"
"592","Schwanden b.B.","2010","[6] VERKEHR","[62] Gemeindestrassen","[620] Gemeindestrassennetz","6","62","620","[4] Ertrag","[4] ERTRAG","[43] Entgelte","[436] Rückerstattungen","4","4","43","436","3948.35"
"592","Schwanden b.B.","2010","[7] UMWELT UND RAUMORDNUNG","[72] Abfallentsorgung","[720] Abfallentsorgung","7","72","720","[4] Ertrag","[4] ERTRAG","[43] Entgelte","[436] Rückerstattungen","4","4","43","436","5337.10"
"592","Schwanden b.B.","2010","[5] SOZIALE WOHLFAHRT","[58] Sozialhilfe","[589] Sozialbehörden, Sekretariat","5","58","589","[4] Ertrag","[4] ERTRAG","[45] Rückerstattungen von Gemeinwesen","[452] Gemeinden","4","4","45","452","3631.65"
"592","Schwanden b.B.","2010","[8] VOLKSWIRTSCHAFT","[81] Forstwirtschaft","[810] Forstverwaltung","8","81","810","[4] Ertrag","[4] ERTRAG","[46] Beiträge","[460] Bund","4","4","46","460","168.05"
"592","Schwanden b.B.","2010","[1] OEFFENTLICHE SICHERHEIT","[16] Zivile Landesverteidigung","[160] Zivilschutz","1","16","160","[4] Ertrag","[4] ERTRAG","[46] Beiträge","[461] Kanton","4","4","46","461","700.00"
"592","Schwanden b.B.","2010","[8] VOLKSWIRTSCHAFT","[81] Forstwirtschaft","[812] Holzernte","8","81","812","[4] Ertrag","[4] ERTRAG","[46] Beiträge","[461] Kanton","4","4","46","461","7200.00"
"592","Schwanden b.B.","2010","[1] OEFFENTLICHE SICHERHEIT","[14] Wehrdienste","[140] Wehrdienste","1","14","140","[4] Ertrag","[4] ERTRAG","[47] Durchlaufende Beiträge","[472] Gemeinden","4","4","47","472","35029.95"
"592","Schwanden b.B.","2010","[7] UMWELT UND RAUMORDNUNG","[75] Gewässerverbauungen","[750] Gewässerverbauungen","7","75","750","[4] Ertrag","[4] ERTRAG","[47] Durchlaufende Beiträge","[472] Gemeinden","4","4","47","472","60520.70"
"592","Schwanden b.B.","2010","[1] OEFFENTLICHE SICHERHEIT","[16] Zivile Landesverteidigung","[160] Zivilschutz","1","16","160","[4] Ertrag","[4] ERTRAG","[48] Entnahmen aus Spezialfinanzierungen","[480] Entnahmen aus Spezialfinanzierungen","4","4","48","480","11303.00"
"592","Schwanden b.B.","2010","[0] ALLGEMEINE VERWALTUNG","[01] Legislative und Exekutive","[012] Exekutive","0","1","12","[4] Ertrag","[4] ERTRAG","[49] Interne Verrechnungen","[490] Verrechneter Aufwand","4","4","49","490","900.00"
"592","Schwanden b.B.","2010","[3] KULTUR UND FREIZEIT","[34] Sport","[342] ...","3","34","342","[4] Ertrag","[4] ERTRAG","[49] Interne Verrechnungen","[491] Verrechnete Zinsen","4","4","49","491","179.35"
"592","Schwanden b.B.","2010","[7] UMWELT UND RAUMORDNUNG","[70] Wasserversorgung","[700] Wasserversorgung","7","70","700","[4] Ertrag","[4] ERTRAG","[49] Interne Verrechnungen","[491] Verrechnete Zinsen","4","4","49","491","9001.10"
"592","Schwanden b.B.","2010","[7] UMWELT UND RAUMORDNUNG","[71] Abwasserentsorgung","[710] Abwasserentsorgung","7","71","710","[4] Ertrag","[4] ERTRAG","[49] Interne Verrechnungen","[491] Verrechnete Zinsen","4","4","49","491","9397.90"
"592","Schwanden b.B.","2010","[7] UMWELT UND RAUMORDNUNG","[72] Abfallentsorgung","[720] Abfallentsorgung","7","72","720","[4] Ertrag","[4] ERTRAG","[49] Interne Verrechnungen","[491] Verrechnete Zinsen","4","4","49","491","148.80"
"592","Schwanden b.B.","2010","[9] FINANZEN UND STEUERN","[99] Nicht aufgeteilte Posten","[990] Abschreibungen","9","99","990","[4] Ertrag","[4] ERTRAG","[49] Interne Verrechnungen","[492] Verrechnete Abschreibungen","4","4","49","492","1389.65"
"592","Schwanden b.B.","2010","[1] OEFFENTLICHE SICHERHEIT","[10] Rechtsaufsicht","[100] Mass und Gewicht","1","10","100","[5] Ausgaben","[5] Ausgaben","[50] Sachgüter","[500] Grundstücke","5","5","50","500","21443.20"
"592","Schwanden b.B.","2010","[6] VERKEHR","[62] Gemeindestrassen","[620] Gemeindestrassennetz","6","62","620","[5] Ausgaben","[5] Ausgaben","[50] Sachgüter","[501] Tiefbauten","5","5","50","501","19449.50"
"592","Schwanden b.B.","2010","[7] UMWELT UND RAUMORDNUNG","[70] Wasserversorgung","[700] Wasserversorgung","7","70","700","[5] Ausgaben","[5] Ausgaben","[50] Sachgüter","[501] Tiefbauten","5","5","50","501","1167.80"
"592","Schwanden b.B.","2010","[7] UMWELT UND RAUMORDNUNG","[71] Abwasserentsorgung","[710] Abwasserentsorgung","7","71","710","[5] Ausgaben","[5] Ausgaben","[50] Sachgüter","[501] Tiefbauten","5","5","50","501","47831.30"
"592","Schwanden b.B.","2010","[6] VERKEHR","[62] Gemeindestrassen","[620] Gemeindestrassennetz","6","62","620","[5] Ausgaben","[5] Ausgaben","[50] Sachgüter","[506] Mobilien, Maschinen, Fahrzeuge","5","5","50","506","201906.15"
"592","Schwanden b.B.","2010","[9] FINANZEN UND STEUERN","[94] Vermögens- und Schuldenverwaltung","[944] Burgergut","9","94","944","[5] Ausgaben","[5] Ausgaben","[52] Darlehen und Beteiligungen","[522] Gemeinden","5","5","52","522","20000.00"
"592","Schwanden b.B.","2010","[9] FINANZEN UND STEUERN","[99] Nicht aufgeteilte Posten","[999] Abschluss","9","99","999","[5] Ausgaben","[5] Ausgaben","[59] Passivierungen","[590] Passivierte Einnahmen","5","5","59","590","132932.10"
"592","Schwanden b.B.","2010","[9] FINANZEN UND STEUERN","[99] Nicht aufgeteilte Posten","[999] Abschluss","9","99","999","[5] Ausgaben","[5] Ausgaben","[59] Passivierungen","[592] Uebertrag Einnahmenüberschuss in die Laufende Rechnung","5","5","59","592","1002.20"
"592","Schwanden b.B.","2010","[6] VERKEHR","[62] Gemeindestrassen","[620] Gemeindestrassennetz","6","62","620","[6] Einnahmen","[6] Einnahmen","[60] Abgang von Sachgütern","[606] Mobilien, Maschinen, Fahrzeuge","6","6","60","606","20000.00"
"592","Schwanden b.B.","2010","[7] UMWELT UND RAUMORDNUNG","[70] Wasserversorgung","[700] Wasserversorgung","7","70","700","[6] Einnahmen","[6] Einnahmen","[61] Nutzungsabgaben und Vorteilsentgelte","[610] Beiträge Dritter für eigene Rechnung","6","6","61","610","1700.00"
"592","Schwanden b.B.","2010","[7] UMWELT UND RAUMORDNUNG","[71] Abwasserentsorgung","[710] Abwasserentsorgung","7","71","710","[6] Einnahmen","[6] Einnahmen","[61] Nutzungsabgaben und Vorteilsentgelte","[610] Beiträge Dritter für eigene Rechnung","6","6","61","610","2472.45"
"592","Schwanden b.B.","2010","[7] UMWELT UND RAUMORDNUNG","[75] Gewässerverbauungen","[750] Gewässerverbauungen","7","75","750","[6] Einnahmen","[6] Einnahmen","[67] Durchlaufende Beiträge","[672] Gemeinden","6","6","67","672","56122.25"
"592","Schwanden b.B.","2010","[7] UMWELT UND RAUMORDNUNG","[79] Raumordnung","[790] Raumplanung","7","79","790","[6] Einnahmen","[6] Einnahmen","[67] Durchlaufende Beiträge","[672] Gemeinden","6","6","67","672","10151.60"
"592","Schwanden b.B.","2006","","","","","","","[1] Aktiven","[10] Finanzvermögen","[100] Flüssige Mittel","","1","10","100","","208846.40"
"592","Schwanden b.B.","2006","","","","","","","[1] Aktiven","[10] Finanzvermögen","[102] Anlagen","","1","10","102","","2192170.50"
"592","Schwanden b.B.","2006","","","","","","","[1] Aktiven","[11] Verwaltungsvermögen","[114] Sachgüter","","1","11","114","","755945.35"
"592","Schwanden b.B.","2006","","","","","","","[1] Aktiven","[11] Verwaltungsvermögen","[117] Uebrige aktiverte Ausgaben","","1","11","117","","43187.80"
"592","Schwanden b.B.","2006","","","","","","","[2] Passiven","[20] Fremdkapital","[200] Laufende Verpflichtungen","","2","20","200","","156598.35"
"592","Schwanden b.B.","2006","","","","","","","[2] Passiven","[20] Fremdkapital","[202] Mittel- und langfristige Schulden","","2","20","202","","187650.00"
"592","Schwanden b.B.","2006","","","","","","","[2] Passiven","[20] Fremdkapital","[205] Transitorische Passiven","","2","20","205","","982.00"
"592","Schwanden b.B.","2006","","","","","","","[2] Passiven","[23] Eigenkapital","[239] Eigenkapital","","2","23","239","","645281.89"
"592","Schwanden b.B.","2006","[0] ALLGEMEINE VERWALTUNG","[02] Allgemeine Verwaltung","[029] Allgemeine Verwaltung","0","2","29","[3] Aufwand","[3] AUFWAND","[30] Personalaufwand","","3","3","30","","196153.20"
"592","Schwanden b.B.","2006","[0] ALLGEMEINE VERWALTUNG","[09] Nicht aufteilbare Aufgaben","[090] Verwaltungsliegenschaften","0","9","90","[3] Aufwand","[3] AUFWAND","[30] Personalaufwand","","3","3","30","","5299.40"
"592","Schwanden b.B.","2006","[2] BILDUNG","[21] Volksschule","[217] Schulliegenschaften (Ki.garten sofern nicht zuteilbar, Prim + Sek 1)","2","21","217","[3] Aufwand","[3] AUFWAND","[30] Personalaufwand","","3","3","30","","17854.20"
"592","Schwanden b.B.","2006","[3] KULTUR UND FREIZEIT","[30] Kulturförderung","[309] Uebrige Kulturförderung","3","30","309","[3] Aufwand","[3] AUFWAND","[30] Personalaufwand","","3","3","30","","960.00"
"592","Schwanden b.B.","2006","[3] KULTUR UND FREIZEIT","[34] Sport","[341] ...","3","34","341","[3] Aufwand","[3] AUFWAND","[30] Personalaufwand","","3","3","30","","1301.10"
"592","Schwanden b.B.","2006","[4] GESUNDHEIT","[40] Spitäler","[400] Spitäler","4","40","400","[3] Aufwand","[3] AUFWAND","[30] Personalaufwand","","3","3","30","","51.00"
"592","Schwanden b.B.","2006","[7] UMWELT UND RAUMORDNUNG","[72] Abfallentsorgung","[720] Abfallentsorgung","7","72","720","[3] Aufwand","[3] AUFWAND","[30] Personalaufwand","","3","3","30","","1000.00"
"592","Schwanden b.B.","2006","[8] VOLKSWIRTSCHAFT","[81] Forstwirtschaft","[810] Forstverwaltung","8","81","810","[3] Aufwand","[3] AUFWAND","[30] Personalaufwand","","3","3","30","","300.00"
"592","Schwanden b.B.","2006","[0] ALLGEMEINE VERWALTUNG","[01] Legislative und Exekutive","[012] Exekutive","0","1","12","[3] Aufwand","[3] AUFWAND","[31] Sachaufwand","","3","3","31","","15894.55"
"592","Schwanden b.B.","2006","[0] ALLGEMEINE VERWALTUNG","[09] Nicht aufteilbare Aufgaben","[091] ...","0","9","91","[3] Aufwand","[3] AUFWAND","[31] Sachaufwand","","3","3","31","","1466.55"
"592","Schwanden b.B.","2006","[1] OEFFENTLICHE SICHERHEIT","[16] Zivile Landesverteidigung","[160] Zivilschutz","1","16","160","[3] Aufwand","[3] AUFWAND","[31] Sachaufwand","","3","3","31","","4624.85"
"592","Schwanden b.B.","2006","[3] KULTUR UND FREIZEIT","[33] Parkanlagen und Wanderwege","[330] Parkanlagen und Wanderwege","3","33","330","[3] Aufwand","[3] AUFWAND","[31] Sachaufwand","","3","3","31","","4069.50"
"592","Schwanden b.B.","2006","[4] GESUNDHEIT","[47] Lebensmittelkontrolle","[470] Lebensmittelkontrolle","4","47","470","[3] Aufwand","[3] AUFWAND","[31] Sachaufwand","","3","3","31","","61.70"
"592","Schwanden b.B.","2006","[5] SOZIALE WOHLFAHRT","[58] Sozialhilfe","[589] Sozialbehörden, Sekretariat","5","58","589","[3] Aufwand","[3] AUFWAND","[31] Sachaufwand","","3","3","31","","150.00"
"592","Schwanden b.B.","2006","[7] UMWELT UND RAUMORDNUNG","[70] Wasserversorgung","[700] Wasserversorgung","7","70","700","[3] Aufwand","[3] AUFWAND","[31] Sachaufwand","","3","3","31","","6629.90"
"592","Schwanden b.B.","2006","[7] UMWELT UND RAUMORDNUNG","[74] Friedhof und Bestattung","[740] Friedhof und Bestattung","7","74","740","[3] Aufwand","[3] AUFWAND","[31] Sachaufwand","","3","3","31","","258.20"
"592","Schwanden b.B.","2006","[7] UMWELT UND RAUMORDNUNG","[78] Uebriger Umweltschutz","[780] Oeffentliche Toiletten","7","78","780","[3] Aufwand","[3] AUFWAND","[31] Sachaufwand","","3","3","31","","1221.50"
"592","Schwanden b.B.","2006","[8] VOLKSWIRTSCHAFT","[81] Forstwirtschaft","[812] Holzernte","8","81","812","[3] Aufwand","[3] AUFWAND","[31] Sachaufwand","","3","3","31","","6997.95"
"592","Schwanden b.B.","2006","[9] FINANZEN UND STEUERN","[94] Vermögens- und Schuldenverwaltung","[944] Burgergut","9","94","944","[3] Aufwand","[3] AUFWAND","[31] Sachaufwand","","3","3","31","","31185.00"
"592","Schwanden b.B.","2006","[9] FINANZEN UND STEUERN","[94] Vermögens- und Schuldenverwaltung","[940] Zinsen","9","94","940","[3] Aufwand","[3] AUFWAND","[32] Passivzinsen","","3","3","32","","2883.85"
"592","Schwanden b.B.","2006","[1] OEFFENTLICHE SICHERHEIT","[14] Wehrdienste","[140] Wehrdienste","1","14","140","[3] Aufwand","[3] AUFWAND","[33] Abschreibungen","","3","3","33","","1295.15"
"592","Schwanden b.B.","2006","[9] FINANZEN UND STEUERN","[99] Nicht aufgeteilte Posten","[990] Abschreibungen","9","99","990","[3] Aufwand","[3] AUFWAND","[33] Abschreibungen","","3","3","33","","83934.45"
"592","Schwanden b.B.","2006","[0] ALLGEMEINE VERWALTUNG","[02] Allgemeine Verwaltung","[029] Allgemeine Verwaltung","0","2","29","[3] Aufwand","[3] AUFWAND","[35] Entschädigungen an Gemeinwesen","","3","3","35","","10686.45"
"592","Schwanden b.B.","2006","[1] OEFFENTLICHE SICHERHEIT","[10] Rechtsaufsicht","[101] Uebrige Rechtspflege","1","10","101","[3] Aufwand","[3] AUFWAND","[35] Entschädigungen an Gemeinwesen","","3","3","35","","1732.10"
"592","Schwanden b.B.","2006","[2] BILDUNG","[21] Volksschule","[219] Nicht Aufteilbares, Volksschule, Tagesschule","2","21","219","[3] Aufwand","[3] AUFWAND","[35] Entschädigungen an Gemeinwesen","","3","3","35","","290621.75"
"592","Schwanden b.B.","2006","[4] GESUNDHEIT","[44] Ambulante Krankenpflege","[440] Spitex/Krankenpflege","4","44","440","[3] Aufwand","[3] AUFWAND","[35] Entschädigungen an Gemeinwesen","","3","3","35","","500.00"
"592","Schwanden b.B.","2006","[5] SOZIALE WOHLFAHRT","[50] Altersversicherung","[500] AHV-Zweigstelle","5","50","500","[3] Aufwand","[3] AUFWAND","[35] Entschädigungen an Gemeinwesen","","3","3","35","","8799.80"
"592","Schwanden b.B.","2006","[7] UMWELT UND RAUMORDNUNG","[72] Abfallentsorgung","[720] Abfallentsorgung","7","72","720","[3] Aufwand","[3] AUFWAND","[35] Entschädigungen an Gemeinwesen","","3","3","35","","2031.35"
"592","Schwanden b.B.","2006","[1] OEFFENTLICHE SICHERHEIT","[16] Zivile Landesverteidigung","[160] Zivilschutz","1","16","160","[3] Aufwand","[3] AUFWAND","[36] Eigene Beiträge","","3","3","36","","8127.00"
"592","Schwanden b.B.","2006","[3] KULTUR UND FREIZEIT","[30] Kulturförderung","[309] Uebrige Kulturförderung","3","30","309","[3] Aufwand","[3] AUFWAND","[36] Eigene Beiträge","","3","3","36","","2432.00"
"592","Schwanden b.B.","2006","[3] KULTUR UND FREIZEIT","[33] Parkanlagen und Wanderwege","[330] Parkanlagen und Wanderwege","3","33","330","[3] Aufwand","[3] AUFWAND","[36] Eigene Beiträge","","3","3","36","","184.50"
"592","Schwanden b.B.","2006","[3] KULTUR UND FREIZEIT","[34] Sport","[340] Sport","3","34","340","[3] Aufwand","[3] AUFWAND","[36] Eigene Beiträge","","3","3","36","","1600.00"
"592","Schwanden b.B.","2006","[5] SOZIALE WOHLFAHRT","[51] Invalidenversicherung","[510] Gemeindeanteil am Beitrag des Kantons für die IV","5","51","510","[3] Aufwand","[3] AUFWAND","[36] Eigene Beiträge","","3","3","36","","34693.00"
"592","Schwanden b.B.","2006","[5] SOZIALE WOHLFAHRT","[58] Sozialhilfe","[582] Weitere Wohlfahrts-, Vor- + Fürsorgeeinrichtungen","5","58","582","[3] Aufwand","[3] AUFWAND","[36] Eigene Beiträge","","3","3","36","","385.70"
"592","Schwanden b.B.","2006","[5] SOZIALE WOHLFAHRT","[58] Sozialhilfe","[584] Dem Lastenausgleich unterlieg.Pers'kosten Sozialarbeiter","5","58","584","[3] Aufwand","[3] AUFWAND","[36] Eigene Beiträge","","3","3","36","","12350.65"
"592","Schwanden b.B.","2006","[6] VERKEHR","[65] Regionalverkehr","[650] Regionalverkehrsbetriebe","6","65","650","[3] Aufwand","[3] AUFWAND","[36] Eigene Beiträge","","3","3","36","","33544.00"
"592","Schwanden b.B.","2006","[7] UMWELT UND RAUMORDNUNG","[70] Wasserversorgung","[700] Wasserversorgung","7","70","700","[3] Aufwand","[3] AUFWAND","[36] Eigene Beiträge","","3","3","36","","8065.00"
"592","Schwanden b.B.","2006","[7] UMWELT UND RAUMORDNUNG","[74] Friedhof und Bestattung","[740] Friedhof und Bestattung","7","74","740","[3] Aufwand","[3] AUFWAND","[36] Eigene Beiträge","","3","3","36","","17284.00"
"592","Schwanden b.B.","2006","[7] UMWELT UND RAUMORDNUNG","[79] Raumordnung","[790] Raumplanung","7","79","790","[3] Aufwand","[3] AUFWAND","[36] Eigene Beiträge","","3","3","36","","3867.05"
"592","Schwanden b.B.","2006","[8] VOLKSWIRTSCHAFT","[83] Tourismus","[830] Tourismus","8","83","830","[3] Aufwand","[3] AUFWAND","[36] Eigene Beiträge","","3","3","36","","3000.00"
"592","Schwanden b.B.","2006","[9] FINANZEN UND STEUERN","[94] Vermögens- und Schuldenverwaltung","[944] Burgergut","9","94","944","[3] Aufwand","[3] AUFWAND","[36] Eigene Beiträge","","3","3","36","","2952.35"
"592","Schwanden b.B.","2006","[7] UMWELT UND RAUMORDNUNG","[75] Gewässerverbauungen","[750] Gewässerverbauungen","7","75","750","[3] Aufwand","[3] AUFWAND","[37] Durchlaufende Beiträge","","3","3","37","","53946.65"
"592","Schwanden b.B.","2006","[3] KULTUR UND FREIZEIT","[34] Sport","[341] ...","3","34","341","[3] Aufwand","[3] AUFWAND","[38] Einlagen in Spezialfinanzierungen","","3","3","38","","1124.10"
"592","Schwanden b.B.","2006","[7] UMWELT UND RAUMORDNUNG","[72] Abfallentsorgung","[720] Abfallentsorgung","7","72","720","[3] Aufwand","[3] AUFWAND","[38] Einlagen in Spezialfinanzierungen","","3","3","38","","1650.70"
"592","Schwanden b.B.","2006","[1] OEFFENTLICHE SICHERHEIT","[16] Zivile Landesverteidigung","[160] Zivilschutz","1","16","160","[3] Aufwand","[3] AUFWAND","[39] Interne Verrechnungen","","3","3","39","","1000.00"
"592","Schwanden b.B.","2006","[7] UMWELT UND RAUMORDNUNG","[70] Wasserversorgung","[700] Wasserversorgung","7","70","700","[3] Aufwand","[3] AUFWAND","[39] Interne Verrechnungen","","3","3","39","","7000.00"
"592","Schwanden b.B.","2006","[9] FINANZEN UND STEUERN","[94] Vermögens- und Schuldenverwaltung","[944] Burgergut","9","94","944","[3] Aufwand","[3] AUFWAND","[39] Interne Verrechnungen","","3","3","39","","7564.75"
"592","Schwanden b.B.","2006","[9] FINANZEN UND STEUERN","[90] Steuern","[901] Obligatorische aperiodische Steuern","9","90","901","[4] Ertrag","[4] ERTRAG","[40] Steuern","","4","4","40","","24081.00"
"592","Schwanden b.B.","2006","[9] FINANZEN UND STEUERN","[90] Steuern","[904] Fakultative Steuern und Abgaben","9","90","904","[4] Ertrag","[4] ERTRAG","[40] Steuern","","4","4","40","","1700.00"
"592","Schwanden b.B.","2006","[3] KULTUR UND FREIZEIT","[30] Kulturförderung","[309] Uebrige Kulturförderung","3","30","309","[4] Ertrag","[4] ERTRAG","[42] Vermögenserträge","","4","4","42","","819.90"
"592","Schwanden b.B.","2006","[7] UMWELT UND RAUMORDNUNG","[70] Wasserversorgung","[700] Wasserversorgung","7","70","700","[4] Ertrag","[4] ERTRAG","[42] Vermögenserträge","","4","4","42","","7956.30"
"592","Schwanden b.B.","2006","[9] FINANZEN UND STEUERN","[94] Vermögens- und Schuldenverwaltung","[942] Liegenschaften des Finanzvermögens","9","94","942","[4] Ertrag","[4] ERTRAG","[42] Vermögenserträge","","4","4","42","","33931.50"
"592","Schwanden b.B.","2006","[9] FINANZEN UND STEUERN","[94] Vermögens- und Schuldenverwaltung","[944] Burgergut","9","94","944","[4] Ertrag","[4] ERTRAG","[42] Vermögenserträge","","4","4","42","","38176.95"
"592","Schwanden b.B.","2006","[0] ALLGEMEINE VERWALTUNG","[01] Legislative und Exekutive","[011] Legislative","0","1","11","[4] Ertrag","[4] ERTRAG","[43] Entgelte","","4","4","43","","500.00"
"592","Schwanden b.B.","2006","[0] ALLGEMEINE VERWALTUNG","[02] Allgemeine Verwaltung","[029] Allgemeine Verwaltung","0","2","29","[4] Ertrag","[4] ERTRAG","[43] Entgelte","","4","4","43","","5291.10"
"592","Schwanden b.B.","2006","[0] ALLGEMEINE VERWALTUNG","[09] Nicht aufteilbare Aufgaben","[090] Verwaltungsliegenschaften","0","9","90","[4] Ertrag","[4] ERTRAG","[43] Entgelte","","4","4","43","","979.20"
"592","Schwanden b.B.","2006","[0] ALLGEMEINE VERWALTUNG","[09] Nicht aufteilbare Aufgaben","[091] ...","0","9","91","[4] Ertrag","[4] ERTRAG","[43] Entgelte","","4","4","43","","3978.00"
"592","Schwanden b.B.","2006","[1] OEFFENTLICHE SICHERHEIT","[10] Rechtsaufsicht","[101] Uebrige Rechtspflege","1","10","101","[4] Ertrag","[4] ERTRAG","[43] Entgelte","","4","4","43","","20442.20"
"592","Schwanden b.B.","2006","[1] OEFFENTLICHE SICHERHEIT","[15] Militärische Landesverteidigung","[151] Militär","1","15","151","[4] Ertrag","[4] ERTRAG","[43] Entgelte","","4","4","43","","718.15"
"592","Schwanden b.B.","2006","[2] BILDUNG","[21] Volksschule","[217] Schulliegenschaften (Ki.garten sofern nicht zuteilbar, Prim + Sek 1)","2","21","217","[4] Ertrag","[4] ERTRAG","[43] Entgelte","","4","4","43","","2575.80"
"592","Schwanden b.B.","2006","[2] BILDUNG","[29] Uebriges Bildungswesen","[292] Erwachsenenbildung","2","29","292","[4] Ertrag","[4] ERTRAG","[43] Entgelte","","4","4","43","","38.30"
"592","Schwanden b.B.","2006","[5] SOZIALE WOHLFAHRT","[58] Sozialhilfe","[583] Asylwesen","5","58","583","[4] Ertrag","[4] ERTRAG","[43] Entgelte","","4","4","43","","2690.05"
"592","Schwanden b.B.","2006","[5] SOZIALE WOHLFAHRT","[58] Sozialhilfe","[588] Arbeitslosenfürsorge","5","58","588","[4] Ertrag","[4] ERTRAG","[43] Entgelte","","4","4","43","","1419.95"
"592","Schwanden b.B.","2006","[6] VERKEHR","[62] Gemeindestrassen","[620] Gemeindestrassennetz","6","62","620","[4] Ertrag","[4] ERTRAG","[43] Entgelte","","4","4","43","","8065.80"
"592","Schwanden b.B.","2006","[7] UMWELT UND RAUMORDNUNG","[70] Wasserversorgung","[700] Wasserversorgung","7","70","700","[4] Ertrag","[4] ERTRAG","[43] Entgelte","","4","4","43","","79818.40"
"592","Schwanden b.B.","2006","[7] UMWELT UND RAUMORDNUNG","[71] Abwasserentsorgung","[710] Abwasserentsorgung","7","71","710","[4] Ertrag","[4] ERTRAG","[43] Entgelte","","4","4","43","","125028.75"
"592","Schwanden b.B.","2006","[7] UMWELT UND RAUMORDNUNG","[75] Gewässerverbauungen","[750] Gewässerverbauungen","7","75","750","[4] Ertrag","[4] ERTRAG","[43] Entgelte","","4","4","43","","1500.00"
"592","Schwanden b.B.","2006","[1] OEFFENTLICHE SICHERHEIT","[10] Rechtsaufsicht","[101] Uebrige Rechtspflege","1","10","101","[4] Ertrag","[4] ERTRAG","[45] Rückerstattungen von Gemeinwesen","","4","4","45","","807.05"
"592","Schwanden b.B.","2006","[5] SOZIALE WOHLFAHRT","[58] Sozialhilfe","[583] Asylwesen","5","58","583","[4] Ertrag","[4] ERTRAG","[45] Rückerstattungen von Gemeinwesen","","4","4","45","","2348.97"
"592","Schwanden b.B.","2006","[3] KULTUR UND FREIZEIT","[34] Sport","[342] ...","3","34","342","[4] Ertrag","[4] ERTRAG","[46] Beiträge","","4","4","46","","18778.90"
"592","Schwanden b.B.","2006","[6] VERKEHR","[62] Gemeindestrassen","[620] Gemeindestrassennetz","6","62","620","[4] Ertrag","[4] ERTRAG","[46] Beiträge","","4","4","46","","47511.00"
"592","Schwanden b.B.","2006","[8] VOLKSWIRTSCHAFT","[80] Landwirtschaft","[800] Landwirtschaft","8","80","800","[4] Ertrag","[4] ERTRAG","[46] Beiträge","","4","4","46","","42.00"
"592","Schwanden b.B.","2006","[1] OEFFENTLICHE SICHERHEIT","[14] Wehrdienste","[140] Wehrdienste","1","14","140","[4] Ertrag","[4] ERTRAG","[47] Durchlaufende Beiträge","","4","4","47","","21161.85"
"592","Schwanden b.B.","2006","[1] OEFFENTLICHE SICHERHEIT","[16] Zivile Landesverteidigung","[160] Zivilschutz","1","16","160","[4] Ertrag","[4] ERTRAG","[48] Entnahmen aus Spezialfinanzierungen","","4","4","48","","11772.00"
"592","Schwanden b.B.","2006","[3] KULTUR UND FREIZEIT","[34] Sport","[342] ...","3","34","342","[4] Ertrag","[4] ERTRAG","[48] Entnahmen aus Spezialfinanzierungen","","4","4","48","","3206.80"
"592","Schwanden b.B.","2006","[0] ALLGEMEINE VERWALTUNG","[02] Allgemeine Verwaltung","[029] Allgemeine Verwaltung","0","2","29","[4] Ertrag","[4] ERTRAG","[49] Interne Verrechnungen","","4","4","49","","22300.00"
"592","Schwanden b.B.","2006","[3] KULTUR UND FREIZEIT","[34] Sport","[341] ...","3","34","341","[4] Ertrag","[4] ERTRAG","[49] Interne Verrechnungen","","4","4","49","","22.50"
"592","Schwanden b.B.","2006","[6] VERKEHR","[62] Gemeindestrassen","[620] Gemeindestrassennetz","6","62","620","[4] Ertrag","[4] ERTRAG","[49] Interne Verrechnungen","","4","4","49","","52200.00"
"592","Schwanden b.B.","2006","[7] UMWELT UND RAUMORDNUNG","[71] Abwasserentsorgung","[710] Abwasserentsorgung","7","71","710","[4] Ertrag","[4] ERTRAG","[49] Interne Verrechnungen","","4","4","49","","6798.00"
"592","Schwanden b.B.","2006","[9] FINANZEN UND STEUERN","[94] Vermögens- und Schuldenverwaltung","[940] Zinsen","9","94","940","[4] Ertrag","[4] ERTRAG","[49] Interne Verrechnungen","","4","4","49","","116.00"
"592","Schwanden b.B.","2006","[9] FINANZEN UND STEUERN","[99] Nicht aufgeteilte Posten","[990] Abschreibungen","9","99","990","[4] Ertrag","[4] ERTRAG","[49] Interne Verrechnungen","","4","4","49","","1976.90"
"592","Schwanden b.B.","2006","[1] OEFFENTLICHE SICHERHEIT","[10] Rechtsaufsicht","[100] Mass und Gewicht","1","10","100","[5] Ausgaben","[5] Ausgaben","[50] Sachgüter","","5","5","50","","24228.95"
"592","Schwanden b.B.","2006","[3] KULTUR UND FREIZEIT","[33] Parkanlagen und Wanderwege","[330] Parkanlagen und Wanderwege","3","33","330","[5] Ausgaben","[5] Ausgaben","[50] Sachgüter","","5","5","50","","5000.00"
"592","Schwanden b.B.","2006","[9] FINANZEN UND STEUERN","[99] Nicht aufgeteilte Posten","[999] Abschluss","9","99","999","[5] Ausgaben","[5] Ausgaben","[59] Passivierungen","","5","5","59","","71986.30"
"592","Schwanden b.B.","2006","[8] VOLKSWIRTSCHAFT","[81] Forstwirtschaft","[811] Kulturen, Pflegemassnahmen","8","81","811","[6] Einnahmen","[6] Einnahmen","[60] Abgang von Sachgütern","","6","6","60","","28117.15"
"592","Schwanden b.B.","2006","[3] KULTUR UND FREIZEIT","[34] Sport","[340] Sport","3","34","340","[6] Einnahmen","[6] Einnahmen","[62] Rückzahlung von Darlehen und Beteiligungen","","6","6","62","","5500.00"
"592","Schwanden b.B.","2006","[6] VERKEHR","[62] Gemeindestrassen","[620] Gemeindestrassennetz","6","62","620","[6] Einnahmen","[6] Einnahmen","[63] Rückerstattungen für Sachgüter","","6","6","63","","8800.00"
"592","Schwanden b.B.","2007","","","","","","","[1] Aktiven","[10] Finanzvermögen","[100] Flüssige Mittel","","1","10","100","","101545.76"
"592","Schwanden b.B.","2006","","","","","","","[1] Aktiven","[10] Finanzvermögen","[101] Guthaben","","1","10","101","","629121.55"
"592","Schwanden b.B.","2006","","","","","","","[1] Aktiven","[10] Finanzvermögen","[103] Transitorische Aktiven","","1","10","103","","19503.25"
"592","Schwanden b.B.","2006","","","","","","","[1] Aktiven","[11] Verwaltungsvermögen","[115] Darlehen und Beteiligungen","","1","11","115","","38506.00"
"592","Schwanden b.B.","2006","","","","","","","[1] Aktiven","[11] Verwaltungsvermögen","[116] Investitionsbeiträge","","1","11","116","","28289.15"
"592","Schwanden b.B.","2006","","","","","","","[2] Passiven","[20] Fremdkapital","[203] Verpflichtungen für Sonderrechnungen","","2","20","203","","9788.50"
"592","Schwanden b.B.","2006","","","","","","","[2] Passiven","[20] Fremdkapital","[204] Rückstellungen","","2","20","204","","109324.85"
"592","Schwanden b.B.","2006","","","","","","","[2] Passiven","[22] Spezialfinanzierungen","[228] Verpflichtungen für Spezialfinanzierungen","","2","22","228","","2805944.41"
"592","Schwanden b.B.","2006","[0] ALLGEMEINE VERWALTUNG","[01] Legislative und Exekutive","[011] Legislative","0","1","11","[3] Aufwand","[3] AUFWAND","[30] Personalaufwand","","3","3","30","","6237.00"
"592","Schwanden b.B.","2006","[0] ALLGEMEINE VERWALTUNG","[01] Legislative und Exekutive","[012] Exekutive","0","1","12","[3] Aufwand","[3] AUFWAND","[30] Personalaufwand","","3","3","30","","14503.85"
"592","Schwanden b.B.","2006","[1] OEFFENTLICHE SICHERHEIT","[10] Rechtsaufsicht","[101] Uebrige Rechtspflege","1","10","101","[3] Aufwand","[3] AUFWAND","[30] Personalaufwand","","3","3","30","","45.60"
"592","Schwanden b.B.","2006","[4] GESUNDHEIT","[47] Lebensmittelkontrolle","[470] Lebensmittelkontrolle","4","47","470","[3] Aufwand","[3] AUFWAND","[30] Personalaufwand","","3","3","30","","571.20"
"592","Schwanden b.B.","2006","[5] SOZIALE WOHLFAHRT","[58] Sozialhilfe","[589] Sozialbehörden, Sekretariat","5","58","589","[3] Aufwand","[3] AUFWAND","[30] Personalaufwand","","3","3","30","","1217.00"
"592","Schwanden b.B.","2006","[6] VERKEHR","[62] Gemeindestrassen","[620] Gemeindestrassennetz","6","62","620","[3] Aufwand","[3] AUFWAND","[30] Personalaufwand","","3","3","30","","90663.25"
"592","Schwanden b.B.","2006","[7] UMWELT UND RAUMORDNUNG","[70] Wasserversorgung","[700] Wasserversorgung","7","70","700","[3] Aufwand","[3] AUFWAND","[30] Personalaufwand","","3","3","30","","4366.95"
"592","Schwanden b.B.","2006","[7] UMWELT UND RAUMORDNUNG","[71] Abwasserentsorgung","[710] Abwasserentsorgung","7","71","710","[3] Aufwand","[3] AUFWAND","[30] Personalaufwand","","3","3","30","","293.00"
"592","Schwanden b.B.","2006","[9] FINANZEN UND STEUERN","[94] Vermögens- und Schuldenverwaltung","[944] Burgergut","9","94","944","[3] Aufwand","[3] AUFWAND","[30] Personalaufwand","","3","3","30","","744.00"
"592","Schwanden b.B.","2006","[0] ALLGEMEINE VERWALTUNG","[01] Legislative und Exekutive","[011] Legislative","0","1","11","[3] Aufwand","[3] AUFWAND","[31] Sachaufwand","","3","3","31","","2151.30"
"592","Schwanden b.B.","2006","[0] ALLGEMEINE VERWALTUNG","[02] Allgemeine Verwaltung","[029] Allgemeine Verwaltung","0","2","29","[3] Aufwand","[3] AUFWAND","[31] Sachaufwand","","3","3","31","","34618.75"
"592","Schwanden b.B.","2006","[0] ALLGEMEINE VERWALTUNG","[09] Nicht aufteilbare Aufgaben","[090] Verwaltungsliegenschaften","0","9","90","[3] Aufwand","[3] AUFWAND","[31] Sachaufwand","","3","3","31","","18895.45"
"592","Schwanden b.B.","2006","[1] OEFFENTLICHE SICHERHEIT","[10] Rechtsaufsicht","[100] Mass und Gewicht","1","10","100","[3] Aufwand","[3] AUFWAND","[31] Sachaufwand","","3","3","31","","7776.85"
"592","Schwanden b.B.","2006","[1] OEFFENTLICHE SICHERHEIT","[10] Rechtsaufsicht","[101] Uebrige Rechtspflege","1","10","101","[3] Aufwand","[3] AUFWAND","[31] Sachaufwand","","3","3","31","","10279.35"
"592","Schwanden b.B.","2006","[1] OEFFENTLICHE SICHERHEIT","[14] Wehrdienste","[140] Wehrdienste","1","14","140","[3] Aufwand","[3] AUFWAND","[31] Sachaufwand","","3","3","31","","1278.70"
"592","Schwanden b.B.","2006","[1] OEFFENTLICHE SICHERHEIT","[15] Militärische Landesverteidigung","[151] Militär","1","15","151","[3] Aufwand","[3] AUFWAND","[31] Sachaufwand","","3","3","31","","868.60"
"592","Schwanden b.B.","2006","[2] BILDUNG","[21] Volksschule","[217] Schulliegenschaften (Ki.garten sofern nicht zuteilbar, Prim + Sek 1)","2","21","217","[3] Aufwand","[3] AUFWAND","[31] Sachaufwand","","3","3","31","","41128.45"
"592","Schwanden b.B.","2006","[2] BILDUNG","[21] Volksschule","[219] Nicht Aufteilbares, Volksschule, Tagesschule","2","21","219","[3] Aufwand","[3] AUFWAND","[31] Sachaufwand","","3","3","31","","6568.69"
"592","Schwanden b.B.","2006","[3] KULTUR UND FREIZEIT","[30] Kulturförderung","[309] Uebrige Kulturförderung","3","30","309","[3] Aufwand","[3] AUFWAND","[31] Sachaufwand","","3","3","31","","13404.40"
"592","Schwanden b.B.","2006","[3] KULTUR UND FREIZEIT","[34] Sport","[341] ...","3","34","341","[3] Aufwand","[3] AUFWAND","[31] Sachaufwand","","3","3","31","","3606.70"
"592","Schwanden b.B.","2006","[3] KULTUR UND FREIZEIT","[34] Sport","[342] ...","3","34","342","[3] Aufwand","[3] AUFWAND","[31] Sachaufwand","","3","3","31","","4184.05"
"592","Schwanden b.B.","2006","[4] GESUNDHEIT","[40] Spitäler","[400] Spitäler","4","40","400","[3] Aufwand","[3] AUFWAND","[31] Sachaufwand","","3","3","31","","25.20"
"592","Schwanden b.B.","2006","[4] GESUNDHEIT","[46] Schulgesundheitsdienst","[460] Schulärztliche Pflege","4","46","460","[3] Aufwand","[3] AUFWAND","[31] Sachaufwand","","3","3","31","","218.60"
"592","Schwanden b.B.","2006","[4] GESUNDHEIT","[46] Schulgesundheitsdienst","[461] Schulzahnärztliche Pflege","4","46","461","[3] Aufwand","[3] AUFWAND","[31] Sachaufwand","","3","3","31","","1876.40"
"592","Schwanden b.B.","2006","[6] VERKEHR","[62] Gemeindestrassen","[620] Gemeindestrassennetz","6","62","620","[3] Aufwand","[3] AUFWAND","[31] Sachaufwand","","3","3","31","","37741.20"
"592","Schwanden b.B.","2006","[7] UMWELT UND RAUMORDNUNG","[71] Abwasserentsorgung","[710] Abwasserentsorgung","7","71","710","[3] Aufwand","[3] AUFWAND","[31] Sachaufwand","","3","3","31","","12151.30"
"592","Schwanden b.B.","2006","[7] UMWELT UND RAUMORDNUNG","[72] Abfallentsorgung","[720] Abfallentsorgung","7","72","720","[3] Aufwand","[3] AUFWAND","[31] Sachaufwand","","3","3","31","","41527.15"
"592","Schwanden b.B.","2006","[8] VOLKSWIRTSCHAFT","[81] Forstwirtschaft","[810] Forstverwaltung","8","81","810","[3] Aufwand","[3] AUFWAND","[31] Sachaufwand","","3","3","31","","1489.55"
"592","Schwanden b.B.","2006","[9] FINANZEN UND STEUERN","[94] Vermögens- und Schuldenverwaltung","[942] Liegenschaften des Finanzvermögens","9","94","942","[3] Aufwand","[3] AUFWAND","[31] Sachaufwand","","3","3","31","","9301.85"
"592","Schwanden b.B.","2006","[8] VOLKSWIRTSCHAFT","[81] Forstwirtschaft","[812] Holzernte","8","81","812","[3] Aufwand","[3] AUFWAND","[32] Passivzinsen","","3","3","32","","35.65"
"592","Schwanden b.B.","2006","[9] FINANZEN UND STEUERN","[90] Steuern","[903] Steuerabschreibungen","9","90","903","[3] Aufwand","[3] AUFWAND","[33] Abschreibungen","","3","3","33","","11741.30"
"592","Schwanden b.B.","2006","[2] BILDUNG","[20] Kindergarten","[200] Kindergarten","2","20","200","[3] Aufwand","[3] AUFWAND","[35] Entschädigungen an Gemeinwesen","","3","3","35","","31938.90"
"592","Schwanden b.B.","2006","[5] SOZIALE WOHLFAHRT","[58] Sozialhilfe","[587] Lastenausgleich","5","58","587","[3] Aufwand","[3] AUFWAND","[35] Entschädigungen an Gemeinwesen","","3","3","35","","214732.85"
"592","Schwanden b.B.","2006","[8] VOLKSWIRTSCHAFT","[81] Forstwirtschaft","[811] Kulturen, Pflegemassnahmen","8","81","811","[3] Aufwand","[3] AUFWAND","[35] Entschädigungen an Gemeinwesen","","3","3","35","","1781.85"
"592","Schwanden b.B.","2006","[8] VOLKSWIRTSCHAFT","[81] Forstwirtschaft","[812] Holzernte","8","81","812","[3] Aufwand","[3] AUFWAND","[35] Entschädigungen an Gemeinwesen","","3","3","35","","41261.95"
"592","Schwanden b.B.","2006","[9] FINANZEN UND STEUERN","[94] Vermögens- und Schuldenverwaltung","[944] Burgergut","9","94","944","[3] Aufwand","[3] AUFWAND","[35] Entschädigungen an Gemeinwesen","","3","3","35","","19000.00"
"592","Schwanden b.B.","2006","[0] ALLGEMEINE VERWALTUNG","[02] Allgemeine Verwaltung","[029] Allgemeine Verwaltung","0","2","29","[3] Aufwand","[3] AUFWAND","[36] Eigene Beiträge","","3","3","36","","2125.60"
"592","Schwanden b.B.","2006","[1] OEFFENTLICHE SICHERHEIT","[10] Rechtsaufsicht","[101] Uebrige Rechtspflege","1","10","101","[3] Aufwand","[3] AUFWAND","[36] Eigene Beiträge","","3","3","36","","705.00"
"592","Schwanden b.B.","2006","[1] OEFFENTLICHE SICHERHEIT","[16] Zivile Landesverteidigung","[161] Uebrige zivile Landesverteidigung","1","16","161","[3] Aufwand","[3] AUFWAND","[36] Eigene Beiträge","","3","3","36","","1200.00"
"592","Schwanden b.B.","2006","[2] BILDUNG","[21] Volksschule","[214] Musikschulen","2","21","214","[3] Aufwand","[3] AUFWAND","[36] Eigene Beiträge","","3","3","36","","10342.75"
"592","Schwanden b.B.","2006","[2] BILDUNG","[29] Uebriges Bildungswesen","[292] Erwachsenenbildung","2","29","292","[3] Aufwand","[3] AUFWAND","[36] Eigene Beiträge","","3","3","36","","1700.00"
"592","Schwanden b.B.","2006","[4] GESUNDHEIT","[44] Ambulante Krankenpflege","[440] Spitex/Krankenpflege","4","44","440","[3] Aufwand","[3] AUFWAND","[36] Eigene Beiträge","","3","3","36","","200.00"
"592","Schwanden b.B.","2006","[4] GESUNDHEIT","[45] Krankheitsbekämpfung","[450] Krankheitsbekämpfung","4","45","450","[3] Aufwand","[3] AUFWAND","[36] Eigene Beiträge","","3","3","36","","699.00"
"592","Schwanden b.B.","2006","[5] SOZIALE WOHLFAHRT","[50] Altersversicherung","[501] Gemeindeanteil am Beitrag des Kantons für die AHV","5","50","501","[3] Aufwand","[3] AUFWAND","[36] Eigene Beiträge","","3","3","36","","37035.00"
"592","Schwanden b.B.","2006","[5] SOZIALE WOHLFAHRT","[53] Sonstige Sozialversicherungen","[530] Ergänzungsleistungen der AHV, IV","5","53","530","[3] Aufwand","[3] AUFWAND","[36] Eigene Beiträge","","3","3","36","","85225.00"
"592","Schwanden b.B.","2006","[5] SOZIALE WOHLFAHRT","[54] Jugendschutz","[541] Kinderheime und -krippen, Waisenhäuser","5","54","541","[3] Aufwand","[3] AUFWAND","[36] Eigene Beiträge","","3","3","36","","100.00"
"592","Schwanden b.B.","2006","[5] SOZIALE WOHLFAHRT","[58] Sozialhilfe","[580] Sozialhilfe","5","58","580","[3] Aufwand","[3] AUFWAND","[36] Eigene Beiträge","","3","3","36","","3380.60"
"592","Schwanden b.B.","2006","[5] SOZIALE WOHLFAHRT","[58] Sozialhilfe","[583] Asylwesen","5","58","583","[3] Aufwand","[3] AUFWAND","[36] Eigene Beiträge","","3","3","36","","4219.40"
"592","Schwanden b.B.","2006","[5] SOZIALE WOHLFAHRT","[58] Sozialhilfe","[588] Arbeitslosenfürsorge","5","58","588","[3] Aufwand","[3] AUFWAND","[36] Eigene Beiträge","","3","3","36","","1412.05"
"592","Schwanden b.B.","2006","[6] VERKEHR","[62] Gemeindestrassen","[620] Gemeindestrassennetz","6","62","620","[3] Aufwand","[3] AUFWAND","[36] Eigene Beiträge","","3","3","36","","15177.10"
"592","Schwanden b.B.","2006","[7] UMWELT UND RAUMORDNUNG","[71] Abwasserentsorgung","[710] Abwasserentsorgung","7","71","710","[3] Aufwand","[3] AUFWAND","[36] Eigene Beiträge","","3","3","36","","43157.35"
"592","Schwanden b.B.","2006","[7] UMWELT UND RAUMORDNUNG","[72] Abfallentsorgung","[720] Abfallentsorgung","7","72","720","[3] Aufwand","[3] AUFWAND","[36] Eigene Beiträge","","3","3","36","","1496.55"
"592","Schwanden b.B.","2006","[7] UMWELT UND RAUMORDNUNG","[75] Gewässerverbauungen","[750] Gewässerverbauungen","7","75","750","[3] Aufwand","[3] AUFWAND","[36] Eigene Beiträge","","3","3","36","","1953.25"
"592","Schwanden b.B.","2006","[8] VOLKSWIRTSCHAFT","[80] Landwirtschaft","[800] Landwirtschaft","8","80","800","[3] Aufwand","[3] AUFWAND","[36] Eigene Beiträge","","3","3","36","","100.00"
"592","Schwanden b.B.","2006","[8] VOLKSWIRTSCHAFT","[81] Forstwirtschaft","[810] Forstverwaltung","8","81","810","[3] Aufwand","[3] AUFWAND","[36] Eigene Beiträge","","3","3","36","","4747.00"
"592","Schwanden b.B.","2006","[1] OEFFENTLICHE SICHERHEIT","[14] Wehrdienste","[140] Wehrdienste","1","14","140","[3] Aufwand","[3] AUFWAND","[37] Durchlaufende Beiträge","","3","3","37","","21161.85"
"592","Schwanden b.B.","2006","[3] KULTUR UND FREIZEIT","[34] Sport","[342] ...","3","34","342","[3] Aufwand","[3] AUFWAND","[38] Einlagen in Spezialfinanzierungen","","3","3","38","","18128.90"
"592","Schwanden b.B.","2006","[7] UMWELT UND RAUMORDNUNG","[70] Wasserversorgung","[700] Wasserversorgung","7","70","700","[3] Aufwand","[3] AUFWAND","[38] Einlagen in Spezialfinanzierungen","","3","3","38","","70574.95"
"592","Schwanden b.B.","2006","[7] UMWELT UND RAUMORDNUNG","[71] Abwasserentsorgung","[710] Abwasserentsorgung","7","71","710","[3] Aufwand","[3] AUFWAND","[38] Einlagen in Spezialfinanzierungen","","3","3","38","","82203.45"
"592","Schwanden b.B.","2006","[9] FINANZEN UND STEUERN","[94] Vermögens- und Schuldenverwaltung","[944] Burgergut","9","94","944","[3] Aufwand","[3] AUFWAND","[38] Einlagen in Spezialfinanzierungen","","3","3","38","","5777.65"
"592","Schwanden b.B.","2006","[0] ALLGEMEINE VERWALTUNG","[09] Nicht aufteilbare Aufgaben","[090] Verwaltungsliegenschaften","0","9","90","[3] Aufwand","[3] AUFWAND","[39] Interne Verrechnungen","","3","3","39","","5000.00"
"592","Schwanden b.B.","2006","[2] BILDUNG","[21] Volksschule","[217] Schulliegenschaften (Ki.garten sofern nicht zuteilbar, Prim + Sek 1)","2","21","217","[3] Aufwand","[3] AUFWAND","[39] Interne Verrechnungen","","3","3","39","","21600.00"
"592","Schwanden b.B.","2006","[3] KULTUR UND FREIZEIT","[34] Sport","[341] ...","3","34","341","[3] Aufwand","[3] AUFWAND","[39] Interne Verrechnungen","","3","3","39","","3500.00"
"592","Schwanden b.B.","2006","[5] SOZIALE WOHLFAHRT","[50] Altersversicherung","[500] AHV-Zweigstelle","5","50","500","[3] Aufwand","[3] AUFWAND","[39] Interne Verrechnungen","","3","3","39","","500.00"
"592","Schwanden b.B.","2006","[7] UMWELT UND RAUMORDNUNG","[71] Abwasserentsorgung","[710] Abwasserentsorgung","7","71","710","[3] Aufwand","[3] AUFWAND","[39] Interne Verrechnungen","","3","3","39","","6000.00"
"592","Schwanden b.B.","2006","[7] UMWELT UND RAUMORDNUNG","[72] Abfallentsorgung","[720] Abfallentsorgung","7","72","720","[3] Aufwand","[3] AUFWAND","[39] Interne Verrechnungen","","3","3","39","","23328.15"
"592","Schwanden b.B.","2006","[9] FINANZEN UND STEUERN","[94] Vermögens- und Schuldenverwaltung","[940] Zinsen","9","94","940","[3] Aufwand","[3] AUFWAND","[39] Interne Verrechnungen","","3","3","39","","37579.25"
"592","Schwanden b.B.","2006","[9] FINANZEN UND STEUERN","[94] Vermögens- und Schuldenverwaltung","[942] Liegenschaften des Finanzvermögens","9","94","942","[3] Aufwand","[3] AUFWAND","[39] Interne Verrechnungen","","3","3","39","","2000.00"
"592","Schwanden b.B.","2006","[3] KULTUR UND FREIZEIT","[34] Sport","[341] ...","3","34","341","[4] Ertrag","[4] ERTRAG","[40] Steuern","","4","4","40","","6578.75"
"592","Schwanden b.B.","2006","[9] FINANZEN UND STEUERN","[90] Steuern","[900] Obligatorische periodische Steuern","9","90","900","[4] Ertrag","[4] ERTRAG","[40] Steuern","","4","4","40","","875023.85"
"592","Schwanden b.B.","2006","[9] FINANZEN UND STEUERN","[90] Steuern","[902] Liegenschaftssteuern","9","90","902","[4] Ertrag","[4] ERTRAG","[40] Steuern","","4","4","40","","130031.80"
"592","Schwanden b.B.","2006","[9] FINANZEN UND STEUERN","[90] Steuern","[903] Steuerabschreibungen","9","90","903","[4] Ertrag","[4] ERTRAG","[40] Steuern","","4","4","40","","1084.60"
"592","Schwanden b.B.","2006","[7] UMWELT UND RAUMORDNUNG","[71] Abwasserentsorgung","[710] Abwasserentsorgung","7","71","710","[4] Ertrag","[4] ERTRAG","[42] Vermögenserträge","","4","4","42","","11978.35"
"592","Schwanden b.B.","2006","[9] FINANZEN UND STEUERN","[94] Vermögens- und Schuldenverwaltung","[940] Zinsen","9","94","940","[4] Ertrag","[4] ERTRAG","[42] Vermögenserträge","","4","4","42","","21201.05"
"592","Schwanden b.B.","2006","[0] ALLGEMEINE VERWALTUNG","[01] Legislative und Exekutive","[012] Exekutive","0","1","12","[4] Ertrag","[4] ERTRAG","[43] Entgelte","","4","4","43","","20.00"
"592","Schwanden b.B.","2006","[1] OEFFENTLICHE SICHERHEIT","[14] Wehrdienste","[140] Wehrdienste","1","14","140","[4] Ertrag","[4] ERTRAG","[43] Entgelte","","4","4","43","","1598.15"
"592","Schwanden b.B.","2006","[1] OEFFENTLICHE SICHERHEIT","[16] Zivile Landesverteidigung","[160] Zivilschutz","1","16","160","[4] Ertrag","[4] ERTRAG","[43] Entgelte","","4","4","43","","1280.00"
"592","Schwanden b.B.","2006","[2] BILDUNG","[20] Kindergarten","[200] Kindergarten","2","20","200","[4] Ertrag","[4] ERTRAG","[43] Entgelte","","4","4","43","","17006.40"
"592","Schwanden b.B.","2006","[2] BILDUNG","[21] Volksschule","[214] Musikschulen","2","21","214","[4] Ertrag","[4] ERTRAG","[43] Entgelte","","4","4","43","","1872.95"
"592","Schwanden b.B.","2006","[2] BILDUNG","[21] Volksschule","[219] Nicht Aufteilbares, Volksschule, Tagesschule","2","21","219","[4] Ertrag","[4] ERTRAG","[43] Entgelte","","4","4","43","","44766.60"
"592","Schwanden b.B.","2006","[3] KULTUR UND FREIZEIT","[30] Kulturförderung","[309] Uebrige Kulturförderung","3","30","309","[4] Ertrag","[4] ERTRAG","[43] Entgelte","","4","4","43","","10034.00"
"592","Schwanden b.B.","2006","[7] UMWELT UND RAUMORDNUNG","[72] Abfallentsorgung","[720] Abfallentsorgung","7","72","720","[4] Ertrag","[4] ERTRAG","[43] Entgelte","","4","4","43","","71033.90"
"592","Schwanden b.B.","2006","[8] VOLKSWIRTSCHAFT","[81] Forstwirtschaft","[810] Forstverwaltung","8","81","810","[4] Ertrag","[4] ERTRAG","[43] Entgelte","","4","4","43","","150.00"
"592","Schwanden b.B.","2006","[8] VOLKSWIRTSCHAFT","[81] Forstwirtschaft","[812] Holzernte","8","81","812","[4] Ertrag","[4] ERTRAG","[43] Entgelte","","4","4","43","","36502.80"
"592","Schwanden b.B.","2006","[8] VOLKSWIRTSCHAFT","[86] Energie","[860] Elektrizität","8","86","860","[4] Ertrag","[4] ERTRAG","[43] Entgelte","","4","4","43","","9301.05"
"592","Schwanden b.B.","2006","[9] FINANZEN UND STEUERN","[94] Vermögens- und Schuldenverwaltung","[942] Liegenschaften des Finanzvermögens","9","94","942","[4] Ertrag","[4] ERTRAG","[43] Entgelte","","4","4","43","","1334.60"
"592","Schwanden b.B.","2006","[9] FINANZEN UND STEUERN","[94] Vermögens- und Schuldenverwaltung","[944] Burgergut","9","94","944","[4] Ertrag","[4] ERTRAG","[43] Entgelte","","4","4","43","","7477.40"
"592","Schwanden b.B.","2006","[9] FINANZEN UND STEUERN","[92] Finanzausgleich","[920] Finanzausgleich","9","92","920","[4] Ertrag","[4] ERTRAG","[44] Anteile und Beiträge ohne Zweckbindungen","","4","4","44","","168105.00"
"592","Schwanden b.B.","2006","[9] FINANZEN UND STEUERN","[93] Anteile an kantonalen Steuern und Abgaben","[930] Anteile an kantonalen Steuern und Abgaben","9","93","930","[4] Ertrag","[4] ERTRAG","[44] Anteile und Beiträge ohne Zweckbindungen","","4","4","44","","530.20"
"592","Schwanden b.B.","2007","","","","","","","[1] Aktiven","[10] Finanzvermögen","[101] Guthaben","","1","10","101","","780766.90"
"592","Schwanden b.B.","2007","","","","","","","[1] Aktiven","[10] Finanzvermögen","[103] Transitorische Aktiven","","1","10","103","","66055.35"
"592","Schwanden b.B.","2007","","","","","","","[1] Aktiven","[11] Verwaltungsvermögen","[115] Darlehen und Beteiligungen","","1","11","115","","63006.00"
"592","Schwanden b.B.","2007","","","","","","","[1] Aktiven","[11] Verwaltungsvermögen","[116] Investitionsbeiträge","","1","11","116","","51270.15"
"592","Schwanden b.B.","2007","","","","","","","[2] Passiven","[20] Fremdkapital","[203] Verpflichtungen für Sonderrechnungen","","2","20","203","","5235.10"
"592","Schwanden b.B.","2007","","","","","","","[2] Passiven","[20] Fremdkapital","[204] Rückstellungen","","2","20","204","","102508.20"
"592","Schwanden b.B.","2007","","","","","","","[2] Passiven","[22] Spezialfinanzierungen","[228] Verpflichtungen für Spezialfinanzierungen","","2","22","228","","2926985.31"
"592","Schwanden b.B.","2007","[0] ALLGEMEINE VERWALTUNG","[01] Legislative und Exekutive","[011] Legislative","0","1","11","[3] Aufwand","[3] AUFWAND","[30] Personalaufwand","","3","3","30","","6287.00"
"592","Schwanden b.B.","2007","[0] ALLGEMEINE VERWALTUNG","[02] Allgemeine Verwaltung","[029] Allgemeine Verwaltung","0","2","29","[3] Aufwand","[3] AUFWAND","[30] Personalaufwand","","3","3","30","","209364.80"
"592","Schwanden b.B.","2007","[0] ALLGEMEINE VERWALTUNG","[09] Nicht aufteilbare Aufgaben","[090] Verwaltungsliegenschaften","0","9","90","[3] Aufwand","[3] AUFWAND","[30] Personalaufwand","","3","3","30","","4517.80"
"592","Schwanden b.B.","2007","[1] OEFFENTLICHE SICHERHEIT","[10] Rechtsaufsicht","[101] Uebrige Rechtspflege","1","10","101","[3] Aufwand","[3] AUFWAND","[30] Personalaufwand","","3","3","30","","68.40"
"592","Schwanden b.B.","2007","[6] VERKEHR","[62] Gemeindestrassen","[620] Gemeindestrassennetz","6","62","620","[3] Aufwand","[3] AUFWAND","[30] Personalaufwand","","3","3","30","","99520.90"
"592","Schwanden b.B.","2007","[7] UMWELT UND RAUMORDNUNG","[70] Wasserversorgung","[700] Wasserversorgung","7","70","700","[3] Aufwand","[3] AUFWAND","[30] Personalaufwand","","3","3","30","","8069.70"
"592","Schwanden b.B.","2007","[7] UMWELT UND RAUMORDNUNG","[71] Abwasserentsorgung","[710] Abwasserentsorgung","7","71","710","[3] Aufwand","[3] AUFWAND","[30] Personalaufwand","","3","3","30","","269.00"
"592","Schwanden b.B.","2007","[9] FINANZEN UND STEUERN","[94] Vermögens- und Schuldenverwaltung","[944] Burgergut","9","94","944","[3] Aufwand","[3] AUFWAND","[30] Personalaufwand","","3","3","30","","648.00"
"592","Schwanden b.B.","2007","[0] ALLGEMEINE VERWALTUNG","[02] Allgemeine Verwaltung","[029] Allgemeine Verwaltung","0","2","29","[3] Aufwand","[3] AUFWAND","[31] Sachaufwand","","3","3","31","","35185.49"
"592","Schwanden b.B.","2007","[0] ALLGEMEINE VERWALTUNG","[09] Nicht aufteilbare Aufgaben","[090] Verwaltungsliegenschaften","0","9","90","[3] Aufwand","[3] AUFWAND","[31] Sachaufwand","","3","3","31","","22510.90"
"592","Schwanden b.B.","2007","[1] OEFFENTLICHE SICHERHEIT","[10] Rechtsaufsicht","[100] Mass und Gewicht","1","10","100","[3] Aufwand","[3] AUFWAND","[31] Sachaufwand","","3","3","31","","7301.95"
"592","Schwanden b.B.","2007","[1] OEFFENTLICHE SICHERHEIT","[14] Wehrdienste","[140] Wehrdienste","1","14","140","[3] Aufwand","[3] AUFWAND","[31] Sachaufwand","","3","3","31","","1997.50"
"592","Schwanden b.B.","2007","[1] OEFFENTLICHE SICHERHEIT","[15] Militärische Landesverteidigung","[151] Militär","1","15","151","[3] Aufwand","[3] AUFWAND","[31] Sachaufwand","","3","3","31","","709.30"
"592","Schwanden b.B.","2007","[2] BILDUNG","[21] Volksschule","[217] Schulliegenschaften (Ki.garten sofern nicht zuteilbar, Prim + Sek 1)","2","21","217","[3] Aufwand","[3] AUFWAND","[31] Sachaufwand","","3","3","31","","41457.45"
"592","Schwanden b.B.","2007","[2] BILDUNG","[21] Volksschule","[219] Nicht Aufteilbares, Volksschule, Tagesschule","2","21","219","[3] Aufwand","[3] AUFWAND","[31] Sachaufwand","","3","3","31","","5988.90"
"592","Schwanden b.B.","2007","[3] KULTUR UND FREIZEIT","[30] Kulturförderung","[309] Uebrige Kulturförderung","3","30","309","[3] Aufwand","[3] AUFWAND","[31] Sachaufwand","","3","3","31","","14231.35"
"592","Schwanden b.B.","2007","[3] KULTUR UND FREIZEIT","[33] Parkanlagen und Wanderwege","[330] Parkanlagen und Wanderwege","3","33","330","[3] Aufwand","[3] AUFWAND","[31] Sachaufwand","","3","3","31","","4300.80"
"592","Schwanden b.B.","2007","[3] KULTUR UND FREIZEIT","[34] Sport","[341] ...","3","34","341","[3] Aufwand","[3] AUFWAND","[31] Sachaufwand","","3","3","31","","2748.80"
"592","Schwanden b.B.","2007","[4] GESUNDHEIT","[46] Schulgesundheitsdienst","[460] Schulärztliche Pflege","4","46","460","[3] Aufwand","[3] AUFWAND","[31] Sachaufwand","","3","3","31","","613.35"
"592","Schwanden b.B.","2007","[4] GESUNDHEIT","[46] Schulgesundheitsdienst","[461] Schulzahnärztliche Pflege","4","46","461","[3] Aufwand","[3] AUFWAND","[31] Sachaufwand","","3","3","31","","1202.25"
"592","Schwanden b.B.","2007","[7] UMWELT UND RAUMORDNUNG","[72] Abfallentsorgung","[720] Abfallentsorgung","7","72","720","[3] Aufwand","[3] AUFWAND","[31] Sachaufwand","","3","3","31","","40697.10"
"592","Schwanden b.B.","2007","[8] VOLKSWIRTSCHAFT","[81] Forstwirtschaft","[810] Forstverwaltung","8","81","810","[3] Aufwand","[3] AUFWAND","[31] Sachaufwand","","3","3","31","","788.10"
"592","Schwanden b.B.","2007","[8] VOLKSWIRTSCHAFT","[81] Forstwirtschaft","[812] Holzernte","8","81","812","[3] Aufwand","[3] AUFWAND","[31] Sachaufwand","","3","3","31","","4455.40"
"592","Schwanden b.B.","2007","[9] FINANZEN UND STEUERN","[94] Vermögens- und Schuldenverwaltung","[942] Liegenschaften des Finanzvermögens","9","94","942","[3] Aufwand","[3] AUFWAND","[31] Sachaufwand","","3","3","31","","24288.70"
"592","Schwanden b.B.","2007","[8] VOLKSWIRTSCHAFT","[81] Forstwirtschaft","[812] Holzernte","8","81","812","[3] Aufwand","[3] AUFWAND","[32] Passivzinsen","","3","3","32","","541.55"
"592","Schwanden b.B.","2007","[1] OEFFENTLICHE SICHERHEIT","[14] Wehrdienste","[140] Wehrdienste","1","14","140","[3] Aufwand","[3] AUFWAND","[33] Abschreibungen","","3","3","33","","304.65"
"592","Schwanden b.B.","2007","[7] UMWELT UND RAUMORDNUNG","[70] Wasserversorgung","[700] Wasserversorgung","7","70","700","[3] Aufwand","[3] AUFWAND","[33] Abschreibungen","","3","3","33","","5998.60"
"592","Schwanden b.B.","2007","[7] UMWELT UND RAUMORDNUNG","[71] Abwasserentsorgung","[710] Abwasserentsorgung","7","71","710","[3] Aufwand","[3] AUFWAND","[33] Abschreibungen","","3","3","33","","13646.05"
"592","Schwanden b.B.","2007","[9] FINANZEN UND STEUERN","[90] Steuern","[903] Steuerabschreibungen","9","90","903","[3] Aufwand","[3] AUFWAND","[33] Abschreibungen","","3","3","33","","-4565.65"
"592","Schwanden b.B.","2007","[1] OEFFENTLICHE SICHERHEIT","[10] Rechtsaufsicht","[101] Uebrige Rechtspflege","1","10","101","[3] Aufwand","[3] AUFWAND","[35] Entschädigungen an Gemeinwesen","","3","3","35","","1872.20"
"592","Schwanden b.B.","2007","[2] BILDUNG","[20] Kindergarten","[200] Kindergarten","2","20","200","[3] Aufwand","[3] AUFWAND","[35] Entschädigungen an Gemeinwesen","","3","3","35","","19559.25"
"592","Schwanden b.B.","2007","[4] GESUNDHEIT","[44] Ambulante Krankenpflege","[440] Spitex/Krankenpflege","4","44","440","[3] Aufwand","[3] AUFWAND","[35] Entschädigungen an Gemeinwesen","","3","3","35","","500.00"
"592","Schwanden b.B.","2007","[5] SOZIALE WOHLFAHRT","[58] Sozialhilfe","[589] Sozialbehörden, Sekretariat","5","58","589","[3] Aufwand","[3] AUFWAND","[35] Entschädigungen an Gemeinwesen","","3","3","35","","11873.80"
"592","Schwanden b.B.","2007","[8] VOLKSWIRTSCHAFT","[81] Forstwirtschaft","[811] Kulturen, Pflegemassnahmen","8","81","811","[3] Aufwand","[3] AUFWAND","[35] Entschädigungen an Gemeinwesen","","3","3","35","","6872.40"
"592","Schwanden b.B.","2007","[9] FINANZEN UND STEUERN","[94] Vermögens- und Schuldenverwaltung","[944] Burgergut","9","94","944","[3] Aufwand","[3] AUFWAND","[35] Entschädigungen an Gemeinwesen","","3","3","35","","18200.00"
"592","Schwanden b.B.","2007","[0] ALLGEMEINE VERWALTUNG","[02] Allgemeine Verwaltung","[029] Allgemeine Verwaltung","0","2","29","[3] Aufwand","[3] AUFWAND","[36] Eigene Beiträge","","3","3","36","","1815.90"
"592","Schwanden b.B.","2007","[1] OEFFENTLICHE SICHERHEIT","[10] Rechtsaufsicht","[101] Uebrige Rechtspflege","1","10","101","[3] Aufwand","[3] AUFWAND","[36] Eigene Beiträge","","3","3","36","","785.00"
"592","Schwanden b.B.","2007","[1] OEFFENTLICHE SICHERHEIT","[16] Zivile Landesverteidigung","[161] Uebrige zivile Landesverteidigung","1","16","161","[3] Aufwand","[3] AUFWAND","[36] Eigene Beiträge","","3","3","36","","1800.00"
"592","Schwanden b.B.","2007","[2] BILDUNG","[21] Volksschule","[214] Musikschulen","2","21","214","[3] Aufwand","[3] AUFWAND","[36] Eigene Beiträge","","3","3","36","","9150.00"
"592","Schwanden b.B.","2007","[3] KULTUR UND FREIZEIT","[35] Uebrige Freizeitgestaltung","[350] Uebrige Freizeitgestaltung","3","35","350","[3] Aufwand","[3] AUFWAND","[36] Eigene Beiträge","","3","3","36","","450.00"
"592","Schwanden b.B.","2007","[3] KULTUR UND FREIZEIT","[36] ...","[365] ...","3","36","365","[3] Aufwand","[3] AUFWAND","[36] Eigene Beiträge","","3","3","36","","100.00"
"592","Schwanden b.B.","2007","[4] GESUNDHEIT","[44] Ambulante Krankenpflege","[440] Spitex/Krankenpflege","4","44","440","[3] Aufwand","[3] AUFWAND","[36] Eigene Beiträge","","3","3","36","","150.00"
"592","Schwanden b.B.","2007","[4] GESUNDHEIT","[45] Krankheitsbekämpfung","[450] Krankheitsbekämpfung","4","45","450","[3] Aufwand","[3] AUFWAND","[36] Eigene Beiträge","","3","3","36","","600.00"
"592","Schwanden b.B.","2007","[5] SOZIALE WOHLFAHRT","[50] Altersversicherung","[501] Gemeindeanteil am Beitrag des Kantons für die AHV","5","50","501","[3] Aufwand","[3] AUFWAND","[36] Eigene Beiträge","","3","3","36","","37249.00"
"592","Schwanden b.B.","2007","[5] SOZIALE WOHLFAHRT","[53] Sonstige Sozialversicherungen","[530] Ergänzungsleistungen der AHV, IV","5","53","530","[3] Aufwand","[3] AUFWAND","[36] Eigene Beiträge","","3","3","36","","89232.00"
"592","Schwanden b.B.","2007","[5] SOZIALE WOHLFAHRT","[54] Jugendschutz","[540] Jugendschutz","5","54","540","[3] Aufwand","[3] AUFWAND","[36] Eigene Beiträge","","3","3","36","","100.00"
"592","Schwanden b.B.","2007","[5] SOZIALE WOHLFAHRT","[58] Sozialhilfe","[580] Sozialhilfe","5","58","580","[3] Aufwand","[3] AUFWAND","[36] Eigene Beiträge","","3","3","36","","212.00"
"592","Schwanden b.B.","2007","[5] SOZIALE WOHLFAHRT","[58] Sozialhilfe","[582] Weitere Wohlfahrts-, Vor- + Fürsorgeeinrichtungen","5","58","582","[3] Aufwand","[3] AUFWAND","[36] Eigene Beiträge","","3","3","36","","538.15"
"592","Schwanden b.B.","2007","[5] SOZIALE WOHLFAHRT","[58] Sozialhilfe","[588] Arbeitslosenfürsorge","5","58","588","[3] Aufwand","[3] AUFWAND","[36] Eigene Beiträge","","3","3","36","","1812.40"
"592","Schwanden b.B.","2007","[6] VERKEHR","[62] Gemeindestrassen","[620] Gemeindestrassennetz","6","62","620","[3] Aufwand","[3] AUFWAND","[36] Eigene Beiträge","","3","3","36","","15417.40"
"592","Schwanden b.B.","2007","[7] UMWELT UND RAUMORDNUNG","[71] Abwasserentsorgung","[710] Abwasserentsorgung","7","71","710","[3] Aufwand","[3] AUFWAND","[36] Eigene Beiträge","","3","3","36","","45976.40"
"592","Schwanden b.B.","2007","[7] UMWELT UND RAUMORDNUNG","[72] Abfallentsorgung","[720] Abfallentsorgung","7","72","720","[3] Aufwand","[3] AUFWAND","[36] Eigene Beiträge","","3","3","36","","1515.65"
"592","Schwanden b.B.","2007","[7] UMWELT UND RAUMORDNUNG","[75] Gewässerverbauungen","[750] Gewässerverbauungen","7","75","750","[3] Aufwand","[3] AUFWAND","[36] Eigene Beiträge","","3","3","36","","3388.45"
"592","Schwanden b.B.","2007","[8] VOLKSWIRTSCHAFT","[80] Landwirtschaft","[800] Landwirtschaft","8","80","800","[3] Aufwand","[3] AUFWAND","[36] Eigene Beiträge","","3","3","36","","50.00"
"592","Schwanden b.B.","2007","[8] VOLKSWIRTSCHAFT","[81] Forstwirtschaft","[810] Forstverwaltung","8","81","810","[3] Aufwand","[3] AUFWAND","[36] Eigene Beiträge","","3","3","36","","4356.00"
"592","Schwanden b.B.","2007","[1] OEFFENTLICHE SICHERHEIT","[16] Zivile Landesverteidigung","[160] Zivilschutz","1","16","160","[3] Aufwand","[3] AUFWAND","[38] Einlagen in Spezialfinanzierungen","","3","3","38","","2650.00"
"592","Schwanden b.B.","2007","[7] UMWELT UND RAUMORDNUNG","[70] Wasserversorgung","[700] Wasserversorgung","7","70","700","[3] Aufwand","[3] AUFWAND","[38] Einlagen in Spezialfinanzierungen","","3","3","38","","50007.00"
"592","Schwanden b.B.","2007","[7] UMWELT UND RAUMORDNUNG","[71] Abwasserentsorgung","[710] Abwasserentsorgung","7","71","710","[3] Aufwand","[3] AUFWAND","[38] Einlagen in Spezialfinanzierungen","","3","3","38","","72210.65"
"592","Schwanden b.B.","2007","[9] FINANZEN UND STEUERN","[94] Vermögens- und Schuldenverwaltung","[944] Burgergut","9","94","944","[3] Aufwand","[3] AUFWAND","[38] Einlagen in Spezialfinanzierungen","","3","3","38","","29176.25"
"592","Schwanden b.B.","2007","[0] ALLGEMEINE VERWALTUNG","[09] Nicht aufteilbare Aufgaben","[090] Verwaltungsliegenschaften","0","9","90","[3] Aufwand","[3] AUFWAND","[39] Interne Verrechnungen","","3","3","39","","7400.00"
"592","Schwanden b.B.","2007","[2] BILDUNG","[21] Volksschule","[217] Schulliegenschaften (Ki.garten sofern nicht zuteilbar, Prim + Sek 1)","2","21","217","[3] Aufwand","[3] AUFWAND","[39] Interne Verrechnungen","","3","3","39","","22000.00"
"592","Schwanden b.B.","2007","[3] KULTUR UND FREIZEIT","[34] Sport","[341] ...","3","34","341","[3] Aufwand","[3] AUFWAND","[39] Interne Verrechnungen","","3","3","39","","3800.00"
"592","Schwanden b.B.","2007","[5] SOZIALE WOHLFAHRT","[50] Altersversicherung","[500] AHV-Zweigstelle","5","50","500","[3] Aufwand","[3] AUFWAND","[39] Interne Verrechnungen","","3","3","39","","500.00"
"592","Schwanden b.B.","2007","[7] UMWELT UND RAUMORDNUNG","[72] Abfallentsorgung","[720] Abfallentsorgung","7","72","720","[3] Aufwand","[3] AUFWAND","[39] Interne Verrechnungen","","3","3","39","","26078.15"
"592","Schwanden b.B.","2007","[9] FINANZEN UND STEUERN","[94] Vermögens- und Schuldenverwaltung","[940] Zinsen","9","94","940","[3] Aufwand","[3] AUFWAND","[39] Interne Verrechnungen","","3","3","39","","40761.45"
"592","Schwanden b.B.","2007","[9] FINANZEN UND STEUERN","[94] Vermögens- und Schuldenverwaltung","[942] Liegenschaften des Finanzvermögens","9","94","942","[3] Aufwand","[3] AUFWAND","[39] Interne Verrechnungen","","3","3","39","","1200.00"
"592","Schwanden b.B.","2007","[3] KULTUR UND FREIZEIT","[34] Sport","[341] ...","3","34","341","[4] Ertrag","[4] ERTRAG","[40] Steuern","","4","4","40","","4960.30"
"592","Schwanden b.B.","2007","[9] FINANZEN UND STEUERN","[90] Steuern","[900] Obligatorische periodische Steuern","9","90","900","[4] Ertrag","[4] ERTRAG","[40] Steuern","","4","4","40","","908948.05"
"592","Schwanden b.B.","2007","[9] FINANZEN UND STEUERN","[90] Steuern","[902] Liegenschaftssteuern","9","90","902","[4] Ertrag","[4] ERTRAG","[40] Steuern","","4","4","40","","131664.10"
"592","Schwanden b.B.","2007","[3] KULTUR UND FREIZEIT","[30] Kulturförderung","[309] Uebrige Kulturförderung","3","30","309","[4] Ertrag","[4] ERTRAG","[42] Vermögenserträge","","4","4","42","","600.00"
"592","Schwanden b.B.","2007","[9] FINANZEN UND STEUERN","[94] Vermögens- und Schuldenverwaltung","[940] Zinsen","9","94","940","[4] Ertrag","[4] ERTRAG","[42] Vermögenserträge","","4","4","42","","22658.35"
"592","Schwanden b.B.","2007","[9] FINANZEN UND STEUERN","[94] Vermögens- und Schuldenverwaltung","[942] Liegenschaften des Finanzvermögens","9","94","942","[4] Ertrag","[4] ERTRAG","[42] Vermögenserträge","","4","4","42","","34776.00"
"592","Schwanden b.B.","2007","[0] ALLGEMEINE VERWALTUNG","[09] Nicht aufteilbare Aufgaben","[091] ...","0","9","91","[4] Ertrag","[4] ERTRAG","[43] Entgelte","","4","4","43","","1488.00"
"592","Schwanden b.B.","2007","[1] OEFFENTLICHE SICHERHEIT","[16] Zivile Landesverteidigung","[160] Zivilschutz","1","16","160","[4] Ertrag","[4] ERTRAG","[43] Entgelte","","4","4","43","","3850.00"
"592","Schwanden b.B.","2007","[2] BILDUNG","[21] Volksschule","[219] Nicht Aufteilbares, Volksschule, Tagesschule","2","21","219","[4] Ertrag","[4] ERTRAG","[43] Entgelte","","4","4","43","","11667.65"
"592","Schwanden b.B.","2007","[3] KULTUR UND FREIZEIT","[30] Kulturförderung","[309] Uebrige Kulturförderung","3","30","309","[4] Ertrag","[4] ERTRAG","[43] Entgelte","","4","4","43","","13970.00"
"592","Schwanden b.B.","2007","[4] GESUNDHEIT","[47] Lebensmittelkontrolle","[470] Lebensmittelkontrolle","4","47","470","[4] Ertrag","[4] ERTRAG","[43] Entgelte","","4","4","43","","50.00"
"592","Schwanden b.B.","2007","[7] UMWELT UND RAUMORDNUNG","[70] Wasserversorgung","[700] Wasserversorgung","7","70","700","[4] Ertrag","[4] ERTRAG","[43] Entgelte","","4","4","43","","81098.85"
"592","Schwanden b.B.","2007","[8] VOLKSWIRTSCHAFT","[81] Forstwirtschaft","[812] Holzernte","8","81","812","[4] Ertrag","[4] ERTRAG","[43] Entgelte","","4","4","43","","44677.80"
"592","Schwanden b.B.","2007","[8] VOLKSWIRTSCHAFT","[86] Energie","[860] Elektrizität","8","86","860","[4] Ertrag","[4] ERTRAG","[43] Entgelte","","4","4","43","","10862.25"
"592","Schwanden b.B.","2007","[9] FINANZEN UND STEUERN","[94] Vermögens- und Schuldenverwaltung","[942] Liegenschaften des Finanzvermögens","9","94","942","[4] Ertrag","[4] ERTRAG","[43] Entgelte","","4","4","43","","1136.20"
"592","Schwanden b.B.","2007","[9] FINANZEN UND STEUERN","[94] Vermögens- und Schuldenverwaltung","[944] Burgergut","9","94","944","[4] Ertrag","[4] ERTRAG","[43] Entgelte","","4","4","43","","5239.25"
"592","Schwanden b.B.","2007","[9] FINANZEN UND STEUERN","[92] Finanzausgleich","[920] Finanzausgleich","9","92","920","[4] Ertrag","[4] ERTRAG","[44] Anteile und Beiträge ohne Zweckbindungen","","4","4","44","","170364.00"
"592","Schwanden b.B.","2007","[9] FINANZEN UND STEUERN","[93] Anteile an kantonalen Steuern und Abgaben","[930] Anteile an kantonalen Steuern und Abgaben","9","93","930","[4] Ertrag","[4] ERTRAG","[44] Anteile und Beiträge ohne Zweckbindungen","","4","4","44","","7058.85"
"592","Schwanden b.B.","2007","[0] ALLGEMEINE VERWALTUNG","[02] Allgemeine Verwaltung","[029] Allgemeine Verwaltung","0","2","29","[4] Ertrag","[4] ERTRAG","[45] Rückerstattungen von Gemeinwesen","","4","4","45","","1794.95"
"592","Schwanden b.B.","2007","[5] SOZIALE WOHLFAHRT","[58] Sozialhilfe","[587] Lastenausgleich","5","58","587","[4] Ertrag","[4] ERTRAG","[45] Rückerstattungen von Gemeinwesen","","4","4","45","","8.15"
"592","Schwanden b.B.","2007","[1] OEFFENTLICHE SICHERHEIT","[16] Zivile Landesverteidigung","[160] Zivilschutz","1","16","160","[4] Ertrag","[4] ERTRAG","[46] Beiträge","","4","4","46","","700.00"
"592","Schwanden b.B.","2007","[8] VOLKSWIRTSCHAFT","[81] Forstwirtschaft","[811] Kulturen, Pflegemassnahmen","8","81","811","[4] Ertrag","[4] ERTRAG","[46] Beiträge","","4","4","46","","1120.00"
"592","Schwanden b.B.","2007","[8] VOLKSWIRTSCHAFT","[81] Forstwirtschaft","[812] Holzernte","8","81","812","[4] Ertrag","[4] ERTRAG","[46] Beiträge","","4","4","46","","16347.75"
"592","Schwanden b.B.","2006","[0] ALLGEMEINE VERWALTUNG","[02] Allgemeine Verwaltung","[029] Allgemeine Verwaltung","0","2","29","[4] Ertrag","[4] ERTRAG","[45] Rückerstattungen von Gemeinwesen","","4","4","45","","1686.00"
"592","Schwanden b.B.","2006","[5] SOZIALE WOHLFAHRT","[58] Sozialhilfe","[587] Lastenausgleich","5","58","587","[4] Ertrag","[4] ERTRAG","[45] Rückerstattungen von Gemeinwesen","","4","4","45","","4765.30"
"592","Schwanden b.B.","2006","[1] OEFFENTLICHE SICHERHEIT","[16] Zivile Landesverteidigung","[160] Zivilschutz","1","16","160","[4] Ertrag","[4] ERTRAG","[46] Beiträge","","4","4","46","","700.00"
"592","Schwanden b.B.","2006","[2] BILDUNG","[20] Kindergarten","[200] Kindergarten","2","20","200","[4] Ertrag","[4] ERTRAG","[46] Beiträge","","4","4","46","","8384.50"
"592","Schwanden b.B.","2006","[8] VOLKSWIRTSCHAFT","[81] Forstwirtschaft","[812] Holzernte","8","81","812","[4] Ertrag","[4] ERTRAG","[46] Beiträge","","4","4","46","","28974.10"
"592","Schwanden b.B.","2006","[7] UMWELT UND RAUMORDNUNG","[75] Gewässerverbauungen","[750] Gewässerverbauungen","7","75","750","[4] Ertrag","[4] ERTRAG","[47] Durchlaufende Beiträge","","4","4","47","","53946.65"
"592","Schwanden b.B.","2006","[1] OEFFENTLICHE SICHERHEIT","[14] Wehrdienste","[140] Wehrdienste","1","14","140","[4] Ertrag","[4] ERTRAG","[48] Entnahmen aus Spezialfinanzierungen","","4","4","48","","975.70"
"592","Schwanden b.B.","2006","[0] ALLGEMEINE VERWALTUNG","[01] Legislative und Exekutive","[012] Exekutive","0","1","12","[4] Ertrag","[4] ERTRAG","[49] Interne Verrechnungen","","4","4","49","","900.00"
"592","Schwanden b.B.","2006","[3] KULTUR UND FREIZEIT","[34] Sport","[342] ...","3","34","342","[4] Ertrag","[4] ERTRAG","[49] Interne Verrechnungen","","4","4","49","","327.25"
"592","Schwanden b.B.","2006","[7] UMWELT UND RAUMORDNUNG","[70] Wasserversorgung","[700] Wasserversorgung","7","70","700","[4] Ertrag","[4] ERTRAG","[49] Interne Verrechnungen","","4","4","49","","8862.10"
"592","Schwanden b.B.","2006","[9] FINANZEN UND STEUERN","[94] Vermögens- und Schuldenverwaltung","[944] Burgergut","9","94","944","[4] Ertrag","[4] ERTRAG","[49] Interne Verrechnungen","","4","4","49","","21569.40"
"592","Schwanden b.B.","2006","[0] ALLGEMEINE VERWALTUNG","[09] Nicht aufteilbare Aufgaben","[090] Verwaltungsliegenschaften","0","9","90","[5] Ausgaben","[5] Ausgaben","[50] Sachgüter","","5","5","50","","14864.25"
"592","Schwanden b.B.","2006","[6] VERKEHR","[62] Gemeindestrassen","[620] Gemeindestrassennetz","6","62","620","[5] Ausgaben","[5] Ausgaben","[50] Sachgüter","","5","5","50","","111878.45"
"592","Schwanden b.B.","2006","[7] UMWELT UND RAUMORDNUNG","[75] Gewässerverbauungen","[750] Gewässerverbauungen","7","75","750","[5] Ausgaben","[5] Ausgaben","[50] Sachgüter","","5","5","50","","2950.20"
"592","Schwanden b.B.","2006","[8] VOLKSWIRTSCHAFT","[81] Forstwirtschaft","[811] Kulturen, Pflegemassnahmen","8","81","811","[5] Ausgaben","[5] Ausgaben","[50] Sachgüter","","5","5","50","","10617.35"
"592","Schwanden b.B.","2006","[8] VOLKSWIRTSCHAFT","[81] Forstwirtschaft","[811] Kulturen, Pflegemassnahmen","8","81","811","[5] Ausgaben","[5] Ausgaben","[58] Uebrige zu aktivierende Ausgaben","","5","5","58","","28041.00"
"592","Schwanden b.B.","2006","[7] UMWELT UND RAUMORDNUNG","[70] Wasserversorgung","[700] Wasserversorgung","7","70","700","[6] Einnahmen","[6] Einnahmen","[61] Nutzungsabgaben und Vorteilsentgelte","","6","6","61","","7956.30"
"592","Schwanden b.B.","2006","[7] UMWELT UND RAUMORDNUNG","[71] Abwasserentsorgung","[710] Abwasserentsorgung","7","71","710","[6] Einnahmen","[6] Einnahmen","[61] Nutzungsabgaben und Vorteilsentgelte","","6","6","61","","11978.35"
"592","Schwanden b.B.","2006","[2] BILDUNG","[20] Kindergarten","[200] Kindergarten","2","20","200","[6] Einnahmen","[6] Einnahmen","[66] Beiträge für eigene Rechnung","","6","6","66","","8384.50"
"592","Schwanden b.B.","2006","[3] KULTUR UND FREIZEIT","[30] Kulturförderung","[309] Uebrige Kulturförderung","3","30","309","[6] Einnahmen","[6] Einnahmen","[66] Beiträge für eigene Rechnung","","6","6","66","","1250.00"
"592","Schwanden b.B.","2006","[9] FINANZEN UND STEUERN","[99] Nicht aufgeteilte Posten","[999] Abschluss","9","99","999","[6] Einnahmen","[6] Einnahmen","[69] Aktivierungen","","6","6","69","","197580.20"
"592","Schwanden b.B.","2007","","","","","","","[1] Aktiven","[10] Finanzvermögen","[102] Anlagen","","1","10","102","","2191050.45"
"592","Schwanden b.B.","2007","","","","","","","[1] Aktiven","[11] Verwaltungsvermögen","[114] Sachgüter","","1","11","114","","611899.89"
"592","Schwanden b.B.","2007","","","","","","","[1] Aktiven","[11] Verwaltungsvermögen","[117] Uebrige aktiverte Ausgaben","","1","11","117","","87417.15"
"592","Schwanden b.B.","2007","","","","","","","[2] Passiven","[20] Fremdkapital","[200] Laufende Verpflichtungen","","2","20","200","","95358.05"
"592","Schwanden b.B.","2007","","","","","","","[2] Passiven","[20] Fremdkapital","[202] Mittel- und langfristige Schulden","","2","20","202","","166800.00"
"592","Schwanden b.B.","2007","","","","","","","[2] Passiven","[20] Fremdkapital","[205] Transitorische Passiven","","2","20","205","","1521.40"
"592","Schwanden b.B.","2007","","","","","","","[2] Passiven","[23] Eigenkapital","[239] Eigenkapital","","2","23","239","","654603.59"
"592","Schwanden b.B.","2007","[0] ALLGEMEINE VERWALTUNG","[01] Legislative und Exekutive","[012] Exekutive","0","1","12","[3] Aufwand","[3] AUFWAND","[30] Personalaufwand","","3","3","30","","14384.25"
"592","Schwanden b.B.","2007","[2] BILDUNG","[21] Volksschule","[217] Schulliegenschaften (Ki.garten sofern nicht zuteilbar, Prim + Sek 1)","2","21","217","[3] Aufwand","[3] AUFWAND","[30] Personalaufwand","","3","3","30","","17439.85"
"592","Schwanden b.B.","2007","[3] KULTUR UND FREIZEIT","[30] Kulturförderung","[309] Uebrige Kulturförderung","3","30","309","[3] Aufwand","[3] AUFWAND","[30] Personalaufwand","","3","3","30","","792.00"
"592","Schwanden b.B.","2007","[3] KULTUR UND FREIZEIT","[34] Sport","[341] ...","3","34","341","[3] Aufwand","[3] AUFWAND","[30] Personalaufwand","","3","3","30","","1505.20"
"592","Schwanden b.B.","2007","[4] GESUNDHEIT","[47] Lebensmittelkontrolle","[470] Lebensmittelkontrolle","4","47","470","[3] Aufwand","[3] AUFWAND","[30] Personalaufwand","","3","3","30","","357.15"
"592","Schwanden b.B.","2007","[7] UMWELT UND RAUMORDNUNG","[72] Abfallentsorgung","[720] Abfallentsorgung","7","72","720","[3] Aufwand","[3] AUFWAND","[30] Personalaufwand","","3","3","30","","1000.00"
"592","Schwanden b.B.","2007","[8] VOLKSWIRTSCHAFT","[81] Forstwirtschaft","[810] Forstverwaltung","8","81","810","[3] Aufwand","[3] AUFWAND","[30] Personalaufwand","","3","3","30","","264.00"
"592","Schwanden b.B.","2007","[0] ALLGEMEINE VERWALTUNG","[01] Legislative und Exekutive","[011] Legislative","0","1","11","[3] Aufwand","[3] AUFWAND","[31] Sachaufwand","","3","3","31","","2065.05"
"592","Schwanden b.B.","2007","[0] ALLGEMEINE VERWALTUNG","[01] Legislative und Exekutive","[012] Exekutive","0","1","12","[3] Aufwand","[3] AUFWAND","[31] Sachaufwand","","3","3","31","","15040.65"
"592","Schwanden b.B.","2007","[0] ALLGEMEINE VERWALTUNG","[09] Nicht aufteilbare Aufgaben","[091] ...","0","9","91","[3] Aufwand","[3] AUFWAND","[31] Sachaufwand","","3","3","31","","260.40"
"592","Schwanden b.B.","2007","[1] OEFFENTLICHE SICHERHEIT","[10] Rechtsaufsicht","[101] Uebrige Rechtspflege","1","10","101","[3] Aufwand","[3] AUFWAND","[31] Sachaufwand","","3","3","31","","10569.55"
"592","Schwanden b.B.","2007","[1] OEFFENTLICHE SICHERHEIT","[16] Zivile Landesverteidigung","[160] Zivilschutz","1","16","160","[3] Aufwand","[3] AUFWAND","[31] Sachaufwand","","3","3","31","","144.30"
"592","Schwanden b.B.","2007","[2] BILDUNG","[20] Kindergarten","[200] Kindergarten","2","20","200","[3] Aufwand","[3] AUFWAND","[31] Sachaufwand","","3","3","31","","17.30"
"592","Schwanden b.B.","2007","[3] KULTUR UND FREIZEIT","[34] Sport","[342] ...","3","34","342","[3] Aufwand","[3] AUFWAND","[31] Sachaufwand","","3","3","31","","1455.95"
"592","Schwanden b.B.","2007","[4] GESUNDHEIT","[47] Lebensmittelkontrolle","[470] Lebensmittelkontrolle","4","47","470","[3] Aufwand","[3] AUFWAND","[31] Sachaufwand","","3","3","31","","125.20"
"592","Schwanden b.B.","2007","[6] VERKEHR","[62] Gemeindestrassen","[620] Gemeindestrassennetz","6","62","620","[3] Aufwand","[3] AUFWAND","[31] Sachaufwand","","3","3","31","","49576.30"
"592","Schwanden b.B.","2007","[7] UMWELT UND RAUMORDNUNG","[70] Wasserversorgung","[700] Wasserversorgung","7","70","700","[3] Aufwand","[3] AUFWAND","[31] Sachaufwand","","3","3","31","","22173.45"
"592","Schwanden b.B.","2007","[7] UMWELT UND RAUMORDNUNG","[71] Abwasserentsorgung","[710] Abwasserentsorgung","7","71","710","[3] Aufwand","[3] AUFWAND","[31] Sachaufwand","","3","3","31","","7752.70"
"592","Schwanden b.B.","2007","[7] UMWELT UND RAUMORDNUNG","[78] Uebriger Umweltschutz","[780] Oeffentliche Toiletten","7","78","780","[3] Aufwand","[3] AUFWAND","[31] Sachaufwand","","3","3","31","","1569.30"
"592","Schwanden b.B.","2007","[9] FINANZEN UND STEUERN","[94] Vermögens- und Schuldenverwaltung","[944] Burgergut","9","94","944","[3] Aufwand","[3] AUFWAND","[31] Sachaufwand","","3","3","31","","15734.95"
"592","Schwanden b.B.","2007","[9] FINANZEN UND STEUERN","[94] Vermögens- und Schuldenverwaltung","[940] Zinsen","9","94","940","[3] Aufwand","[3] AUFWAND","[32] Passivzinsen","","3","3","32","","2516.40"
"592","Schwanden b.B.","2007","[9] FINANZEN UND STEUERN","[99] Nicht aufgeteilte Posten","[990] Abschreibungen","9","99","990","[3] Aufwand","[3] AUFWAND","[33] Abschreibungen","","3","3","33","","157055.71"
"592","Schwanden b.B.","2007","[0] ALLGEMEINE VERWALTUNG","[02] Allgemeine Verwaltung","[029] Allgemeine Verwaltung","0","2","29","[3] Aufwand","[3] AUFWAND","[35] Entschädigungen an Gemeinwesen","","3","3","35","","10377.25"
"592","Schwanden b.B.","2007","[2] BILDUNG","[21] Volksschule","[219] Nicht Aufteilbares, Volksschule, Tagesschule","2","21","219","[3] Aufwand","[3] AUFWAND","[35] Entschädigungen an Gemeinwesen","","3","3","35","","279846.30"
"592","Schwanden b.B.","2007","[5] SOZIALE WOHLFAHRT","[50] Altersversicherung","[500] AHV-Zweigstelle","5","50","500","[3] Aufwand","[3] AUFWAND","[35] Entschädigungen an Gemeinwesen","","3","3","35","","7856.10"
"592","Schwanden b.B.","2007","[5] SOZIALE WOHLFAHRT","[58] Sozialhilfe","[587] Lastenausgleich","5","58","587","[3] Aufwand","[3] AUFWAND","[35] Entschädigungen an Gemeinwesen","","3","3","35","","220936.45"
"592","Schwanden b.B.","2007","[7] UMWELT UND RAUMORDNUNG","[72] Abfallentsorgung","[720] Abfallentsorgung","7","72","720","[3] Aufwand","[3] AUFWAND","[35] Entschädigungen an Gemeinwesen","","3","3","35","","1917.75"
"592","Schwanden b.B.","2007","[8] VOLKSWIRTSCHAFT","[81] Forstwirtschaft","[812] Holzernte","8","81","812","[3] Aufwand","[3] AUFWAND","[35] Entschädigungen an Gemeinwesen","","3","3","35","","5891.10"
"592","Schwanden b.B.","2007","[1] OEFFENTLICHE SICHERHEIT","[16] Zivile Landesverteidigung","[160] Zivilschutz","1","16","160","[3] Aufwand","[3] AUFWAND","[36] Eigene Beiträge","","3","3","36","","8178.00"
"592","Schwanden b.B.","2007","[2] BILDUNG","[29] Uebriges Bildungswesen","[292] Erwachsenenbildung","2","29","292","[3] Aufwand","[3] AUFWAND","[36] Eigene Beiträge","","3","3","36","","1858.20"
"592","Schwanden b.B.","2007","[3] KULTUR UND FREIZEIT","[30] Kulturförderung","[309] Uebrige Kulturförderung","3","30","309","[3] Aufwand","[3] AUFWAND","[36] Eigene Beiträge","","3","3","36","","1924.00"
"592","Schwanden b.B.","2007","[3] KULTUR UND FREIZEIT","[33] Parkanlagen und Wanderwege","[330] Parkanlagen und Wanderwege","3","33","330","[3] Aufwand","[3] AUFWAND","[36] Eigene Beiträge","","3","3","36","","182.70"
"592","Schwanden b.B.","2007","[3] KULTUR UND FREIZEIT","[34] Sport","[340] Sport","3","34","340","[3] Aufwand","[3] AUFWAND","[36] Eigene Beiträge","","3","3","36","","1350.00"
"592","Schwanden b.B.","2007","[5] SOZIALE WOHLFAHRT","[51] Invalidenversicherung","[510] Gemeindeanteil am Beitrag des Kantons für die IV","5","51","510","[3] Aufwand","[3] AUFWAND","[36] Eigene Beiträge","","3","3","36","","33782.00"
"592","Schwanden b.B.","2007","[6] VERKEHR","[65] Regionalverkehr","[650] Regionalverkehrsbetriebe","6","65","650","[3] Aufwand","[3] AUFWAND","[36] Eigene Beiträge","","3","3","36","","30255.00"
"592","Schwanden b.B.","2007","[7] UMWELT UND RAUMORDNUNG","[70] Wasserversorgung","[700] Wasserversorgung","7","70","700","[3] Aufwand","[3] AUFWAND","[36] Eigene Beiträge","","3","3","36","","6948.20"
"592","Schwanden b.B.","2007","[7] UMWELT UND RAUMORDNUNG","[74] Friedhof und Bestattung","[740] Friedhof und Bestattung","7","74","740","[3] Aufwand","[3] AUFWAND","[36] Eigene Beiträge","","3","3","36","","17371.00"
"592","Schwanden b.B.","2007","[7] UMWELT UND RAUMORDNUNG","[79] Raumordnung","[790] Raumplanung","7","79","790","[3] Aufwand","[3] AUFWAND","[36] Eigene Beiträge","","3","3","36","","3867.05"
"592","Schwanden b.B.","2007","[8] VOLKSWIRTSCHAFT","[83] Tourismus","[830] Tourismus","8","83","830","[3] Aufwand","[3] AUFWAND","[36] Eigene Beiträge","","3","3","36","","3030.00"
"592","Schwanden b.B.","2007","[9] FINANZEN UND STEUERN","[94] Vermögens- und Schuldenverwaltung","[944] Burgergut","9","94","944","[3] Aufwand","[3] AUFWAND","[36] Eigene Beiträge","","3","3","36","","4615.90"
"592","Schwanden b.B.","2007","[1] OEFFENTLICHE SICHERHEIT","[14] Wehrdienste","[140] Wehrdienste","1","14","140","[3] Aufwand","[3] AUFWAND","[37] Durchlaufende Beiträge","","3","3","37","","19721.35"
"592","Schwanden b.B.","2007","[7] UMWELT UND RAUMORDNUNG","[75] Gewässerverbauungen","[750] Gewässerverbauungen","7","75","750","[3] Aufwand","[3] AUFWAND","[37] Durchlaufende Beiträge","","3","3","37","","92212.60"
"592","Schwanden b.B.","2007","[1] OEFFENTLICHE SICHERHEIT","[16] Zivile Landesverteidigung","[160] Zivilschutz","1","16","160","[3] Aufwand","[3] AUFWAND","[39] Interne Verrechnungen","","3","3","39","","1200.00"
"592","Schwanden b.B.","2007","[7] UMWELT UND RAUMORDNUNG","[70] Wasserversorgung","[700] Wasserversorgung","7","70","700","[3] Aufwand","[3] AUFWAND","[39] Interne Verrechnungen","","3","3","39","","6400.00"
"592","Schwanden b.B.","2007","[7] UMWELT UND RAUMORDNUNG","[71] Abwasserentsorgung","[710] Abwasserentsorgung","7","71","710","[3] Aufwand","[3] AUFWAND","[39] Interne Verrechnungen","","3","3","39","","6300.00"
"592","Schwanden b.B.","2007","[9] FINANZEN UND STEUERN","[94] Vermögens- und Schuldenverwaltung","[944] Burgergut","9","94","944","[3] Aufwand","[3] AUFWAND","[39] Interne Verrechnungen","","3","3","39","","7508.30"
"592","Schwanden b.B.","2007","[9] FINANZEN UND STEUERN","[90] Steuern","[901] Obligatorische aperiodische Steuern","9","90","901","[4] Ertrag","[4] ERTRAG","[40] Steuern","","4","4","40","","58381.85"
"592","Schwanden b.B.","2007","[9] FINANZEN UND STEUERN","[90] Steuern","[903] Steuerabschreibungen","9","90","903","[4] Ertrag","[4] ERTRAG","[40] Steuern","","4","4","40","","1632.55"
"592","Schwanden b.B.","2007","[9] FINANZEN UND STEUERN","[90] Steuern","[904] Fakultative Steuern und Abgaben","9","90","904","[4] Ertrag","[4] ERTRAG","[40] Steuern","","4","4","40","","1900.00"
"592","Schwanden b.B.","2007","[9] FINANZEN UND STEUERN","[94] Vermögens- und Schuldenverwaltung","[944] Burgergut","9","94","944","[4] Ertrag","[4] ERTRAG","[42] Vermögenserträge","","4","4","42","","48919.35"
"592","Schwanden b.B.","2007","[0] ALLGEMEINE VERWALTUNG","[01] Legislative und Exekutive","[011] Legislative","0","1","11","[4] Ertrag","[4] ERTRAG","[43] Entgelte","","4","4","43","","500.00"
"592","Schwanden b.B.","2007","[0] ALLGEMEINE VERWALTUNG","[02] Allgemeine Verwaltung","[029] Allgemeine Verwaltung","0","2","29","[4] Ertrag","[4] ERTRAG","[43] Entgelte","","4","4","43","","6083.95"
"592","Schwanden b.B.","2007","[0] ALLGEMEINE VERWALTUNG","[09] Nicht aufteilbare Aufgaben","[090] Verwaltungsliegenschaften","0","9","90","[4] Ertrag","[4] ERTRAG","[43] Entgelte","","4","4","43","","1074.85"
"592","Schwanden b.B.","2007","[1] OEFFENTLICHE SICHERHEIT","[10] Rechtsaufsicht","[101] Uebrige Rechtspflege","1","10","101","[4] Ertrag","[4] ERTRAG","[43] Entgelte","","4","4","43","","22765.25"
"592","Schwanden b.B.","2007","[1] OEFFENTLICHE SICHERHEIT","[14] Wehrdienste","[140] Wehrdienste","1","14","140","[4] Ertrag","[4] ERTRAG","[43] Entgelte","","4","4","43","","642.65"
"592","Schwanden b.B.","2007","[1] OEFFENTLICHE SICHERHEIT","[15] Militärische Landesverteidigung","[151] Militär","1","15","151","[4] Ertrag","[4] ERTRAG","[43] Entgelte","","4","4","43","","336.60"
"592","Schwanden b.B.","2007","[2] BILDUNG","[21] Volksschule","[214] Musikschulen","2","21","214","[4] Ertrag","[4] ERTRAG","[43] Entgelte","","4","4","43","","1090.25"
"592","Schwanden b.B.","2007","[2] BILDUNG","[21] Volksschule","[217] Schulliegenschaften (Ki.garten sofern nicht zuteilbar, Prim + Sek 1)","2","21","217","[4] Ertrag","[4] ERTRAG","[43] Entgelte","","4","4","43","","2454.30"
"592","Schwanden b.B.","2007","[5] SOZIALE WOHLFAHRT","[58] Sozialhilfe","[580] Sozialhilfe","5","58","580","[4] Ertrag","[4] ERTRAG","[43] Entgelte","","4","4","43","","395.00"
"592","Schwanden b.B.","2007","[5] SOZIALE WOHLFAHRT","[58] Sozialhilfe","[588] Arbeitslosenfürsorge","5","58","588","[4] Ertrag","[4] ERTRAG","[43] Entgelte","","4","4","43","","1812.40"
"592","Schwanden b.B.","2007","[6] VERKEHR","[62] Gemeindestrassen","[620] Gemeindestrassennetz","6","62","620","[4] Ertrag","[4] ERTRAG","[43] Entgelte","","4","4","43","","12485.45"
"592","Schwanden b.B.","2007","[7] UMWELT UND RAUMORDNUNG","[71] Abwasserentsorgung","[710] Abwasserentsorgung","7","71","710","[4] Ertrag","[4] ERTRAG","[43] Entgelte","","4","4","43","","124066.65"
"592","Schwanden b.B.","2007","[7] UMWELT UND RAUMORDNUNG","[72] Abfallentsorgung","[720] Abfallentsorgung","7","72","720","[4] Ertrag","[4] ERTRAG","[43] Entgelte","","4","4","43","","70516.20"
"592","Schwanden b.B.","2007","[7] UMWELT UND RAUMORDNUNG","[75] Gewässerverbauungen","[750] Gewässerverbauungen","7","75","750","[4] Ertrag","[4] ERTRAG","[43] Entgelte","","4","4","43","","1500.00"
"592","Schwanden b.B.","2007","[1] OEFFENTLICHE SICHERHEIT","[10] Rechtsaufsicht","[101] Uebrige Rechtspflege","1","10","101","[4] Ertrag","[4] ERTRAG","[45] Rückerstattungen von Gemeinwesen","","4","4","45","","842.50"
"592","Schwanden b.B.","2007","[5] SOZIALE WOHLFAHRT","[58] Sozialhilfe","[583] Asylwesen","5","58","583","[4] Ertrag","[4] ERTRAG","[45] Rückerstattungen von Gemeinwesen","","4","4","45","","1240.30"
"592","Schwanden b.B.","2007","[5] SOZIALE WOHLFAHRT","[58] Sozialhilfe","[589] Sozialbehörden, Sekretariat","5","58","589","[4] Ertrag","[4] ERTRAG","[45] Rückerstattungen von Gemeinwesen","","4","4","45","","9528.15"
"592","Schwanden b.B.","2007","[3] KULTUR UND FREIZEIT","[30] Kulturförderung","[309] Uebrige Kulturförderung","3","30","309","[4] Ertrag","[4] ERTRAG","[46] Beiträge","","4","4","46","","4656.05"
"592","Schwanden b.B.","2007","[1] OEFFENTLICHE SICHERHEIT","[14] Wehrdienste","[140] Wehrdienste","1","14","140","[4] Ertrag","[4] ERTRAG","[47] Durchlaufende Beiträge","","4","4","47","","19721.35"
"592","Schwanden b.B.","2007","[7] UMWELT UND RAUMORDNUNG","[75] Gewässerverbauungen","[750] Gewässerverbauungen","7","75","750","[4] Ertrag","[4] ERTRAG","[47] Durchlaufende Beiträge","","4","4","47","","92212.60"
"592","Schwanden b.B.","2007","[1] OEFFENTLICHE SICHERHEIT","[14] Wehrdienste","[140] Wehrdienste","1","14","140","[4] Ertrag","[4] ERTRAG","[48] Entnahmen aus Spezialfinanzierungen","","4","4","48","","1659.50"
"592","Schwanden b.B.","2007","[1] OEFFENTLICHE SICHERHEIT","[16] Zivile Landesverteidigung","[160] Zivilschutz","1","16","160","[4] Ertrag","[4] ERTRAG","[48] Entnahmen aus Spezialfinanzierungen","","4","4","48","","7623.00"
"592","Schwanden b.B.","2007","[7] UMWELT UND RAUMORDNUNG","[72] Abfallentsorgung","[720] Abfallentsorgung","7","72","720","[4] Ertrag","[4] ERTRAG","[48] Entnahmen aus Spezialfinanzierungen","","4","4","48","","692.45"
"592","Schwanden b.B.","2007","[3] KULTUR UND FREIZEIT","[34] Sport","[342] ...","3","34","342","[4] Ertrag","[4] ERTRAG","[49] Interne Verrechnungen","","4","4","49","","298.45"
"592","Schwanden b.B.","2007","[6] VERKEHR","[62] Gemeindestrassen","[620] Gemeindestrassennetz","6","62","620","[4] Ertrag","[4] ERTRAG","[49] Interne Verrechnungen","","4","4","49","","57900.00"
"592","Schwanden b.B.","2007","[7] UMWELT UND RAUMORDNUNG","[70] Wasserversorgung","[700] Wasserversorgung","7","70","700","[4] Ertrag","[4] ERTRAG","[49] Interne Verrechnungen","","4","4","49","","10273.60"
"592","Schwanden b.B.","2007","[7] UMWELT UND RAUMORDNUNG","[71] Abwasserentsorgung","[710] Abwasserentsorgung","7","71","710","[4] Ertrag","[4] ERTRAG","[49] Interne Verrechnungen","","4","4","49","","8442.10"
"592","Schwanden b.B.","2007","[9] FINANZEN UND STEUERN","[94] Vermögens- und Schuldenverwaltung","[944] Burgergut","9","94","944","[4] Ertrag","[4] ERTRAG","[49] Interne Verrechnungen","","4","4","49","","21724.80"
"592","Schwanden b.B.","2007","[0] ALLGEMEINE VERWALTUNG","[09] Nicht aufteilbare Aufgaben","[090] Verwaltungsliegenschaften","0","9","90","[5] Ausgaben","[5] Ausgaben","[50] Sachgüter","","5","5","50","","2976.75"
"592","Schwanden b.B.","2007","[2] BILDUNG","[21] Volksschule","[217] Schulliegenschaften (Ki.garten sofern nicht zuteilbar, Prim + Sek 1)","2","21","217","[5] Ausgaben","[5] Ausgaben","[50] Sachgüter","","5","5","50","","8653.00"
"592","Schwanden b.B.","2007","[3] KULTUR UND FREIZEIT","[34] Sport","[342] ...","3","34","342","[5] Ausgaben","[5] Ausgaben","[50] Sachgüter","","5","5","50","","39621.75"
"592","Schwanden b.B.","2007","[6] VERKEHR","[62] Gemeindestrassen","[620] Gemeindestrassennetz","6","62","620","[5] Ausgaben","[5] Ausgaben","[50] Sachgüter","","5","5","50","","160567.80"
"592","Schwanden b.B.","2007","[7] UMWELT UND RAUMORDNUNG","[70] Wasserversorgung","[700] Wasserversorgung","7","70","700","[5] Ausgaben","[5] Ausgaben","[50] Sachgüter","","5","5","50","","14763.70"
"592","Schwanden b.B.","2007","[7] UMWELT UND RAUMORDNUNG","[71] Abwasserentsorgung","[710] Abwasserentsorgung","7","71","710","[5] Ausgaben","[5] Ausgaben","[50] Sachgüter","","5","5","50","","34790.15"
"592","Schwanden b.B.","2007","[7] UMWELT UND RAUMORDNUNG","[75] Gewässerverbauungen","[750] Gewässerverbauungen","7","75","750","[5] Ausgaben","[5] Ausgaben","[50] Sachgüter","","5","5","50","","3169.85"
"592","Schwanden b.B.","2007","[9] FINANZEN UND STEUERN","[94] Vermögens- und Schuldenverwaltung","[944] Burgergut","9","94","944","[5] Ausgaben","[5] Ausgaben","[52] Darlehen und Beteiligungen","","5","5","52","","30000.00"
"592","Schwanden b.B.","2007","[9] FINANZEN UND STEUERN","[94] Vermögens- und Schuldenverwaltung","[944] Burgergut","9","94","944","[6] Einnahmen","[6] Einnahmen","[60] Abgang von Sachgütern","","6","6","60","","10360.00"
"592","Schwanden b.B.","2007","[6] VERKEHR","[62] Gemeindestrassen","[620] Gemeindestrassennetz","6","62","620","[6] Einnahmen","[6] Einnahmen","[61] Nutzungsabgaben und Vorteilsentgelte","","6","6","61","","6274.00"
"592","Schwanden b.B.","2007","[7] UMWELT UND RAUMORDNUNG","[70] Wasserversorgung","[700] Wasserversorgung","7","70","700","[6] Einnahmen","[6] Einnahmen","[61] Nutzungsabgaben und Vorteilsentgelte","","6","6","61","","8765.10"
"592","Schwanden b.B.","2007","[7] UMWELT UND RAUMORDNUNG","[71] Abwasserentsorgung","[710] Abwasserentsorgung","7","71","710","[6] Einnahmen","[6] Einnahmen","[61] Nutzungsabgaben und Vorteilsentgelte","","6","6","61","","21144.10"
"592","Schwanden b.B.","2007","[3] KULTUR UND FREIZEIT","[34] Sport","[342] ...","3","34","342","[6] Einnahmen","[6] Einnahmen","[66] Beiträge für eigene Rechnung","","6","6","66","","10944.30"
"592","Schwanden b.B.","2007","[6] VERKEHR","[62] Gemeindestrassen","[620] Gemeindestrassennetz","6","62","620","[6] Einnahmen","[6] Einnahmen","[66] Beiträge für eigene Rechnung","","6","6","66","","143799.15"
"592","Schwanden b.B.","2007","[9] FINANZEN UND STEUERN","[99] Nicht aufgeteilte Posten","[999] Abschluss","9","99","999","[6] Einnahmen","[6] Einnahmen","[69] Aktivierungen","","6","6","69","","328403.00"
"592","Schwanden b.B.","2008","","","","","","","[1] Aktiven","[10] Finanzvermögen","[101] Guthaben","","1","10","101","","754655.50"
"592","Schwanden b.B.","2008","","","","","","","[1] Aktiven","[11] Verwaltungsvermögen","[116] Investitionsbeiträge","","1","11","116","","45688.30"
"592","Schwanden b.B.","2008","","","","","","","[2] Passiven","[20] Fremdkapital","[204] Rückstellungen","","2","20","204","","122168.15"
"592","Schwanden b.B.","2008","","","","","","","[2] Passiven","[22] Spezialfinanzierungen","[228] Verpflichtungen für Spezialfinanzierungen","","2","22","228","","3019013.46"
"592","Schwanden b.B.","2008","[0] ALLGEMEINE VERWALTUNG","[01] Legislative und Exekutive","[011] Legislative","0","1","11","[3] Aufwand","[3] AUFWAND","[30] Personalaufwand","","3","3","30","","6417.00"
"592","Schwanden b.B.","2008","[0] ALLGEMEINE VERWALTUNG","[01] Legislative und Exekutive","[012] Exekutive","0","1","12","[3] Aufwand","[3] AUFWAND","[30] Personalaufwand","","3","3","30","","16396.00"
"592","Schwanden b.B.","2008","[7] UMWELT UND RAUMORDNUNG","[70] Wasserversorgung","[700] Wasserversorgung","7","70","700","[3] Aufwand","[3] AUFWAND","[30] Personalaufwand","","3","3","30","","7071.10"
"592","Schwanden b.B.","2008","[9] FINANZEN UND STEUERN","[94] Vermögens- und Schuldenverwaltung","[944] Burgergut","9","94","944","[3] Aufwand","[3] AUFWAND","[30] Personalaufwand","","3","3","30","","264.00"
"592","Schwanden b.B.","2008","[0] ALLGEMEINE VERWALTUNG","[01] Legislative und Exekutive","[011] Legislative","0","1","11","[3] Aufwand","[3] AUFWAND","[31] Sachaufwand","","3","3","31","","2089.85"
"592","Schwanden b.B.","2008","[0] ALLGEMEINE VERWALTUNG","[02] Allgemeine Verwaltung","[029] Allgemeine Verwaltung","0","2","29","[3] Aufwand","[3] AUFWAND","[31] Sachaufwand","","3","3","31","","40465.21"
"592","Schwanden b.B.","2008","[0] ALLGEMEINE VERWALTUNG","[09] Nicht aufteilbare Aufgaben","[090] Verwaltungsliegenschaften","0","9","90","[3] Aufwand","[3] AUFWAND","[31] Sachaufwand","","3","3","31","","22611.00"
"592","Schwanden b.B.","2008","[1] OEFFENTLICHE SICHERHEIT","[10] Rechtsaufsicht","[101] Uebrige Rechtspflege","1","10","101","[3] Aufwand","[3] AUFWAND","[31] Sachaufwand","","3","3","31","","6347.50"
"592","Schwanden b.B.","2008","[1] OEFFENTLICHE SICHERHEIT","[14] Wehrdienste","[140] Wehrdienste","1","14","140","[3] Aufwand","[3] AUFWAND","[31] Sachaufwand","","3","3","31","","1041.20"
"592","Schwanden b.B.","2008","[1] OEFFENTLICHE SICHERHEIT","[15] Militärische Landesverteidigung","[151] Militär","1","15","151","[3] Aufwand","[3] AUFWAND","[31] Sachaufwand","","3","3","31","","301.90"
"592","Schwanden b.B.","2008","[2] BILDUNG","[21] Volksschule","[217] Schulliegenschaften (Ki.garten sofern nicht zuteilbar, Prim + Sek 1)","2","21","217","[3] Aufwand","[3] AUFWAND","[31] Sachaufwand","","3","3","31","","32793.30"
"592","Schwanden b.B.","2008","[3] KULTUR UND FREIZEIT","[34] Sport","[342] ...","3","34","342","[3] Aufwand","[3] AUFWAND","[31] Sachaufwand","","3","3","31","","1145.75"
"592","Schwanden b.B.","2008","[4] GESUNDHEIT","[46] Schulgesundheitsdienst","[461] Schulzahnärztliche Pflege","4","46","461","[3] Aufwand","[3] AUFWAND","[31] Sachaufwand","","3","3","31","","921.10"
"592","Schwanden b.B.","2008","[6] VERKEHR","[62] Gemeindestrassen","[620] Gemeindestrassennetz","6","62","620","[3] Aufwand","[3] AUFWAND","[31] Sachaufwand","","3","3","31","","51232.60"
"592","Schwanden b.B.","2008","[7] UMWELT UND RAUMORDNUNG","[71] Abwasserentsorgung","[710] Abwasserentsorgung","7","71","710","[3] Aufwand","[3] AUFWAND","[31] Sachaufwand","","3","3","31","","5912.90"
"592","Schwanden b.B.","2008","[7] UMWELT UND RAUMORDNUNG","[72] Abfallentsorgung","[720] Abfallentsorgung","7","72","720","[3] Aufwand","[3] AUFWAND","[31] Sachaufwand","","3","3","31","","47915.65"
"592","Schwanden b.B.","2008","[8] VOLKSWIRTSCHAFT","[81] Forstwirtschaft","[810] Forstverwaltung","8","81","810","[3] Aufwand","[3] AUFWAND","[31] Sachaufwand","","3","3","31","","591.20"
"592","Schwanden b.B.","2008","[8] VOLKSWIRTSCHAFT","[81] Forstwirtschaft","[813] Strassen- und Wegunterhalt","8","81","813","[3] Aufwand","[3] AUFWAND","[31] Sachaufwand","","3","3","31","","800.05"
"592","Schwanden b.B.","2008","[8] VOLKSWIRTSCHAFT","[81] Forstwirtschaft","[812] Holzernte","8","81","812","[3] Aufwand","[3] AUFWAND","[32] Passivzinsen","","3","3","32","","435.10"
"592","Schwanden b.B.","2008","[7] UMWELT UND RAUMORDNUNG","[70] Wasserversorgung","[700] Wasserversorgung","7","70","700","[3] Aufwand","[3] AUFWAND","[33] Abschreibungen","","3","3","33","","54041.40"
"592","Schwanden b.B.","2008","[7] UMWELT UND RAUMORDNUNG","[71] Abwasserentsorgung","[710] Abwasserentsorgung","7","71","710","[3] Aufwand","[3] AUFWAND","[33] Abschreibungen","","3","3","33","","711.00"
"592","Schwanden b.B.","2008","[2] BILDUNG","[20] Kindergarten","[200] Kindergarten","2","20","200","[3] Aufwand","[3] AUFWAND","[35] Entschädigungen an Gemeinwesen","","3","3","35","","16886.90"
"592","Schwanden b.B.","2008","[2] BILDUNG","[21] Volksschule","[219] Nicht Aufteilbares, Volksschule, Tagesschule","2","21","219","[3] Aufwand","[3] AUFWAND","[35] Entschädigungen an Gemeinwesen","","3","3","35","","286503.55"
"592","Schwanden b.B.","2008","[4] GESUNDHEIT","[47] Lebensmittelkontrolle","[470] Lebensmittelkontrolle","4","47","470","[3] Aufwand","[3] AUFWAND","[35] Entschädigungen an Gemeinwesen","","3","3","35","","82.10"
"592","Schwanden b.B.","2008","[5] SOZIALE WOHLFAHRT","[58] Sozialhilfe","[587] Lastenausgleich","5","58","587","[3] Aufwand","[3] AUFWAND","[35] Entschädigungen an Gemeinwesen","","3","3","35","","227727.60"
"592","Schwanden b.B.","2008","[5] SOZIALE WOHLFAHRT","[58] Sozialhilfe","[589] Sozialbehörden, Sekretariat","5","58","589","[3] Aufwand","[3] AUFWAND","[35] Entschädigungen an Gemeinwesen","","3","3","35","","11275.20"
"592","Schwanden b.B.","2008","[8] VOLKSWIRTSCHAFT","[81] Forstwirtschaft","[812] Holzernte","8","81","812","[3] Aufwand","[3] AUFWAND","[35] Entschädigungen an Gemeinwesen","","3","3","35","","7753.65"
"592","Schwanden b.B.","2008","[9] FINANZEN UND STEUERN","[94] Vermögens- und Schuldenverwaltung","[944] Burgergut","9","94","944","[3] Aufwand","[3] AUFWAND","[35] Entschädigungen an Gemeinwesen","","3","3","35","","18200.00"
"592","Schwanden b.B.","2008","[0] ALLGEMEINE VERWALTUNG","[02] Allgemeine Verwaltung","[029] Allgemeine Verwaltung","0","2","29","[3] Aufwand","[3] AUFWAND","[36] Eigene Beiträge","","3","3","36","","1596.00"
"592","Schwanden b.B.","2008","[1] OEFFENTLICHE SICHERHEIT","[10] Rechtsaufsicht","[101] Uebrige Rechtspflege","1","10","101","[3] Aufwand","[3] AUFWAND","[36] Eigene Beiträge","","3","3","36","","736.05"
"592","Schwanden b.B.","2008","[2] BILDUNG","[29] Uebriges Bildungswesen","[292] Erwachsenenbildung","2","29","292","[3] Aufwand","[3] AUFWAND","[36] Eigene Beiträge","","3","3","36","","1858.20"
"592","Schwanden b.B.","2008","[3] KULTUR UND FREIZEIT","[34] Sport","[340] Sport","3","34","340","[3] Aufwand","[3] AUFWAND","[36] Eigene Beiträge","","3","3","36","","850.00"
"592","Schwanden b.B.","2008","[3] KULTUR UND FREIZEIT","[35] Uebrige Freizeitgestaltung","[350] Uebrige Freizeitgestaltung","3","35","350","[3] Aufwand","[3] AUFWAND","[36] Eigene Beiträge","","3","3","36","","400.00"
"592","Schwanden b.B.","2008","[4] GESUNDHEIT","[44] Ambulante Krankenpflege","[440] Spitex/Krankenpflege","4","44","440","[3] Aufwand","[3] AUFWAND","[36] Eigene Beiträge","","3","3","36","","150.00"
"592","Schwanden b.B.","2008","[4] GESUNDHEIT","[45] Krankheitsbekämpfung","[450] Krankheitsbekämpfung","4","45","450","[3] Aufwand","[3] AUFWAND","[36] Eigene Beiträge","","3","3","36","","605.00"
"592","Schwanden b.B.","2008","[5] SOZIALE WOHLFAHRT","[50] Altersversicherung","[501] Gemeindeanteil am Beitrag des Kantons für die AHV","5","50","501","[3] Aufwand","[3] AUFWAND","[36] Eigene Beiträge","","3","3","36","","46326.00"
"592","Schwanden b.B.","2008","[5] SOZIALE WOHLFAHRT","[53] Sonstige Sozialversicherungen","[530] Ergänzungsleistungen der AHV, IV","5","53","530","[3] Aufwand","[3] AUFWAND","[36] Eigene Beiträge","","3","3","36","","93684.00"
"592","Schwanden b.B.","2008","[5] SOZIALE WOHLFAHRT","[54] Jugendschutz","[540] Jugendschutz","5","54","540","[3] Aufwand","[3] AUFWAND","[36] Eigene Beiträge","","3","3","36","","100.00"
"592","Schwanden b.B.","2008","[5] SOZIALE WOHLFAHRT","[54] Jugendschutz","[541] Kinderheime und -krippen, Waisenhäuser","5","54","541","[3] Aufwand","[3] AUFWAND","[36] Eigene Beiträge","","3","3","36","","100.00"
"592","Schwanden b.B.","2008","[5] SOZIALE WOHLFAHRT","[58] Sozialhilfe","[583] Asylwesen","5","58","583","[3] Aufwand","[3] AUFWAND","[36] Eigene Beiträge","","3","3","36","","808.79"
"592","Schwanden b.B.","2008","[6] VERKEHR","[62] Gemeindestrassen","[620] Gemeindestrassennetz","6","62","620","[3] Aufwand","[3] AUFWAND","[36] Eigene Beiträge","","3","3","36","","15871.85"
"592","Schwanden b.B.","2008","[7] UMWELT UND RAUMORDNUNG","[70] Wasserversorgung","[700] Wasserversorgung","7","70","700","[3] Aufwand","[3] AUFWAND","[36] Eigene Beiträge","","3","3","36","","9458.20"
"592","Schwanden b.B.","2008","[7] UMWELT UND RAUMORDNUNG","[71] Abwasserentsorgung","[710] Abwasserentsorgung","7","71","710","[3] Aufwand","[3] AUFWAND","[36] Eigene Beiträge","","3","3","36","","53684.85"
"592","Schwanden b.B.","2008","[7] UMWELT UND RAUMORDNUNG","[75] Gewässerverbauungen","[750] Gewässerverbauungen","7","75","750","[3] Aufwand","[3] AUFWAND","[36] Eigene Beiträge","","3","3","36","","5001.95"
"592","Schwanden b.B.","2008","[7] UMWELT UND RAUMORDNUNG","[79] Raumordnung","[790] Raumplanung","7","79","790","[3] Aufwand","[3] AUFWAND","[36] Eigene Beiträge","","3","3","36","","3865.20"
"592","Schwanden b.B.","2008","[8] VOLKSWIRTSCHAFT","[80] Landwirtschaft","[800] Landwirtschaft","8","80","800","[3] Aufwand","[3] AUFWAND","[36] Eigene Beiträge","","3","3","36","","50.00"
"592","Schwanden b.B.","2008","[8] VOLKSWIRTSCHAFT","[83] Tourismus","[830] Tourismus","8","83","830","[3] Aufwand","[3] AUFWAND","[36] Eigene Beiträge","","3","3","36","","3030.00"
"592","Schwanden b.B.","2008","[1] OEFFENTLICHE SICHERHEIT","[14] Wehrdienste","[140] Wehrdienste","1","14","140","[3] Aufwand","[3] AUFWAND","[37] Durchlaufende Beiträge","","3","3","37","","20837.55"
"592","Schwanden b.B.","2008","[7] UMWELT UND RAUMORDNUNG","[70] Wasserversorgung","[700] Wasserversorgung","7","70","700","[3] Aufwand","[3] AUFWAND","[38] Einlagen in Spezialfinanzierungen","","3","3","38","","58505.45"
"592","Schwanden b.B.","2008","[9] FINANZEN UND STEUERN","[94] Vermögens- und Schuldenverwaltung","[944] Burgergut","9","94","944","[3] Aufwand","[3] AUFWAND","[38] Einlagen in Spezialfinanzierungen","","3","3","38","","2280.55"
"592","Schwanden b.B.","2008","[0] ALLGEMEINE VERWALTUNG","[09] Nicht aufteilbare Aufgaben","[090] Verwaltungsliegenschaften","0","9","90","[3] Aufwand","[3] AUFWAND","[39] Interne Verrechnungen","","3","3","39","","5500.00"
"592","Schwanden b.B.","2008","[2] BILDUNG","[21] Volksschule","[217] Schulliegenschaften (Ki.garten sofern nicht zuteilbar, Prim + Sek 1)","2","21","217","[3] Aufwand","[3] AUFWAND","[39] Interne Verrechnungen","","3","3","39","","20000.00"
"592","Schwanden b.B.","2008","[5] SOZIALE WOHLFAHRT","[50] Altersversicherung","[500] AHV-Zweigstelle","5","50","500","[3] Aufwand","[3] AUFWAND","[39] Interne Verrechnungen","","3","3","39","","500.00"
"592","Schwanden b.B.","2008","[7] UMWELT UND RAUMORDNUNG","[71] Abwasserentsorgung","[710] Abwasserentsorgung","7","71","710","[3] Aufwand","[3] AUFWAND","[39] Interne Verrechnungen","","3","3","39","","5800.00"
"592","Schwanden b.B.","2008","[7] UMWELT UND RAUMORDNUNG","[72] Abfallentsorgung","[720] Abfallentsorgung","7","72","720","[3] Aufwand","[3] AUFWAND","[39] Interne Verrechnungen","","3","3","39","","21324.25"
"592","Schwanden b.B.","2008","[9] FINANZEN UND STEUERN","[94] Vermögens- und Schuldenverwaltung","[940] Zinsen","9","94","940","[3] Aufwand","[3] AUFWAND","[39] Interne Verrechnungen","","3","3","39","","43338.95"
"592","Schwanden b.B.","2008","[3] KULTUR UND FREIZEIT","[34] Sport","[341] ...","3","34","341","[4] Ertrag","[4] ERTRAG","[40] Steuern","","4","4","40","","5146.05"
"592","Schwanden b.B.","2008","[9] FINANZEN UND STEUERN","[90] Steuern","[900] Obligatorische periodische Steuern","9","90","900","[4] Ertrag","[4] ERTRAG","[40] Steuern","","4","4","40","","953842.65"
"592","Schwanden b.B.","2008","[9] FINANZEN UND STEUERN","[90] Steuern","[903] Steuerabschreibungen","9","90","903","[4] Ertrag","[4] ERTRAG","[40] Steuern","","4","4","40","","635.55"
"592","Schwanden b.B.","2008","[7] UMWELT UND RAUMORDNUNG","[71] Abwasserentsorgung","[710] Abwasserentsorgung","7","71","710","[4] Ertrag","[4] ERTRAG","[42] Vermögenserträge","","4","4","42","","19242.65"
"592","Schwanden b.B.","2008","[9] FINANZEN UND STEUERN","[94] Vermögens- und Schuldenverwaltung","[940] Zinsen","9","94","940","[4] Ertrag","[4] ERTRAG","[42] Vermögenserträge","","4","4","42","","27899.05"
"592","Schwanden b.B.","2008","[0] ALLGEMEINE VERWALTUNG","[01] Legislative und Exekutive","[012] Exekutive","0","1","12","[4] Ertrag","[4] ERTRAG","[43] Entgelte","","4","4","43","","508.35"
"592","Schwanden b.B.","2008","[0] ALLGEMEINE VERWALTUNG","[02] Allgemeine Verwaltung","[029] Allgemeine Verwaltung","0","2","29","[4] Ertrag","[4] ERTRAG","[43] Entgelte","","4","4","43","","13909.40"
"592","Schwanden b.B.","2008","[0] ALLGEMEINE VERWALTUNG","[09] Nicht aufteilbare Aufgaben","[090] Verwaltungsliegenschaften","0","9","90","[4] Ertrag","[4] ERTRAG","[43] Entgelte","","4","4","43","","1515.75"
"592","Schwanden b.B.","2008","[1] OEFFENTLICHE SICHERHEIT","[10] Rechtsaufsicht","[100] Mass und Gewicht","1","10","100","[4] Ertrag","[4] ERTRAG","[43] Entgelte","","4","4","43","","2815.95"
"592","Schwanden b.B.","2008","[1] OEFFENTLICHE SICHERHEIT","[14] Wehrdienste","[140] Wehrdienste","1","14","140","[4] Ertrag","[4] ERTRAG","[43] Entgelte","","4","4","43","","856.60"
"592","Schwanden b.B.","2008","[2] BILDUNG","[20] Kindergarten","[200] Kindergarten","2","20","200","[4] Ertrag","[4] ERTRAG","[43] Entgelte","","4","4","43","","1201.00"
"592","Schwanden b.B.","2007","[4] GESUNDHEIT","[40] Spitäler","[400] Spitäler","4","40","400","[4] Ertrag","[4] ERTRAG","[46] Beiträge","","4","4","46","","22555.90"
"592","Schwanden b.B.","2007","[6] VERKEHR","[62] Gemeindestrassen","[620] Gemeindestrassennetz","6","62","620","[4] Ertrag","[4] ERTRAG","[46] Beiträge","","4","4","46","","48142.00"
"592","Schwanden b.B.","2007","[8] VOLKSWIRTSCHAFT","[81] Forstwirtschaft","[810] Forstverwaltung","8","81","810","[4] Ertrag","[4] ERTRAG","[46] Beiträge","","4","4","46","","510.70"
"592","Schwanden b.B.","2007","[3] KULTUR UND FREIZEIT","[34] Sport","[342] ...","3","34","342","[4] Ertrag","[4] ERTRAG","[48] Entnahmen aus Spezialfinanzierungen","","4","4","48","","1157.50"
"592","Schwanden b.B.","2007","[7] UMWELT UND RAUMORDNUNG","[70] Wasserversorgung","[700] Wasserversorgung","7","70","700","[4] Ertrag","[4] ERTRAG","[48] Entnahmen aus Spezialfinanzierungen","","4","4","48","","8224.50"
"592","Schwanden b.B.","2007","[7] UMWELT UND RAUMORDNUNG","[71] Abwasserentsorgung","[710] Abwasserentsorgung","7","71","710","[4] Ertrag","[4] ERTRAG","[48] Entnahmen aus Spezialfinanzierungen","","4","4","48","","13646.05"
"592","Schwanden b.B.","2007","[0] ALLGEMEINE VERWALTUNG","[01] Legislative und Exekutive","[012] Exekutive","0","1","12","[4] Ertrag","[4] ERTRAG","[49] Interne Verrechnungen","","4","4","49","","900.00"
"592","Schwanden b.B.","2007","[0] ALLGEMEINE VERWALTUNG","[02] Allgemeine Verwaltung","[029] Allgemeine Verwaltung","0","2","29","[4] Ertrag","[4] ERTRAG","[49] Interne Verrechnungen","","4","4","49","","21600.00"
"592","Schwanden b.B.","2007","[3] KULTUR UND FREIZEIT","[34] Sport","[341] ...","3","34","341","[4] Ertrag","[4] ERTRAG","[49] Interne Verrechnungen","","4","4","49","","22.50"
"592","Schwanden b.B.","2007","[9] FINANZEN UND STEUERN","[94] Vermögens- und Schuldenverwaltung","[940] Zinsen","9","94","940","[4] Ertrag","[4] ERTRAG","[49] Interne Verrechnungen","","4","4","49","","80.15"
"592","Schwanden b.B.","2007","[9] FINANZEN UND STEUERN","[99] Nicht aufgeteilte Posten","[990] Abschreibungen","9","99","990","[4] Ertrag","[4] ERTRAG","[49] Interne Verrechnungen","","4","4","49","","1906.30"
"592","Schwanden b.B.","2007","[1] OEFFENTLICHE SICHERHEIT","[10] Rechtsaufsicht","[100] Mass und Gewicht","1","10","100","[5] Ausgaben","[5] Ausgaben","[50] Sachgüter","","5","5","50","","23500.00"
"592","Schwanden b.B.","2007","[9] FINANZEN UND STEUERN","[94] Vermögens- und Schuldenverwaltung","[944] Burgergut","9","94","944","[5] Ausgaben","[5] Ausgaben","[59] Passivierungen","","5","5","59","","10360.00"
"592","Schwanden b.B.","2007","[9] FINANZEN UND STEUERN","[99] Nicht aufgeteilte Posten","[999] Abschluss","9","99","999","[5] Ausgaben","[5] Ausgaben","[59] Passivierungen","","5","5","59","","207386.65"
"592","Schwanden b.B.","2007","[3] KULTUR UND FREIZEIT","[34] Sport","[340] Sport","3","34","340","[6] Einnahmen","[6] Einnahmen","[62] Rückzahlung von Darlehen und Beteiligungen","","6","6","62","","5500.00"
"592","Schwanden b.B.","2007","[3] KULTUR UND FREIZEIT","[30] Kulturförderung","[309] Uebrige Kulturförderung","3","30","309","[6] Einnahmen","[6] Einnahmen","[66] Beiträge für eigene Rechnung","","6","6","66","","600.00"
"592","Schwanden b.B.","2008","","","","","","","[1] Aktiven","[10] Finanzvermögen","[100] Flüssige Mittel","","1","10","100","","110145.04"
"592","Schwanden b.B.","2008","","","","","","","[1] Aktiven","[10] Finanzvermögen","[102] Anlagen","","1","10","102","","2250948.29"
"592","Schwanden b.B.","2008","","","","","","","[1] Aktiven","[10] Finanzvermögen","[103] Transitorische Aktiven","","1","10","103","","299683.65"
"592","Schwanden b.B.","2008","","","","","","","[1] Aktiven","[11] Verwaltungsvermögen","[114] Sachgüter","","1","11","114","","573002.09"
"592","Schwanden b.B.","2008","","","","","","","[1] Aktiven","[11] Verwaltungsvermögen","[115] Darlehen und Beteiligungen","","1","11","115","","57506.00"
"592","Schwanden b.B.","2008","","","","","","","[1] Aktiven","[11] Verwaltungsvermögen","[117] Uebrige aktiverte Ausgaben","","1","11","117","","104489.60"
"592","Schwanden b.B.","2008","","","","","","","[2] Passiven","[20] Fremdkapital","[200] Laufende Verpflichtungen","","2","20","200","","245906.02"
"592","Schwanden b.B.","2008","","","","","","","[2] Passiven","[20] Fremdkapital","[202] Mittel- und langfristige Schulden","","2","20","202","","145950.00"
"592","Schwanden b.B.","2008","","","","","","","[2] Passiven","[20] Fremdkapital","[203] Verpflichtungen für Sonderrechnungen","","2","20","203","","10383.50"
"592","Schwanden b.B.","2008","","","","","","","[2] Passiven","[20] Fremdkapital","[205] Transitorische Passiven","","2","20","205","","1706.85"
"592","Schwanden b.B.","2008","","","","","","","[2] Passiven","[23] Eigenkapital","[239] Eigenkapital","","2","23","239","","650990.49"
"592","Schwanden b.B.","2008","[0] ALLGEMEINE VERWALTUNG","[02] Allgemeine Verwaltung","[029] Allgemeine Verwaltung","0","2","29","[3] Aufwand","[3] AUFWAND","[30] Personalaufwand","","3","3","30","","202325.20"
"592","Schwanden b.B.","2008","[0] ALLGEMEINE VERWALTUNG","[09] Nicht aufteilbare Aufgaben","[090] Verwaltungsliegenschaften","0","9","90","[3] Aufwand","[3] AUFWAND","[30] Personalaufwand","","3","3","30","","5141.00"
"592","Schwanden b.B.","2008","[1] OEFFENTLICHE SICHERHEIT","[10] Rechtsaufsicht","[101] Uebrige Rechtspflege","1","10","101","[3] Aufwand","[3] AUFWAND","[30] Personalaufwand","","3","3","30","","22.80"
"592","Schwanden b.B.","2008","[2] BILDUNG","[21] Volksschule","[217] Schulliegenschaften (Ki.garten sofern nicht zuteilbar, Prim + Sek 1)","2","21","217","[3] Aufwand","[3] AUFWAND","[30] Personalaufwand","","3","3","30","","16014.30"
"592","Schwanden b.B.","2008","[3] KULTUR UND FREIZEIT","[30] Kulturförderung","[309] Uebrige Kulturförderung","3","30","309","[3] Aufwand","[3] AUFWAND","[30] Personalaufwand","","3","3","30","","1344.00"
"592","Schwanden b.B.","2008","[3] KULTUR UND FREIZEIT","[34] Sport","[341] ...","3","34","341","[3] Aufwand","[3] AUFWAND","[30] Personalaufwand","","3","3","30","","1320.00"
"592","Schwanden b.B.","2008","[6] VERKEHR","[62] Gemeindestrassen","[620] Gemeindestrassennetz","6","62","620","[3] Aufwand","[3] AUFWAND","[30] Personalaufwand","","3","3","30","","94760.85"
"592","Schwanden b.B.","2008","[7] UMWELT UND RAUMORDNUNG","[71] Abwasserentsorgung","[710] Abwasserentsorgung","7","71","710","[3] Aufwand","[3] AUFWAND","[30] Personalaufwand","","3","3","30","","341.00"
"592","Schwanden b.B.","2008","[7] UMWELT UND RAUMORDNUNG","[72] Abfallentsorgung","[720] Abfallentsorgung","7","72","720","[3] Aufwand","[3] AUFWAND","[30] Personalaufwand","","3","3","30","","1000.00"
"592","Schwanden b.B.","2008","[8] VOLKSWIRTSCHAFT","[81] Forstwirtschaft","[810] Forstverwaltung","8","81","810","[3] Aufwand","[3] AUFWAND","[30] Personalaufwand","","3","3","30","","264.00"
"592","Schwanden b.B.","2008","[0] ALLGEMEINE VERWALTUNG","[01] Legislative und Exekutive","[012] Exekutive","0","1","12","[3] Aufwand","[3] AUFWAND","[31] Sachaufwand","","3","3","31","","19648.50"
"592","Schwanden b.B.","2008","[0] ALLGEMEINE VERWALTUNG","[09] Nicht aufteilbare Aufgaben","[091] ...","0","9","91","[3] Aufwand","[3] AUFWAND","[31] Sachaufwand","","3","3","31","","431.40"
"592","Schwanden b.B.","2008","[1] OEFFENTLICHE SICHERHEIT","[10] Rechtsaufsicht","[100] Mass und Gewicht","1","10","100","[3] Aufwand","[3] AUFWAND","[31] Sachaufwand","","3","3","31","","8797.90"
"592","Schwanden b.B.","2008","[1] OEFFENTLICHE SICHERHEIT","[16] Zivile Landesverteidigung","[160] Zivilschutz","1","16","160","[3] Aufwand","[3] AUFWAND","[31] Sachaufwand","","3","3","31","","386.40"
"592","Schwanden b.B.","2008","[2] BILDUNG","[20] Kindergarten","[200] Kindergarten","2","20","200","[3] Aufwand","[3] AUFWAND","[31] Sachaufwand","","3","3","31","","17.30"
"592","Schwanden b.B.","2008","[2] BILDUNG","[21] Volksschule","[219] Nicht Aufteilbares, Volksschule, Tagesschule","2","21","219","[3] Aufwand","[3] AUFWAND","[31] Sachaufwand","","3","3","31","","8631.10"
"592","Schwanden b.B.","2008","[3] KULTUR UND FREIZEIT","[30] Kulturförderung","[309] Uebrige Kulturförderung","3","30","309","[3] Aufwand","[3] AUFWAND","[31] Sachaufwand","","3","3","31","","15660.75"
"592","Schwanden b.B.","2008","[3] KULTUR UND FREIZEIT","[33] Parkanlagen und Wanderwege","[330] Parkanlagen und Wanderwege","3","33","330","[3] Aufwand","[3] AUFWAND","[31] Sachaufwand","","3","3","31","","7231.35"
"592","Schwanden b.B.","2008","[3] KULTUR UND FREIZEIT","[34] Sport","[341] ...","3","34","341","[3] Aufwand","[3] AUFWAND","[31] Sachaufwand","","3","3","31","","3845.95"
"592","Schwanden b.B.","2008","[4] GESUNDHEIT","[46] Schulgesundheitsdienst","[460] Schulärztliche Pflege","4","46","460","[3] Aufwand","[3] AUFWAND","[31] Sachaufwand","","3","3","31","","397.95"
"592","Schwanden b.B.","2008","[7] UMWELT UND RAUMORDNUNG","[70] Wasserversorgung","[700] Wasserversorgung","7","70","700","[3] Aufwand","[3] AUFWAND","[31] Sachaufwand","","3","3","31","","8700.55"
"592","Schwanden b.B.","2008","[7] UMWELT UND RAUMORDNUNG","[78] Uebriger Umweltschutz","[780] Oeffentliche Toiletten","7","78","780","[3] Aufwand","[3] AUFWAND","[31] Sachaufwand","","3","3","31","","836.50"
"592","Schwanden b.B.","2008","[8] VOLKSWIRTSCHAFT","[81] Forstwirtschaft","[812] Holzernte","8","81","812","[3] Aufwand","[3] AUFWAND","[31] Sachaufwand","","3","3","31","","1997.55"
"592","Schwanden b.B.","2008","[9] FINANZEN UND STEUERN","[94] Vermögens- und Schuldenverwaltung","[942] Liegenschaften des Finanzvermögens","9","94","942","[3] Aufwand","[3] AUFWAND","[31] Sachaufwand","","3","3","31","","12140.50"
"592","Schwanden b.B.","2008","[9] FINANZEN UND STEUERN","[94] Vermögens- und Schuldenverwaltung","[944] Burgergut","9","94","944","[3] Aufwand","[3] AUFWAND","[31] Sachaufwand","","3","3","31","","32281.85"
"592","Schwanden b.B.","2008","[9] FINANZEN UND STEUERN","[94] Vermögens- und Schuldenverwaltung","[940] Zinsen","9","94","940","[3] Aufwand","[3] AUFWAND","[32] Passivzinsen","","3","3","32","","3523.10"
"592","Schwanden b.B.","2008","[1] OEFFENTLICHE SICHERHEIT","[14] Wehrdienste","[140] Wehrdienste","1","14","140","[3] Aufwand","[3] AUFWAND","[33] Abschreibungen","","3","3","33","","20.10"
"592","Schwanden b.B.","2008","[7] UMWELT UND RAUMORDNUNG","[72] Abfallentsorgung","[720] Abfallentsorgung","7","72","720","[3] Aufwand","[3] AUFWAND","[33] Abschreibungen","","3","3","33","","300.00"
"592","Schwanden b.B.","2008","[9] FINANZEN UND STEUERN","[90] Steuern","[903] Steuerabschreibungen","9","90","903","[3] Aufwand","[3] AUFWAND","[33] Abschreibungen","","3","3","33","","30103.55"
"592","Schwanden b.B.","2008","[9] FINANZEN UND STEUERN","[99] Nicht aufgeteilte Posten","[990] Abschreibungen","9","99","990","[3] Aufwand","[3] AUFWAND","[33] Abschreibungen","","3","3","33","","76757.95"
"592","Schwanden b.B.","2008","[0] ALLGEMEINE VERWALTUNG","[02] Allgemeine Verwaltung","[029] Allgemeine Verwaltung","0","2","29","[3] Aufwand","[3] AUFWAND","[35] Entschädigungen an Gemeinwesen","","3","3","35","","10297.20"
"592","Schwanden b.B.","2008","[1] OEFFENTLICHE SICHERHEIT","[10] Rechtsaufsicht","[101] Uebrige Rechtspflege","1","10","101","[3] Aufwand","[3] AUFWAND","[35] Entschädigungen an Gemeinwesen","","3","3","35","","1641.00"
"592","Schwanden b.B.","2008","[1] OEFFENTLICHE SICHERHEIT","[16] Zivile Landesverteidigung","[161] Uebrige zivile Landesverteidigung","1","16","161","[3] Aufwand","[3] AUFWAND","[35] Entschädigungen an Gemeinwesen","","3","3","35","","892.75"
"592","Schwanden b.B.","2008","[4] GESUNDHEIT","[44] Ambulante Krankenpflege","[440] Spitex/Krankenpflege","4","44","440","[3] Aufwand","[3] AUFWAND","[35] Entschädigungen an Gemeinwesen","","3","3","35","","500.00"
"592","Schwanden b.B.","2008","[5] SOZIALE WOHLFAHRT","[50] Altersversicherung","[500] AHV-Zweigstelle","5","50","500","[3] Aufwand","[3] AUFWAND","[35] Entschädigungen an Gemeinwesen","","3","3","35","","7727.80"
"592","Schwanden b.B.","2008","[7] UMWELT UND RAUMORDNUNG","[72] Abfallentsorgung","[720] Abfallentsorgung","7","72","720","[3] Aufwand","[3] AUFWAND","[35] Entschädigungen an Gemeinwesen","","3","3","35","","2093.05"
"592","Schwanden b.B.","2008","[8] VOLKSWIRTSCHAFT","[81] Forstwirtschaft","[811] Kulturen, Pflegemassnahmen","8","81","811","[3] Aufwand","[3] AUFWAND","[35] Entschädigungen an Gemeinwesen","","3","3","35","","15184.50"
"592","Schwanden b.B.","2008","[1] OEFFENTLICHE SICHERHEIT","[16] Zivile Landesverteidigung","[160] Zivilschutz","1","16","160","[3] Aufwand","[3] AUFWAND","[36] Eigene Beiträge","","3","3","36","","7291.00"
"592","Schwanden b.B.","2008","[1] OEFFENTLICHE SICHERHEIT","[16] Zivile Landesverteidigung","[161] Uebrige zivile Landesverteidigung","1","16","161","[3] Aufwand","[3] AUFWAND","[36] Eigene Beiträge","","3","3","36","","1800.00"
"592","Schwanden b.B.","2008","[2] BILDUNG","[21] Volksschule","[214] Musikschulen","2","21","214","[3] Aufwand","[3] AUFWAND","[36] Eigene Beiträge","","3","3","36","","9100.00"
"592","Schwanden b.B.","2008","[3] KULTUR UND FREIZEIT","[30] Kulturförderung","[309] Uebrige Kulturförderung","3","30","309","[3] Aufwand","[3] AUFWAND","[36] Eigene Beiträge","","3","3","36","","1938.00"
"592","Schwanden b.B.","2008","[3] KULTUR UND FREIZEIT","[33] Parkanlagen und Wanderwege","[330] Parkanlagen und Wanderwege","3","33","330","[3] Aufwand","[3] AUFWAND","[36] Eigene Beiträge","","3","3","36","","180.90"
"592","Schwanden b.B.","2008","[5] SOZIALE WOHLFAHRT","[51] Invalidenversicherung","[510] Gemeindeanteil am Beitrag des Kantons für die IV","5","51","510","[3] Aufwand","[3] AUFWAND","[36] Eigene Beiträge","","3","3","36","","54398.00"
"592","Schwanden b.B.","2008","[5] SOZIALE WOHLFAHRT","[58] Sozialhilfe","[582] Weitere Wohlfahrts-, Vor- + Fürsorgeeinrichtungen","5","58","582","[3] Aufwand","[3] AUFWAND","[36] Eigene Beiträge","","3","3","36","","513.50"
"592","Schwanden b.B.","2008","[6] VERKEHR","[65] Regionalverkehr","[650] Regionalverkehrsbetriebe","6","65","650","[3] Aufwand","[3] AUFWAND","[36] Eigene Beiträge","","3","3","36","","43071.00"
"592","Schwanden b.B.","2008","[7] UMWELT UND RAUMORDNUNG","[72] Abfallentsorgung","[720] Abfallentsorgung","7","72","720","[3] Aufwand","[3] AUFWAND","[36] Eigene Beiträge","","3","3","36","","2212.25"
"592","Schwanden b.B.","2008","[7] UMWELT UND RAUMORDNUNG","[74] Friedhof und Bestattung","[740] Friedhof und Bestattung","7","74","740","[3] Aufwand","[3] AUFWAND","[36] Eigene Beiträge","","3","3","36","","17574.00"
"592","Schwanden b.B.","2008","[8] VOLKSWIRTSCHAFT","[81] Forstwirtschaft","[810] Forstverwaltung","8","81","810","[3] Aufwand","[3] AUFWAND","[36] Eigene Beiträge","","3","3","36","","6328.95"
"592","Schwanden b.B.","2008","[9] FINANZEN UND STEUERN","[94] Vermögens- und Schuldenverwaltung","[944] Burgergut","9","94","944","[3] Aufwand","[3] AUFWAND","[36] Eigene Beiträge","","3","3","36","","3965.90"
"592","Schwanden b.B.","2008","[7] UMWELT UND RAUMORDNUNG","[75] Gewässerverbauungen","[750] Gewässerverbauungen","7","75","750","[3] Aufwand","[3] AUFWAND","[37] Durchlaufende Beiträge","","3","3","37","","90221.05"
"592","Schwanden b.B.","2008","[3] KULTUR UND FREIZEIT","[34] Sport","[342] ...","3","34","342","[3] Aufwand","[3] AUFWAND","[38] Einlagen in Spezialfinanzierungen","","3","3","38","","129.55"
"592","Schwanden b.B.","2008","[7] UMWELT UND RAUMORDNUNG","[71] Abwasserentsorgung","[710] Abwasserentsorgung","7","71","710","[3] Aufwand","[3] AUFWAND","[38] Einlagen in Spezialfinanzierungen","","3","3","38","","87311.50"
"592","Schwanden b.B.","2008","[7] UMWELT UND RAUMORDNUNG","[72] Abfallentsorgung","[720] Abfallentsorgung","7","72","720","[3] Aufwand","[3] AUFWAND","[38] Einlagen in Spezialfinanzierungen","","3","3","38","","3896.00"
"592","Schwanden b.B.","2008","[1] OEFFENTLICHE SICHERHEIT","[16] Zivile Landesverteidigung","[160] Zivilschutz","1","16","160","[3] Aufwand","[3] AUFWAND","[39] Interne Verrechnungen","","3","3","39","","1200.00"
"592","Schwanden b.B.","2008","[3] KULTUR UND FREIZEIT","[33] Parkanlagen und Wanderwege","[330] Parkanlagen und Wanderwege","3","33","330","[3] Aufwand","[3] AUFWAND","[39] Interne Verrechnungen","","3","3","39","","600.00"
"592","Schwanden b.B.","2008","[3] KULTUR UND FREIZEIT","[34] Sport","[341] ...","3","34","341","[3] Aufwand","[3] AUFWAND","[39] Interne Verrechnungen","","3","3","39","","3500.00"
"592","Schwanden b.B.","2008","[7] UMWELT UND RAUMORDNUNG","[70] Wasserversorgung","[700] Wasserversorgung","7","70","700","[3] Aufwand","[3] AUFWAND","[39] Interne Verrechnungen","","3","3","39","","7000.00"
"592","Schwanden b.B.","2008","[9] FINANZEN UND STEUERN","[94] Vermögens- und Schuldenverwaltung","[942] Liegenschaften des Finanzvermögens","9","94","942","[3] Aufwand","[3] AUFWAND","[39] Interne Verrechnungen","","3","3","39","","500.00"
"592","Schwanden b.B.","2008","[9] FINANZEN UND STEUERN","[94] Vermögens- und Schuldenverwaltung","[944] Burgergut","9","94","944","[3] Aufwand","[3] AUFWAND","[39] Interne Verrechnungen","","3","3","39","","8157.45"
"592","Schwanden b.B.","2008","[9] FINANZEN UND STEUERN","[90] Steuern","[901] Obligatorische aperiodische Steuern","9","90","901","[4] Ertrag","[4] ERTRAG","[40] Steuern","","4","4","40","","27968.20"
"592","Schwanden b.B.","2008","[9] FINANZEN UND STEUERN","[90] Steuern","[902] Liegenschaftssteuern","9","90","902","[4] Ertrag","[4] ERTRAG","[40] Steuern","","4","4","40","","133184.25"
"592","Schwanden b.B.","2008","[9] FINANZEN UND STEUERN","[90] Steuern","[904] Fakultative Steuern und Abgaben","9","90","904","[4] Ertrag","[4] ERTRAG","[40] Steuern","","4","4","40","","1750.00"
"592","Schwanden b.B.","2008","[3] KULTUR UND FREIZEIT","[30] Kulturförderung","[309] Uebrige Kulturförderung","3","30","309","[4] Ertrag","[4] ERTRAG","[42] Vermögenserträge","","4","4","42","","850.00"
"592","Schwanden b.B.","2008","[9] FINANZEN UND STEUERN","[94] Vermögens- und Schuldenverwaltung","[942] Liegenschaften des Finanzvermögens","9","94","942","[4] Ertrag","[4] ERTRAG","[42] Vermögenserträge","","4","4","42","","35628.00"
"592","Schwanden b.B.","2008","[9] FINANZEN UND STEUERN","[94] Vermögens- und Schuldenverwaltung","[944] Burgergut","9","94","944","[4] Ertrag","[4] ERTRAG","[42] Vermögenserträge","","4","4","42","","42410.20"
"592","Schwanden b.B.","2008","[0] ALLGEMEINE VERWALTUNG","[01] Legislative und Exekutive","[011] Legislative","0","1","11","[4] Ertrag","[4] ERTRAG","[43] Entgelte","","4","4","43","","500.00"
"592","Schwanden b.B.","2008","[0] ALLGEMEINE VERWALTUNG","[09] Nicht aufteilbare Aufgaben","[091] ...","0","9","91","[4] Ertrag","[4] ERTRAG","[43] Entgelte","","4","4","43","","3160.00"
"592","Schwanden b.B.","2008","[1] OEFFENTLICHE SICHERHEIT","[10] Rechtsaufsicht","[101] Uebrige Rechtspflege","1","10","101","[4] Ertrag","[4] ERTRAG","[43] Entgelte","","4","4","43","","18703.55"
"592","Schwanden b.B.","2008","[1] OEFFENTLICHE SICHERHEIT","[16] Zivile Landesverteidigung","[160] Zivilschutz","1","16","160","[4] Ertrag","[4] ERTRAG","[43] Entgelte","","4","4","43","","1905.65"
"592","Schwanden b.B.","2008","[2] BILDUNG","[21] Volksschule","[214] Musikschulen","2","21","214","[4] Ertrag","[4] ERTRAG","[43] Entgelte","","4","4","43","","1985.50"
"592","Schwanden b.B.","2008","[2] BILDUNG","[21] Volksschule","[217] Schulliegenschaften (Ki.garten sofern nicht zuteilbar, Prim + Sek 1)","2","21","217","[4] Ertrag","[4] ERTRAG","[43] Entgelte","","4","4","43","","1840.00"
"592","Schwanden b.B.","2008","[2] BILDUNG","[21] Volksschule","[219] Nicht Aufteilbares, Volksschule, Tagesschule","2","21","219","[4] Ertrag","[4] ERTRAG","[43] Entgelte","","4","4","43","","5965.55"
"592","Schwanden b.B.","2008","[3] KULTUR UND FREIZEIT","[30] Kulturförderung","[309] Uebrige Kulturförderung","3","30","309","[4] Ertrag","[4] ERTRAG","[43] Entgelte","","4","4","43","","13709.25"
"592","Schwanden b.B.","2008","[3] KULTUR UND FREIZEIT","[33] Parkanlagen und Wanderwege","[330] Parkanlagen und Wanderwege","3","33","330","[4] Ertrag","[4] ERTRAG","[43] Entgelte","","4","4","43","","1000.00"
"592","Schwanden b.B.","2008","[7] UMWELT UND RAUMORDNUNG","[72] Abfallentsorgung","[720] Abfallentsorgung","7","72","720","[4] Ertrag","[4] ERTRAG","[43] Entgelte","","4","4","43","","78741.20"
"592","Schwanden b.B.","2008","[8] VOLKSWIRTSCHAFT","[81] Forstwirtschaft","[812] Holzernte","8","81","812","[4] Ertrag","[4] ERTRAG","[43] Entgelte","","4","4","43","","37105.05"
"592","Schwanden b.B.","2008","[8] VOLKSWIRTSCHAFT","[86] Energie","[860] Elektrizität","8","86","860","[4] Ertrag","[4] ERTRAG","[43] Entgelte","","4","4","43","","9856.35"
"592","Schwanden b.B.","2008","[9] FINANZEN UND STEUERN","[94] Vermögens- und Schuldenverwaltung","[942] Liegenschaften des Finanzvermögens","9","94","942","[4] Ertrag","[4] ERTRAG","[43] Entgelte","","4","4","43","","1681.65"
"592","Schwanden b.B.","2008","[9] FINANZEN UND STEUERN","[92] Finanzausgleich","[920] Finanzausgleich","9","92","920","[4] Ertrag","[4] ERTRAG","[44] Anteile und Beiträge ohne Zweckbindungen","","4","4","44","","188113.00"
"592","Schwanden b.B.","2008","[0] ALLGEMEINE VERWALTUNG","[02] Allgemeine Verwaltung","[029] Allgemeine Verwaltung","0","2","29","[4] Ertrag","[4] ERTRAG","[45] Rückerstattungen von Gemeinwesen","","4","4","45","","1825.60"
"592","Schwanden b.B.","2008","[1] OEFFENTLICHE SICHERHEIT","[10] Rechtsaufsicht","[101] Uebrige Rechtspflege","1","10","101","[4] Ertrag","[4] ERTRAG","[45] Rückerstattungen von Gemeinwesen","","4","4","45","","738.45"
"592","Schwanden b.B.","2008","[1] OEFFENTLICHE SICHERHEIT","[16] Zivile Landesverteidigung","[160] Zivilschutz","1","16","160","[4] Ertrag","[4] ERTRAG","[46] Beiträge","","4","4","46","","700.00"
"592","Schwanden b.B.","2008","[8] VOLKSWIRTSCHAFT","[81] Forstwirtschaft","[810] Forstverwaltung","8","81","810","[4] Ertrag","[4] ERTRAG","[46] Beiträge","","4","4","46","","2443.50"
"592","Schwanden b.B.","2008","[8] VOLKSWIRTSCHAFT","[81] Forstwirtschaft","[812] Holzernte","8","81","812","[4] Ertrag","[4] ERTRAG","[46] Beiträge","","4","4","46","","11967.85"
"592","Schwanden b.B.","2008","[7] UMWELT UND RAUMORDNUNG","[75] Gewässerverbauungen","[750] Gewässerverbauungen","7","75","750","[4] Ertrag","[4] ERTRAG","[47] Durchlaufende Beiträge","","4","4","47","","90221.05"
"592","Schwanden b.B.","2008","[1] OEFFENTLICHE SICHERHEIT","[14] Wehrdienste","[140] Wehrdienste","1","14","140","[4] Ertrag","[4] ERTRAG","[48] Entnahmen aus Spezialfinanzierungen","","4","4","48","","204.70"
"592","Schwanden b.B.","2008","[0] ALLGEMEINE VERWALTUNG","[01] Legislative und Exekutive","[012] Exekutive","0","1","12","[4] Ertrag","[4] ERTRAG","[49] Interne Verrechnungen","","4","4","49","","900.00"
"592","Schwanden b.B.","2008","[7] UMWELT UND RAUMORDNUNG","[70] Wasserversorgung","[700] Wasserversorgung","7","70","700","[4] Ertrag","[4] ERTRAG","[49] Interne Verrechnungen","","4","4","49","","11109.25"
"592","Schwanden b.B.","2008","[9] FINANZEN UND STEUERN","[94] Vermögens- und Schuldenverwaltung","[944] Burgergut","9","94","944","[4] Ertrag","[4] ERTRAG","[49] Interne Verrechnungen","","4","4","49","","22318.50"
"592","Schwanden b.B.","2008","[6] VERKEHR","[62] Gemeindestrassen","[620] Gemeindestrassennetz","6","62","620","[5] Ausgaben","[5] Ausgaben","[50] Sachgüter","","5","5","50","","10365.30"
"592","Schwanden b.B.","2008","[7] UMWELT UND RAUMORDNUNG","[70] Wasserversorgung","[700] Wasserversorgung","7","70","700","[5] Ausgaben","[5] Ausgaben","[50] Sachgüter","","5","5","50","","66753.20"
"592","Schwanden b.B.","2008","[7] UMWELT UND RAUMORDNUNG","[75] Gewässerverbauungen","[750] Gewässerverbauungen","7","75","750","[5] Ausgaben","[5] Ausgaben","[50] Sachgüter","","5","5","50","","765.10"
"592","Schwanden b.B.","2008","[9] FINANZEN UND STEUERN","[99] Nicht aufgeteilte Posten","[999] Abschluss","9","99","999","[5] Ausgaben","[5] Ausgaben","[59] Passivierungen","","5","5","59","","282606.30"
"592","Schwanden b.B.","2008","[7] UMWELT UND RAUMORDNUNG","[70] Wasserversorgung","[700] Wasserversorgung","7","70","700","[6] Einnahmen","[6] Einnahmen","[61] Nutzungsabgaben und Vorteilsentgelte","","6","6","61","","13135.00"
"592","Schwanden b.B.","2008","[9] FINANZEN UND STEUERN","[94] Vermögens- und Schuldenverwaltung","[942] Liegenschaften des Finanzvermögens","9","94","942","[6] Einnahmen","[6] Einnahmen","[63] Rückerstattungen für Sachgüter","","6","6","63","","75046.60"
"592","Schwanden b.B.","2008","[3] KULTUR UND FREIZEIT","[30] Kulturförderung","[309] Uebrige Kulturförderung","3","30","309","[6] Einnahmen","[6] Einnahmen","[66] Beiträge für eigene Rechnung","","6","6","66","","850.00"
"592","Schwanden b.B.","2008","[7] UMWELT UND RAUMORDNUNG","[79] Raumordnung","[790] Raumplanung","7","79","790","[6] Einnahmen","[6] Einnahmen","[67] Durchlaufende Beiträge","","6","6","67","","233878.65"
"592","Schwanden b.B.","2008","[9] FINANZEN UND STEUERN","[99] Nicht aufgeteilte Posten","[999] Abschluss","9","99","999","[6] Einnahmen","[6] Einnahmen","[69] Aktivierungen","","6","6","69","","363578.35"
"592","Schwanden b.B.","2009","","","","","","","[1] Aktiven","[10] Finanzvermögen","[100] Flüssige Mittel","","1","10","100","","260686.92"
"592","Schwanden b.B.","2009","","","","","","","[1] Aktiven","[10] Finanzvermögen","[102] Anlagen","","1","10","102","","2423802.07"
"592","Schwanden b.B.","2009","","","","","","","[1] Aktiven","[11] Verwaltungsvermögen","[114] Sachgüter","","1","11","114","","608881.69"
"592","Schwanden b.B.","2009","","","","","","","[1] Aktiven","[11] Verwaltungsvermögen","[115] Darlehen und Beteiligungen","","1","11","115","","105006.00"
"592","Schwanden b.B.","2009","","","","","","","[1] Aktiven","[11] Verwaltungsvermögen","[117] Uebrige aktiverte Ausgaben","","1","11","117","","102831.75"
"592","Schwanden b.B.","2009","","","","","","","[2] Passiven","[20] Fremdkapital","[200] Laufende Verpflichtungen","","2","20","200","","226520.14"
"592","Schwanden b.B.","2009","","","","","","","[2] Passiven","[20] Fremdkapital","[202] Mittel- und langfristige Schulden","","2","20","202","","125100.00"
"592","Schwanden b.B.","2009","","","","","","","[2] Passiven","[20] Fremdkapital","[203] Verpflichtungen für Sonderrechnungen","","2","20","203","","10539.25"
"592","Schwanden b.B.","2009","","","","","","","[2] Passiven","[20] Fremdkapital","[205] Transitorische Passiven","","2","20","205","","1607.75"
"592","Schwanden b.B.","2009","","","","","","","[2] Passiven","[23] Eigenkapital","[239] Eigenkapital","","2","23","239","","785333.53"
"592","Schwanden b.B.","2009","[0] ALLGEMEINE VERWALTUNG","[02] Allgemeine Verwaltung","[029] Allgemeine Verwaltung","0","2","29","[3] Aufwand","[3] AUFWAND","[30] Personalaufwand","","3","3","30","","218984.40"
"592","Schwanden b.B.","2009","[0] ALLGEMEINE VERWALTUNG","[09] Nicht aufteilbare Aufgaben","[090] Verwaltungsliegenschaften","0","9","90","[3] Aufwand","[3] AUFWAND","[30] Personalaufwand","","3","3","30","","8469.15"
"592","Schwanden b.B.","2009","[2] BILDUNG","[21] Volksschule","[217] Schulliegenschaften (Ki.garten sofern nicht zuteilbar, Prim + Sek 1)","2","21","217","[3] Aufwand","[3] AUFWAND","[30] Personalaufwand","","3","3","30","","19437.30"
"592","Schwanden b.B.","2009","[3] KULTUR UND FREIZEIT","[30] Kulturförderung","[309] Uebrige Kulturförderung","3","30","309","[3] Aufwand","[3] AUFWAND","[30] Personalaufwand","","3","3","30","","1500.00"
"592","Schwanden b.B.","2009","[3] KULTUR UND FREIZEIT","[34] Sport","[341] ...","3","34","341","[3] Aufwand","[3] AUFWAND","[30] Personalaufwand","","3","3","30","","1353.00"
"592","Schwanden b.B.","2009","[6] VERKEHR","[62] Gemeindestrassen","[620] Gemeindestrassennetz","6","62","620","[3] Aufwand","[3] AUFWAND","[30] Personalaufwand","","3","3","30","","118357.25"
"592","Schwanden b.B.","2009","[7] UMWELT UND RAUMORDNUNG","[71] Abwasserentsorgung","[710] Abwasserentsorgung","7","71","710","[3] Aufwand","[3] AUFWAND","[30] Personalaufwand","","3","3","30","","301.50"
"592","Schwanden b.B.","2009","[7] UMWELT UND RAUMORDNUNG","[72] Abfallentsorgung","[720] Abfallentsorgung","7","72","720","[3] Aufwand","[3] AUFWAND","[30] Personalaufwand","","3","3","30","","1338.15"
"592","Schwanden b.B.","2009","[0] ALLGEMEINE VERWALTUNG","[01] Legislative und Exekutive","[012] Exekutive","0","1","12","[3] Aufwand","[3] AUFWAND","[31] Sachaufwand","","3","3","31","","25103.05"
"592","Schwanden b.B.","2009","[0] ALLGEMEINE VERWALTUNG","[09] Nicht aufteilbare Aufgaben","[091] ...","0","9","91","[3] Aufwand","[3] AUFWAND","[31] Sachaufwand","","3","3","31","","536.00"
"592","Schwanden b.B.","2009","[1] OEFFENTLICHE SICHERHEIT","[16] Zivile Landesverteidigung","[160] Zivilschutz","1","16","160","[3] Aufwand","[3] AUFWAND","[31] Sachaufwand","","3","3","31","","501.30"
"592","Schwanden b.B.","2009","[2] BILDUNG","[20] Kindergarten","[200] Kindergarten","2","20","200","[3] Aufwand","[3] AUFWAND","[31] Sachaufwand","","3","3","31","","17.30"
"592","Schwanden b.B.","2009","[2] BILDUNG","[21] Volksschule","[219] Nicht Aufteilbares, Volksschule, Tagesschule","2","21","219","[3] Aufwand","[3] AUFWAND","[31] Sachaufwand","","3","3","31","","12024.70"
"592","Schwanden b.B.","2009","[3] KULTUR UND FREIZEIT","[30] Kulturförderung","[309] Uebrige Kulturförderung","3","30","309","[3] Aufwand","[3] AUFWAND","[31] Sachaufwand","","3","3","31","","7446.90"
"592","Schwanden b.B.","2009","[3] KULTUR UND FREIZEIT","[33] Parkanlagen und Wanderwege","[330] Parkanlagen und Wanderwege","3","33","330","[3] Aufwand","[3] AUFWAND","[31] Sachaufwand","","3","3","31","","2492.20"
"592","Schwanden b.B.","2009","[4] GESUNDHEIT","[46] Schulgesundheitsdienst","[460] Schulärztliche Pflege","4","46","460","[3] Aufwand","[3] AUFWAND","[31] Sachaufwand","","3","3","31","","525.70"
"592","Schwanden b.B.","2009","[5] SOZIALE WOHLFAHRT","[57] Altersheime","[571] ...","5","57","571","[3] Aufwand","[3] AUFWAND","[31] Sachaufwand","","3","3","31","","1439.60"
"592","Schwanden b.B.","2009","[7] UMWELT UND RAUMORDNUNG","[70] Wasserversorgung","[700] Wasserversorgung","7","70","700","[3] Aufwand","[3] AUFWAND","[31] Sachaufwand","","3","3","31","","4172.45"
"592","Schwanden b.B.","2009","[7] UMWELT UND RAUMORDNUNG","[78] Uebriger Umweltschutz","[780] Oeffentliche Toiletten","7","78","780","[3] Aufwand","[3] AUFWAND","[31] Sachaufwand","","3","3","31","","1164.90"
"592","Schwanden b.B.","2009","[8] VOLKSWIRTSCHAFT","[81] Forstwirtschaft","[812] Holzernte","8","81","812","[3] Aufwand","[3] AUFWAND","[31] Sachaufwand","","3","3","31","","3440.95"
"592","Schwanden b.B.","2009","[9] FINANZEN UND STEUERN","[94] Vermögens- und Schuldenverwaltung","[942] Liegenschaften des Finanzvermögens","9","94","942","[3] Aufwand","[3] AUFWAND","[31] Sachaufwand","","3","3","31","","21827.85"
"592","Schwanden b.B.","2009","[9] FINANZEN UND STEUERN","[94] Vermögens- und Schuldenverwaltung","[944] Burgergut","9","94","944","[3] Aufwand","[3] AUFWAND","[31] Sachaufwand","","3","3","31","","23623.85"
"592","Schwanden b.B.","2009","[9] FINANZEN UND STEUERN","[94] Vermögens- und Schuldenverwaltung","[940] Zinsen","9","94","940","[3] Aufwand","[3] AUFWAND","[32] Passivzinsen","","3","3","32","","3594.00"
"592","Schwanden b.B.","2009","[1] OEFFENTLICHE SICHERHEIT","[14] Wehrdienste","[140] Wehrdienste","1","14","140","[3] Aufwand","[3] AUFWAND","[33] Abschreibungen","","3","3","33","","374.90"
"592","Schwanden b.B.","2009","[9] FINANZEN UND STEUERN","[90] Steuern","[903] Steuerabschreibungen","9","90","903","[3] Aufwand","[3] AUFWAND","[33] Abschreibungen","","3","3","33","","22565.40"
"592","Schwanden b.B.","2009","[9] FINANZEN UND STEUERN","[99] Nicht aufgeteilte Posten","[990] Abschreibungen","9","99","990","[3] Aufwand","[3] AUFWAND","[33] Abschreibungen","","3","3","33","","148713.35"
"592","Schwanden b.B.","2009","[0] ALLGEMEINE VERWALTUNG","[02] Allgemeine Verwaltung","[029] Allgemeine Verwaltung","0","2","29","[3] Aufwand","[3] AUFWAND","[35] Entschädigungen an Gemeinwesen","","3","3","35","","10416.15"
"592","Schwanden b.B.","2009","[1] OEFFENTLICHE SICHERHEIT","[10] Rechtsaufsicht","[101] Uebrige Rechtspflege","1","10","101","[3] Aufwand","[3] AUFWAND","[35] Entschädigungen an Gemeinwesen","","3","3","35","","1231.25"
"592","Schwanden b.B.","2009","[1] OEFFENTLICHE SICHERHEIT","[16] Zivile Landesverteidigung","[161] Uebrige zivile Landesverteidigung","1","16","161","[3] Aufwand","[3] AUFWAND","[35] Entschädigungen an Gemeinwesen","","3","3","35","","4942.65"
"592","Schwanden b.B.","2009","[4] GESUNDHEIT","[44] Ambulante Krankenpflege","[440] Spitex/Krankenpflege","4","44","440","[3] Aufwand","[3] AUFWAND","[35] Entschädigungen an Gemeinwesen","","3","3","35","","500.00"
"592","Schwanden b.B.","2009","[5] SOZIALE WOHLFAHRT","[50] Altersversicherung","[500] AHV-Zweigstelle","5","50","500","[3] Aufwand","[3] AUFWAND","[35] Entschädigungen an Gemeinwesen","","3","3","35","","7298.10"
"592","Schwanden b.B.","2009","[7] UMWELT UND RAUMORDNUNG","[72] Abfallentsorgung","[720] Abfallentsorgung","7","72","720","[3] Aufwand","[3] AUFWAND","[35] Entschädigungen an Gemeinwesen","","3","3","35","","1660.20"
"592","Schwanden b.B.","2009","[8] VOLKSWIRTSCHAFT","[81] Forstwirtschaft","[811] Kulturen, Pflegemassnahmen","8","81","811","[3] Aufwand","[3] AUFWAND","[35] Entschädigungen an Gemeinwesen","","3","3","35","","1550.00"
"592","Schwanden b.B.","2009","[1] OEFFENTLICHE SICHERHEIT","[16] Zivile Landesverteidigung","[160] Zivilschutz","1","16","160","[3] Aufwand","[3] AUFWAND","[36] Eigene Beiträge","","3","3","36","","8121.00"
"592","Schwanden b.B.","2009","[1] OEFFENTLICHE SICHERHEIT","[16] Zivile Landesverteidigung","[161] Uebrige zivile Landesverteidigung","1","16","161","[3] Aufwand","[3] AUFWAND","[36] Eigene Beiträge","","3","3","36","","1800.00"
"592","Schwanden b.B.","2009","[2] BILDUNG","[21] Volksschule","[214] Musikschulen","2","21","214","[3] Aufwand","[3] AUFWAND","[36] Eigene Beiträge","","3","3","36","","8100.00"
"592","Schwanden b.B.","2009","[3] KULTUR UND FREIZEIT","[30] Kulturförderung","[309] Uebrige Kulturförderung","3","30","309","[3] Aufwand","[3] AUFWAND","[36] Eigene Beiträge","","3","3","36","","1938.00"
"592","Schwanden b.B.","2009","[3] KULTUR UND FREIZEIT","[33] Parkanlagen und Wanderwege","[330] Parkanlagen und Wanderwege","3","33","330","[3] Aufwand","[3] AUFWAND","[36] Eigene Beiträge","","3","3","36","","122.60"
"592","Schwanden b.B.","2009","[3] KULTUR UND FREIZEIT","[34] Sport","[340] Sport","3","34","340","[3] Aufwand","[3] AUFWAND","[36] Eigene Beiträge","","3","3","36","","850.00"
"592","Schwanden b.B.","2009","[5] SOZIALE WOHLFAHRT","[58] Sozialhilfe","[582] Weitere Wohlfahrts-, Vor- + Fürsorgeeinrichtungen","5","58","582","[3] Aufwand","[3] AUFWAND","[36] Eigene Beiträge","","3","3","36","","442.35"
"592","Schwanden b.B.","2009","[6] VERKEHR","[65] Regionalverkehr","[650] Regionalverkehrsbetriebe","6","65","650","[3] Aufwand","[3] AUFWAND","[36] Eigene Beiträge","","3","3","36","","42118.45"
"592","Schwanden b.B.","2009","[7] UMWELT UND RAUMORDNUNG","[74] Friedhof und Bestattung","[740] Friedhof und Bestattung","7","74","740","[3] Aufwand","[3] AUFWAND","[36] Eigene Beiträge","","3","3","36","","14472.00"
"592","Schwanden b.B.","2009","[8] VOLKSWIRTSCHAFT","[81] Forstwirtschaft","[810] Forstverwaltung","8","81","810","[3] Aufwand","[3] AUFWAND","[36] Eigene Beiträge","","3","3","36","","4852.95"
"592","Schwanden b.B.","2009","[8] VOLKSWIRTSCHAFT","[83] Tourismus","[830] Tourismus","8","83","830","[3] Aufwand","[3] AUFWAND","[36] Eigene Beiträge","","3","3","36","","3030.00"
"592","Schwanden b.B.","2009","[9] FINANZEN UND STEUERN","[94] Vermögens- und Schuldenverwaltung","[944] Burgergut","9","94","944","[3] Aufwand","[3] AUFWAND","[36] Eigene Beiträge","","3","3","36","","3882.80"
"592","Schwanden b.B.","2009","[7] UMWELT UND RAUMORDNUNG","[75] Gewässerverbauungen","[750] Gewässerverbauungen","7","75","750","[3] Aufwand","[3] AUFWAND","[37] Durchlaufende Beiträge","","3","3","37","","60116.65"
"592","Schwanden b.B.","2009","[7] UMWELT UND RAUMORDNUNG","[71] Abwasserentsorgung","[710] Abwasserentsorgung","7","71","710","[3] Aufwand","[3] AUFWAND","[38] Einlagen in Spezialfinanzierungen","","3","3","38","","71707.70"
"592","Schwanden b.B.","2009","[7] UMWELT UND RAUMORDNUNG","[72] Abfallentsorgung","[720] Abfallentsorgung","7","72","720","[3] Aufwand","[3] AUFWAND","[38] Einlagen in Spezialfinanzierungen","","3","3","38","","6936.40"
"592","Schwanden b.B.","2009","[1] OEFFENTLICHE SICHERHEIT","[16] Zivile Landesverteidigung","[160] Zivilschutz","1","16","160","[3] Aufwand","[3] AUFWAND","[39] Interne Verrechnungen","","3","3","39","","3500.00"
"592","Schwanden b.B.","2009","[7] UMWELT UND RAUMORDNUNG","[70] Wasserversorgung","[700] Wasserversorgung","7","70","700","[3] Aufwand","[3] AUFWAND","[39] Interne Verrechnungen","","3","3","39","","6200.00"
"592","Schwanden b.B.","2009","[9] FINANZEN UND STEUERN","[94] Vermögens- und Schuldenverwaltung","[942] Liegenschaften des Finanzvermögens","9","94","942","[3] Aufwand","[3] AUFWAND","[39] Interne Verrechnungen","","3","3","39","","500.00"
"592","Schwanden b.B.","2009","[9] FINANZEN UND STEUERN","[94] Vermögens- und Schuldenverwaltung","[944] Burgergut","9","94","944","[3] Aufwand","[3] AUFWAND","[39] Interne Verrechnungen","","3","3","39","","7711.70"
"592","Schwanden b.B.","2009","[9] FINANZEN UND STEUERN","[90] Steuern","[901] Obligatorische aperiodische Steuern","9","90","901","[4] Ertrag","[4] ERTRAG","[40] Steuern","","4","4","40","","19755.95"
"592","Schwanden b.B.","2009","[9] FINANZEN UND STEUERN","[90] Steuern","[902] Liegenschaftssteuern","9","90","902","[4] Ertrag","[4] ERTRAG","[40] Steuern","","4","4","40","","133003.05"
"592","Schwanden b.B.","2009","[9] FINANZEN UND STEUERN","[90] Steuern","[904] Fakultative Steuern und Abgaben","9","90","904","[4] Ertrag","[4] ERTRAG","[40] Steuern","","4","4","40","","1850.00"
"592","Schwanden b.B.","2009","[3] KULTUR UND FREIZEIT","[30] Kulturförderung","[309] Uebrige Kulturförderung","3","30","309","[4] Ertrag","[4] ERTRAG","[42] Vermögenserträge","","4","4","42","","600.00"
"592","Schwanden b.B.","2009","[9] FINANZEN UND STEUERN","[94] Vermögens- und Schuldenverwaltung","[942] Liegenschaften des Finanzvermögens","9","94","942","[4] Ertrag","[4] ERTRAG","[42] Vermögenserträge","","4","4","42","","97964.50"
"592","Schwanden b.B.","2008","[6] VERKEHR","[62] Gemeindestrassen","[620] Gemeindestrassennetz","6","62","620","[4] Ertrag","[4] ERTRAG","[43] Entgelte","","4","4","43","","18177.05"
"592","Schwanden b.B.","2008","[7] UMWELT UND RAUMORDNUNG","[70] Wasserversorgung","[700] Wasserversorgung","7","70","700","[4] Ertrag","[4] ERTRAG","[43] Entgelte","","4","4","43","","80049.25"
"592","Schwanden b.B.","2008","[7] UMWELT UND RAUMORDNUNG","[71] Abwasserentsorgung","[710] Abwasserentsorgung","7","71","710","[4] Ertrag","[4] ERTRAG","[43] Entgelte","","4","4","43","","124905.20"
"592","Schwanden b.B.","2008","[7] UMWELT UND RAUMORDNUNG","[75] Gewässerverbauungen","[750] Gewässerverbauungen","7","75","750","[4] Ertrag","[4] ERTRAG","[43] Entgelte","","4","4","43","","1500.00"
"592","Schwanden b.B.","2008","[9] FINANZEN UND STEUERN","[94] Vermögens- und Schuldenverwaltung","[944] Burgergut","9","94","944","[4] Ertrag","[4] ERTRAG","[43] Entgelte","","4","4","43","","421.05"
"592","Schwanden b.B.","2008","[5] SOZIALE WOHLFAHRT","[58] Sozialhilfe","[587] Lastenausgleich","5","58","587","[4] Ertrag","[4] ERTRAG","[45] Rückerstattungen von Gemeinwesen","","4","4","45","","-1384.70"
"592","Schwanden b.B.","2008","[5] SOZIALE WOHLFAHRT","[58] Sozialhilfe","[589] Sozialbehörden, Sekretariat","5","58","589","[4] Ertrag","[4] ERTRAG","[45] Rückerstattungen von Gemeinwesen","","4","4","45","","7601.65"
"592","Schwanden b.B.","2008","[3] KULTUR UND FREIZEIT","[34] Sport","[342] ...","3","34","342","[4] Ertrag","[4] ERTRAG","[46] Beiträge","","4","4","46","","1000.00"
"592","Schwanden b.B.","2008","[6] VERKEHR","[62] Gemeindestrassen","[620] Gemeindestrassennetz","6","62","620","[4] Ertrag","[4] ERTRAG","[46] Beiträge","","4","4","46","","49522.85"
"592","Schwanden b.B.","2008","[8] VOLKSWIRTSCHAFT","[81] Forstwirtschaft","[811] Kulturen, Pflegemassnahmen","8","81","811","[4] Ertrag","[4] ERTRAG","[46] Beiträge","","4","4","46","","2380.00"
"592","Schwanden b.B.","2008","[1] OEFFENTLICHE SICHERHEIT","[14] Wehrdienste","[140] Wehrdienste","1","14","140","[4] Ertrag","[4] ERTRAG","[47] Durchlaufende Beiträge","","4","4","47","","20837.55"
"592","Schwanden b.B.","2008","[1] OEFFENTLICHE SICHERHEIT","[16] Zivile Landesverteidigung","[160] Zivilschutz","1","16","160","[4] Ertrag","[4] ERTRAG","[48] Entnahmen aus Spezialfinanzierungen","","4","4","48","","6272.00"
"592","Schwanden b.B.","2008","[7] UMWELT UND RAUMORDNUNG","[70] Wasserversorgung","[700] Wasserversorgung","7","70","700","[4] Ertrag","[4] ERTRAG","[48] Entnahmen aus Spezialfinanzierungen","","4","4","48","","53618.20"
"592","Schwanden b.B.","2008","[0] ALLGEMEINE VERWALTUNG","[02] Allgemeine Verwaltung","[029] Allgemeine Verwaltung","0","2","29","[4] Ertrag","[4] ERTRAG","[49] Interne Verrechnungen","","4","4","49","","21200.00"
"592","Schwanden b.B.","2008","[3] KULTUR UND FREIZEIT","[34] Sport","[341] ...","3","34","341","[4] Ertrag","[4] ERTRAG","[49] Interne Verrechnungen","","4","4","49","","22.50"
"592","Schwanden b.B.","2008","[3] KULTUR UND FREIZEIT","[34] Sport","[342] ...","3","34","342","[4] Ertrag","[4] ERTRAG","[49] Interne Verrechnungen","","4","4","49","","275.30"
"592","Schwanden b.B.","2008","[6] VERKEHR","[62] Gemeindestrassen","[620] Gemeindestrassennetz","6","62","620","[4] Ertrag","[4] ERTRAG","[49] Interne Verrechnungen","","4","4","49","","50200.00"
"592","Schwanden b.B.","2008","[7] UMWELT UND RAUMORDNUNG","[71] Abwasserentsorgung","[710] Abwasserentsorgung","7","71","710","[4] Ertrag","[4] ERTRAG","[49] Interne Verrechnungen","","4","4","49","","9613.40"
"592","Schwanden b.B.","2008","[9] FINANZEN UND STEUERN","[94] Vermögens- und Schuldenverwaltung","[940] Zinsen","9","94","940","[4] Ertrag","[4] ERTRAG","[49] Interne Verrechnungen","","4","4","49","","66.05"
"592","Schwanden b.B.","2008","[9] FINANZEN UND STEUERN","[99] Nicht aufgeteilte Posten","[990] Abschreibungen","9","99","990","[4] Ertrag","[4] ERTRAG","[49] Interne Verrechnungen","","4","4","49","","1715.65"
"592","Schwanden b.B.","2008","[1] OEFFENTLICHE SICHERHEIT","[10] Rechtsaufsicht","[100] Mass und Gewicht","1","10","100","[5] Ausgaben","[5] Ausgaben","[50] Sachgüter","","5","5","50","","23500.00"
"592","Schwanden b.B.","2008","[2] BILDUNG","[21] Volksschule","[217] Schulliegenschaften (Ki.garten sofern nicht zuteilbar, Prim + Sek 1)","2","21","217","[5] Ausgaben","[5] Ausgaben","[50] Sachgüter","","5","5","50","","18821.70"
"592","Schwanden b.B.","2008","[9] FINANZEN UND STEUERN","[94] Vermögens- und Schuldenverwaltung","[942] Liegenschaften des Finanzvermögens","9","94","942","[5] Ausgaben","[5] Ausgaben","[50] Sachgüter","","5","5","50","","122285.70"
"592","Schwanden b.B.","2008","[8] VOLKSWIRTSCHAFT","[86] Energie","[860] Elektrizität","8","86","860","[5] Ausgaben","[5] Ausgaben","[56] Eigene Beiträge","","5","5","56","","9494.40"
"592","Schwanden b.B.","2008","[7] UMWELT UND RAUMORDNUNG","[79] Raumordnung","[790] Raumplanung","7","79","790","[5] Ausgaben","[5] Ausgaben","[57] Durchlaufende Beiträge","","5","5","57","","233878.65"
"592","Schwanden b.B.","2008","[9] FINANZEN UND STEUERN","[94] Vermögens- und Schuldenverwaltung","[942] Liegenschaften des Finanzvermögens","9","94","942","[5] Ausgaben","[5] Ausgaben","[59] Passivierungen","","5","5","59","","75046.60"
"592","Schwanden b.B.","2008","[7] UMWELT UND RAUMORDNUNG","[71] Abwasserentsorgung","[710] Abwasserentsorgung","7","71","710","[6] Einnahmen","[6] Einnahmen","[61] Nutzungsabgaben und Vorteilsentgelte","","6","6","61","","19242.65"
"592","Schwanden b.B.","2008","[3] KULTUR UND FREIZEIT","[34] Sport","[340] Sport","3","34","340","[6] Einnahmen","[6] Einnahmen","[62] Rückzahlung von Darlehen und Beteiligungen","","6","6","62","","5500.00"
"592","Schwanden b.B.","2008","[3] KULTUR UND FREIZEIT","[34] Sport","[342] ...","3","34","342","[6] Einnahmen","[6] Einnahmen","[66] Beiträge für eigene Rechnung","","6","6","66","","10000.00"
"592","Schwanden b.B.","2008","[9] FINANZEN UND STEUERN","[94] Vermögens- und Schuldenverwaltung","[942] Liegenschaften des Finanzvermögens","9","94","942","[6] Einnahmen","[6] Einnahmen","[69] Aktivierungen","","6","6","69","","122285.70"
"592","Schwanden b.B.","2009","","","","","","","[1] Aktiven","[10] Finanzvermögen","[101] Guthaben","","1","10","101","","700708.85"
"592","Schwanden b.B.","2009","","","","","","","[1] Aktiven","[10] Finanzvermögen","[103] Transitorische Aktiven","","1","10","103","","179046.10"
"592","Schwanden b.B.","2009","","","","","","","[1] Aktiven","[11] Verwaltungsvermögen","[116] Investitionsbeiträge","","1","11","116","","28314.80"
"592","Schwanden b.B.","2009","","","","","","","[2] Passiven","[20] Fremdkapital","[204] Rückstellungen","","2","20","204","","138964.05"
"592","Schwanden b.B.","2009","","","","","","","[2] Passiven","[22] Spezialfinanzierungen","[228] Verpflichtungen für Spezialfinanzierungen","","2","22","228","","3121213.46"
"592","Schwanden b.B.","2009","[0] ALLGEMEINE VERWALTUNG","[01] Legislative und Exekutive","[011] Legislative","0","1","11","[3] Aufwand","[3] AUFWAND","[30] Personalaufwand","","3","3","30","","6431.00"
"592","Schwanden b.B.","2009","[0] ALLGEMEINE VERWALTUNG","[01] Legislative und Exekutive","[012] Exekutive","0","1","12","[3] Aufwand","[3] AUFWAND","[30] Personalaufwand","","3","3","30","","30747.15"
"592","Schwanden b.B.","2009","[1] OEFFENTLICHE SICHERHEIT","[10] Rechtsaufsicht","[101] Uebrige Rechtspflege","1","10","101","[3] Aufwand","[3] AUFWAND","[30] Personalaufwand","","3","3","30","","47.00"
"592","Schwanden b.B.","2009","[7] UMWELT UND RAUMORDNUNG","[70] Wasserversorgung","[700] Wasserversorgung","7","70","700","[3] Aufwand","[3] AUFWAND","[30] Personalaufwand","","3","3","30","","5536.50"
"592","Schwanden b.B.","2009","[9] FINANZEN UND STEUERN","[94] Vermögens- und Schuldenverwaltung","[944] Burgergut","9","94","944","[3] Aufwand","[3] AUFWAND","[30] Personalaufwand","","3","3","30","","454.85"
"592","Schwanden b.B.","2009","[0] ALLGEMEINE VERWALTUNG","[01] Legislative und Exekutive","[011] Legislative","0","1","11","[3] Aufwand","[3] AUFWAND","[31] Sachaufwand","","3","3","31","","1692.15"
"592","Schwanden b.B.","2009","[0] ALLGEMEINE VERWALTUNG","[02] Allgemeine Verwaltung","[029] Allgemeine Verwaltung","0","2","29","[3] Aufwand","[3] AUFWAND","[31] Sachaufwand","","3","3","31","","45160.86"
"592","Schwanden b.B.","2009","[0] ALLGEMEINE VERWALTUNG","[09] Nicht aufteilbare Aufgaben","[090] Verwaltungsliegenschaften","0","9","90","[3] Aufwand","[3] AUFWAND","[31] Sachaufwand","","3","3","31","","27132.15"
"592","Schwanden b.B.","2009","[1] OEFFENTLICHE SICHERHEIT","[10] Rechtsaufsicht","[100] Mass und Gewicht","1","10","100","[3] Aufwand","[3] AUFWAND","[31] Sachaufwand","","3","3","31","","11280.95"
"592","Schwanden b.B.","2009","[1] OEFFENTLICHE SICHERHEIT","[10] Rechtsaufsicht","[101] Uebrige Rechtspflege","1","10","101","[3] Aufwand","[3] AUFWAND","[31] Sachaufwand","","3","3","31","","11021.90"
"592","Schwanden b.B.","2009","[1] OEFFENTLICHE SICHERHEIT","[14] Wehrdienste","[140] Wehrdienste","1","14","140","[3] Aufwand","[3] AUFWAND","[31] Sachaufwand","","3","3","31","","947.40"
"592","Schwanden b.B.","2009","[1] OEFFENTLICHE SICHERHEIT","[16] Zivile Landesverteidigung","[161] Uebrige zivile Landesverteidigung","1","16","161","[3] Aufwand","[3] AUFWAND","[31] Sachaufwand","","3","3","31","","3200.00"
"592","Schwanden b.B.","2009","[2] BILDUNG","[21] Volksschule","[217] Schulliegenschaften (Ki.garten sofern nicht zuteilbar, Prim + Sek 1)","2","21","217","[3] Aufwand","[3] AUFWAND","[31] Sachaufwand","","3","3","31","","45186.75"
"592","Schwanden b.B.","2009","[3] KULTUR UND FREIZEIT","[34] Sport","[341] ...","3","34","341","[3] Aufwand","[3] AUFWAND","[31] Sachaufwand","","3","3","31","","2048.75"
"592","Schwanden b.B.","2009","[3] KULTUR UND FREIZEIT","[34] Sport","[342] ...","3","34","342","[3] Aufwand","[3] AUFWAND","[31] Sachaufwand","","3","3","31","","3345.35"
"592","Schwanden b.B.","2009","[4] GESUNDHEIT","[46] Schulgesundheitsdienst","[461] Schulzahnärztliche Pflege","4","46","461","[3] Aufwand","[3] AUFWAND","[31] Sachaufwand","","3","3","31","","817.60"
"592","Schwanden b.B.","2009","[6] VERKEHR","[62] Gemeindestrassen","[620] Gemeindestrassennetz","6","62","620","[3] Aufwand","[3] AUFWAND","[31] Sachaufwand","","3","3","31","","61284.50"
"592","Schwanden b.B.","2009","[7] UMWELT UND RAUMORDNUNG","[71] Abwasserentsorgung","[710] Abwasserentsorgung","7","71","710","[3] Aufwand","[3] AUFWAND","[31] Sachaufwand","","3","3","31","","7369.20"
"592","Schwanden b.B.","2009","[7] UMWELT UND RAUMORDNUNG","[72] Abfallentsorgung","[720] Abfallentsorgung","7","72","720","[3] Aufwand","[3] AUFWAND","[31] Sachaufwand","","3","3","31","","37454.20"
"592","Schwanden b.B.","2009","[8] VOLKSWIRTSCHAFT","[81] Forstwirtschaft","[810] Forstverwaltung","8","81","810","[3] Aufwand","[3] AUFWAND","[31] Sachaufwand","","3","3","31","","1315.25"
"592","Schwanden b.B.","2009","[8] VOLKSWIRTSCHAFT","[81] Forstwirtschaft","[812] Holzernte","8","81","812","[3] Aufwand","[3] AUFWAND","[32] Passivzinsen","","3","3","32","","-18.00"
"592","Schwanden b.B.","2009","[7] UMWELT UND RAUMORDNUNG","[70] Wasserversorgung","[700] Wasserversorgung","7","70","700","[3] Aufwand","[3] AUFWAND","[33] Abschreibungen","","3","3","33","","20254.45"
"592","Schwanden b.B.","2009","[7] UMWELT UND RAUMORDNUNG","[71] Abwasserentsorgung","[710] Abwasserentsorgung","7","71","710","[3] Aufwand","[3] AUFWAND","[33] Abschreibungen","","3","3","33","","13162.50"
"592","Schwanden b.B.","2009","[2] BILDUNG","[20] Kindergarten","[200] Kindergarten","2","20","200","[3] Aufwand","[3] AUFWAND","[35] Entschädigungen an Gemeinwesen","","3","3","35","","22737.35"
"592","Schwanden b.B.","2009","[2] BILDUNG","[21] Volksschule","[219] Nicht Aufteilbares, Volksschule, Tagesschule","2","21","219","[3] Aufwand","[3] AUFWAND","[35] Entschädigungen an Gemeinwesen","","3","3","35","","292579.95"
"592","Schwanden b.B.","2009","[4] GESUNDHEIT","[47] Lebensmittelkontrolle","[470] Lebensmittelkontrolle","4","47","470","[3] Aufwand","[3] AUFWAND","[35] Entschädigungen an Gemeinwesen","","3","3","35","","86.70"
"592","Schwanden b.B.","2009","[5] SOZIALE WOHLFAHRT","[58] Sozialhilfe","[587] Lastenausgleich","5","58","587","[3] Aufwand","[3] AUFWAND","[35] Entschädigungen an Gemeinwesen","","3","3","35","","228191.35"
"592","Schwanden b.B.","2009","[5] SOZIALE WOHLFAHRT","[58] Sozialhilfe","[589] Sozialbehörden, Sekretariat","5","58","589","[3] Aufwand","[3] AUFWAND","[35] Entschädigungen an Gemeinwesen","","3","3","35","","7742.55"
"592","Schwanden b.B.","2009","[8] VOLKSWIRTSCHAFT","[81] Forstwirtschaft","[812] Holzernte","8","81","812","[3] Aufwand","[3] AUFWAND","[35] Entschädigungen an Gemeinwesen","","3","3","35","","13661.95"
"592","Schwanden b.B.","2009","[9] FINANZEN UND STEUERN","[94] Vermögens- und Schuldenverwaltung","[944] Burgergut","9","94","944","[3] Aufwand","[3] AUFWAND","[35] Entschädigungen an Gemeinwesen","","3","3","35","","17400.00"
"592","Schwanden b.B.","2009","[0] ALLGEMEINE VERWALTUNG","[02] Allgemeine Verwaltung","[029] Allgemeine Verwaltung","0","2","29","[3] Aufwand","[3] AUFWAND","[36] Eigene Beiträge","","3","3","36","","1646.00"
"592","Schwanden b.B.","2009","[1] OEFFENTLICHE SICHERHEIT","[10] Rechtsaufsicht","[101] Uebrige Rechtspflege","1","10","101","[3] Aufwand","[3] AUFWAND","[36] Eigene Beiträge","","3","3","36","","719.30"
"592","Schwanden b.B.","2009","[2] BILDUNG","[29] Uebriges Bildungswesen","[292] Erwachsenenbildung","2","29","292","[3] Aufwand","[3] AUFWAND","[36] Eigene Beiträge","","3","3","36","","1858.20"
"592","Schwanden b.B.","2009","[3] KULTUR UND FREIZEIT","[35] Uebrige Freizeitgestaltung","[350] Uebrige Freizeitgestaltung","3","35","350","[3] Aufwand","[3] AUFWAND","[36] Eigene Beiträge","","3","3","36","","400.00"
"592","Schwanden b.B.","2009","[4] GESUNDHEIT","[44] Ambulante Krankenpflege","[440] Spitex/Krankenpflege","4","44","440","[3] Aufwand","[3] AUFWAND","[36] Eigene Beiträge","","3","3","36","","150.00"
"592","Schwanden b.B.","2009","[4] GESUNDHEIT","[45] Krankheitsbekämpfung","[450] Krankheitsbekämpfung","4","45","450","[3] Aufwand","[3] AUFWAND","[36] Eigene Beiträge","","3","3","36","","607.00"
"592","Schwanden b.B.","2009","[5] SOZIALE WOHLFAHRT","[53] Sonstige Sozialversicherungen","[530] Ergänzungsleistungen der AHV, IV","5","53","530","[3] Aufwand","[3] AUFWAND","[36] Eigene Beiträge","","3","3","36","","117939.00"
"592","Schwanden b.B.","2009","[5] SOZIALE WOHLFAHRT","[54] Jugendschutz","[540] Jugendschutz","5","54","540","[3] Aufwand","[3] AUFWAND","[36] Eigene Beiträge","","3","3","36","","100.00"
"592","Schwanden b.B.","2009","[6] VERKEHR","[62] Gemeindestrassen","[620] Gemeindestrassennetz","6","62","620","[3] Aufwand","[3] AUFWAND","[36] Eigene Beiträge","","3","3","36","","16033.60"
"592","Schwanden b.B.","2009","[7] UMWELT UND RAUMORDNUNG","[70] Wasserversorgung","[700] Wasserversorgung","7","70","700","[3] Aufwand","[3] AUFWAND","[36] Eigene Beiträge","","3","3","36","","12675.75"
"592","Schwanden b.B.","2009","[7] UMWELT UND RAUMORDNUNG","[71] Abwasserentsorgung","[710] Abwasserentsorgung","7","71","710","[3] Aufwand","[3] AUFWAND","[36] Eigene Beiträge","","3","3","36","","48902.70"
"592","Schwanden b.B.","2009","[7] UMWELT UND RAUMORDNUNG","[72] Abfallentsorgung","[720] Abfallentsorgung","7","72","720","[3] Aufwand","[3] AUFWAND","[36] Eigene Beiträge","","3","3","36","","1159.80"
"592","Schwanden b.B.","2009","[7] UMWELT UND RAUMORDNUNG","[79] Raumordnung","[790] Raumplanung","7","79","790","[3] Aufwand","[3] AUFWAND","[36] Eigene Beiträge","","3","3","36","","3966.40"
"592","Schwanden b.B.","2009","[8] VOLKSWIRTSCHAFT","[80] Landwirtschaft","[800] Landwirtschaft","8","80","800","[3] Aufwand","[3] AUFWAND","[36] Eigene Beiträge","","3","3","36","","50.00"
"592","Schwanden b.B.","2009","[1] OEFFENTLICHE SICHERHEIT","[14] Wehrdienste","[140] Wehrdienste","1","14","140","[3] Aufwand","[3] AUFWAND","[37] Durchlaufende Beiträge","","3","3","37","","41386.80"
"592","Schwanden b.B.","2009","[1] OEFFENTLICHE SICHERHEIT","[16] Zivile Landesverteidigung","[160] Zivilschutz","1","16","160","[3] Aufwand","[3] AUFWAND","[38] Einlagen in Spezialfinanzierungen","","3","3","38","","3975.00"
"592","Schwanden b.B.","2009","[7] UMWELT UND RAUMORDNUNG","[70] Wasserversorgung","[700] Wasserversorgung","7","70","700","[3] Aufwand","[3] AUFWAND","[38] Einlagen in Spezialfinanzierungen","","3","3","38","","59975.50"
"592","Schwanden b.B.","2009","[9] FINANZEN UND STEUERN","[94] Vermögens- und Schuldenverwaltung","[944] Burgergut","9","94","944","[3] Aufwand","[3] AUFWAND","[38] Einlagen in Spezialfinanzierungen","","3","3","38","","6711.05"
"592","Schwanden b.B.","2009","[0] ALLGEMEINE VERWALTUNG","[09] Nicht aufteilbare Aufgaben","[090] Verwaltungsliegenschaften","0","9","90","[3] Aufwand","[3] AUFWAND","[39] Interne Verrechnungen","","3","3","39","","8700.00"
"592","Schwanden b.B.","2009","[2] BILDUNG","[21] Volksschule","[217] Schulliegenschaften (Ki.garten sofern nicht zuteilbar, Prim + Sek 1)","2","21","217","[3] Aufwand","[3] AUFWAND","[39] Interne Verrechnungen","","3","3","39","","22200.00"
"592","Schwanden b.B.","2009","[3] KULTUR UND FREIZEIT","[34] Sport","[341] ...","3","34","341","[3] Aufwand","[3] AUFWAND","[39] Interne Verrechnungen","","3","3","39","","4000.00"
"592","Schwanden b.B.","2009","[5] SOZIALE WOHLFAHRT","[50] Altersversicherung","[500] AHV-Zweigstelle","5","50","500","[3] Aufwand","[3] AUFWAND","[39] Interne Verrechnungen","","3","3","39","","500.00"
"592","Schwanden b.B.","2009","[7] UMWELT UND RAUMORDNUNG","[71] Abwasserentsorgung","[710] Abwasserentsorgung","7","71","710","[3] Aufwand","[3] AUFWAND","[39] Interne Verrechnungen","","3","3","39","","7200.00"
"592","Schwanden b.B.","2009","[7] UMWELT UND RAUMORDNUNG","[72] Abfallentsorgung","[720] Abfallentsorgung","7","72","720","[3] Aufwand","[3] AUFWAND","[39] Interne Verrechnungen","","3","3","39","","22532.40"
"592","Schwanden b.B.","2009","[9] FINANZEN UND STEUERN","[94] Vermögens- und Schuldenverwaltung","[940] Zinsen","9","94","940","[3] Aufwand","[3] AUFWAND","[39] Interne Verrechnungen","","3","3","39","","32757.90"
"592","Schwanden b.B.","2009","[3] KULTUR UND FREIZEIT","[34] Sport","[341] ...","3","34","341","[4] Ertrag","[4] ERTRAG","[40] Steuern","","4","4","40","","4773.90"
"592","Schwanden b.B.","2009","[9] FINANZEN UND STEUERN","[90] Steuern","[900] Obligatorische periodische Steuern","9","90","900","[4] Ertrag","[4] ERTRAG","[40] Steuern","","4","4","40","","1056678.65"
"592","Schwanden b.B.","2009","[9] FINANZEN UND STEUERN","[90] Steuern","[903] Steuerabschreibungen","9","90","903","[4] Ertrag","[4] ERTRAG","[40] Steuern","","4","4","40","","203.70"
"592","Schwanden b.B.","2009","[9] FINANZEN UND STEUERN","[94] Vermögens- und Schuldenverwaltung","[940] Zinsen","9","94","940","[4] Ertrag","[4] ERTRAG","[42] Vermögenserträge","","4","4","42","","25994.25"
"592","Schwanden b.B.","2009","[0] ALLGEMEINE VERWALTUNG","[01] Legislative und Exekutive","[012] Exekutive","0","1","12","[4] Ertrag","[4] ERTRAG","[43] Entgelte","","4","4","43","","1173.00"
"592","Schwanden b.B.","2009","[1] OEFFENTLICHE SICHERHEIT","[10] Rechtsaufsicht","[100] Mass und Gewicht","1","10","100","[4] Ertrag","[4] ERTRAG","[43] Entgelte","","4","4","43","","758.25"
"592","Schwanden b.B.","2009","[1] OEFFENTLICHE SICHERHEIT","[14] Wehrdienste","[140] Wehrdienste","1","14","140","[4] Ertrag","[4] ERTRAG","[43] Entgelte","","4","4","43","","917.65"
"592","Schwanden b.B.","2009","[2] BILDUNG","[21] Volksschule","[214] Musikschulen","2","21","214","[4] Ertrag","[4] ERTRAG","[43] Entgelte","","4","4","43","","1482.90"
"592","Schwanden b.B.","2009","[2] BILDUNG","[21] Volksschule","[217] Schulliegenschaften (Ki.garten sofern nicht zuteilbar, Prim + Sek 1)","2","21","217","[4] Ertrag","[4] ERTRAG","[43] Entgelte","","4","4","43","","15038.00"
"592","Schwanden b.B.","2009","[2] BILDUNG","[21] Volksschule","[219] Nicht Aufteilbares, Volksschule, Tagesschule","2","21","219","[4] Ertrag","[4] ERTRAG","[43] Entgelte","","4","4","43","","10960.00"
"592","Schwanden b.B.","2009","[3] KULTUR UND FREIZEIT","[30] Kulturförderung","[309] Uebrige Kulturförderung","3","30","309","[4] Ertrag","[4] ERTRAG","[43] Entgelte","","4","4","43","","8639.15"
"592","Schwanden b.B.","2009","[5] SOZIALE WOHLFAHRT","[57] Altersheime","[571] ...","5","57","571","[4] Ertrag","[4] ERTRAG","[43] Entgelte","","4","4","43","","1229.85"
"592","Schwanden b.B.","2009","[7] UMWELT UND RAUMORDNUNG","[72] Abfallentsorgung","[720] Abfallentsorgung","7","72","720","[4] Ertrag","[4] ERTRAG","[43] Entgelte","","4","4","43","","71053.40"
"592","Schwanden b.B.","2009","[8] VOLKSWIRTSCHAFT","[81] Forstwirtschaft","[810] Forstverwaltung","8","81","810","[4] Ertrag","[4] ERTRAG","[43] Entgelte","","4","4","43","","201.65"
"592","Schwanden b.B.","2009","[8] VOLKSWIRTSCHAFT","[81] Forstwirtschaft","[812] Holzernte","8","81","812","[4] Ertrag","[4] ERTRAG","[43] Entgelte","","4","4","43","","48041.00"
"592","Schwanden b.B.","2009","[8] VOLKSWIRTSCHAFT","[86] Energie","[860] Elektrizität","8","86","860","[4] Ertrag","[4] ERTRAG","[43] Entgelte","","4","4","43","","9716.25"
"592","Schwanden b.B.","2009","[9] FINANZEN UND STEUERN","[94] Vermögens- und Schuldenverwaltung","[942] Liegenschaften des Finanzvermögens","9","94","942","[4] Ertrag","[4] ERTRAG","[43] Entgelte","","4","4","43","","1924.95"
"592","Schwanden b.B.","2009","[9] FINANZEN UND STEUERN","[92] Finanzausgleich","[920] Finanzausgleich","9","92","920","[4] Ertrag","[4] ERTRAG","[44] Anteile und Beiträge ohne Zweckbindungen","","4","4","44","","242692.00"
"592","Schwanden b.B.","2009","[0] ALLGEMEINE VERWALTUNG","[02] Allgemeine Verwaltung","[029] Allgemeine Verwaltung","0","2","29","[4] Ertrag","[4] ERTRAG","[45] Rückerstattungen von Gemeinwesen","","4","4","45","","3207.90"
"592","Schwanden b.B.","2009","[1] OEFFENTLICHE SICHERHEIT","[10] Rechtsaufsicht","[101] Uebrige Rechtspflege","1","10","101","[4] Ertrag","[4] ERTRAG","[45] Rückerstattungen von Gemeinwesen","","4","4","45","","453.20"
"592","Schwanden b.B.","2009","[1] OEFFENTLICHE SICHERHEIT","[16] Zivile Landesverteidigung","[160] Zivilschutz","1","16","160","[4] Ertrag","[4] ERTRAG","[46] Beiträge","","4","4","46","","700.00"
"592","Schwanden b.B.","2009","[7] UMWELT UND RAUMORDNUNG","[75] Gewässerverbauungen","[750] Gewässerverbauungen","7","75","750","[4] Ertrag","[4] ERTRAG","[47] Durchlaufende Beiträge","","4","4","47","","60116.65"
"592","Schwanden b.B.","2009","[1] OEFFENTLICHE SICHERHEIT","[14] Wehrdienste","[140] Wehrdienste","1","14","140","[4] Ertrag","[4] ERTRAG","[48] Entnahmen aus Spezialfinanzierungen","","4","4","48","","404.65"
"592","Schwanden b.B.","2009","[3] KULTUR UND FREIZEIT","[34] Sport","[341] ...","3","34","341","[4] Ertrag","[4] ERTRAG","[48] Entnahmen aus Spezialfinanzierungen","","4","4","48","","1124.10"
"592","Schwanden b.B.","2009","[0] ALLGEMEINE VERWALTUNG","[01] Legislative und Exekutive","[012] Exekutive","0","1","12","[4] Ertrag","[4] ERTRAG","[49] Interne Verrechnungen","","4","4","49","","900.00"
"592","Schwanden b.B.","2009","[7] UMWELT UND RAUMORDNUNG","[70] Wasserversorgung","[700] Wasserversorgung","7","70","700","[4] Ertrag","[4] ERTRAG","[49] Interne Verrechnungen","","4","4","49","","8405.25"
"592","Schwanden b.B.","2009","[9] FINANZEN UND STEUERN","[94] Vermögens- und Schuldenverwaltung","[944] Burgergut","9","94","944","[4] Ertrag","[4] ERTRAG","[49] Interne Verrechnungen","","4","4","49","","15579.95"
"592","Schwanden b.B.","2009","[6] VERKEHR","[62] Gemeindestrassen","[620] Gemeindestrassennetz","6","62","620","[5] Ausgaben","[5] Ausgaben","[50] Sachgüter","","5","5","50","","64636.85"
"592","Schwanden b.B.","2009","[7] UMWELT UND RAUMORDNUNG","[70] Wasserversorgung","[700] Wasserversorgung","7","70","700","[5] Ausgaben","[5] Ausgaben","[50] Sachgüter","","5","5","50","","26914.45"
"592","Schwanden b.B.","2009","[7] UMWELT UND RAUMORDNUNG","[71] Abwasserentsorgung","[710] Abwasserentsorgung","7","71","710","[5] Ausgaben","[5] Ausgaben","[50] Sachgüter","","5","5","50","","20146.50"
"592","Schwanden b.B.","2009","[9] FINANZEN UND STEUERN","[94] Vermögens- und Schuldenverwaltung","[944] Burgergut","9","94","944","[5] Ausgaben","[5] Ausgaben","[52] Darlehen und Beteiligungen","","5","5","52","","50000.00"
"592","Schwanden b.B.","2009","[7] UMWELT UND RAUMORDNUNG","[75] Gewässerverbauungen","[750] Gewässerverbauungen","7","75","750","[5] Ausgaben","[5] Ausgaben","[56] Eigene Beiträge","","5","5","56","","19747.30"
"592","Schwanden b.B.","2009","[9] FINANZEN UND STEUERN","[94] Vermögens- und Schuldenverwaltung","[942] Liegenschaften des Finanzvermögens","9","94","942","[5] Ausgaben","[5] Ausgaben","[59] Passivierungen","","5","5","59","","16497.15"
"592","Schwanden b.B.","2009","[0] ALLGEMEINE VERWALTUNG","[09] Nicht aufteilbare Aufgaben","[090] Verwaltungsliegenschaften","0","9","90","[6] Einnahmen","[6] Einnahmen","[60] Abgang von Sachgütern","","6","6","60","","1.00"
"592","Schwanden b.B.","2009","[7] UMWELT UND RAUMORDNUNG","[70] Wasserversorgung","[700] Wasserversorgung","7","70","700","[6] Einnahmen","[6] Einnahmen","[61] Nutzungsabgaben und Vorteilsentgelte","","6","6","61","","6660.00"
"592","Schwanden b.B.","2009","[9] FINANZEN UND STEUERN","[94] Vermögens- und Schuldenverwaltung","[942] Liegenschaften des Finanzvermögens","9","94","942","[6] Einnahmen","[6] Einnahmen","[63] Rückerstattungen für Sachgüter","","6","6","63","","16497.15"
"592","Schwanden b.B.","2009","[3] KULTUR UND FREIZEIT","[30] Kulturförderung","[309] Uebrige Kulturförderung","3","30","309","[6] Einnahmen","[6] Einnahmen","[66] Beiträge für eigene Rechnung","","6","6","66","","600.00"
"592","Schwanden b.B.","2009","[7] UMWELT UND RAUMORDNUNG","[75] Gewässerverbauungen","[750] Gewässerverbauungen","7","75","750","[6] Einnahmen","[6] Einnahmen","[67] Durchlaufende Beiträge","","6","6","67","","98736.60"
"592","Schwanden b.B.","2009","[7] UMWELT UND RAUMORDNUNG","[79] Raumordnung","[790] Raumplanung","7","79","790","[6] Einnahmen","[6] Einnahmen","[67] Durchlaufende Beiträge","","6","6","67","","180002.15"
"592","Schwanden b.B.","2009","[9] FINANZEN UND STEUERN","[99] Nicht aufgeteilte Posten","[999] Abschluss","9","99","999","[6] Einnahmen","[6] Einnahmen","[69] Aktivierungen","","6","6","69","","541540.30"
"592","Schwanden b.B.","2010","","","","","","","[1] Aktiven","[10] Finanzvermögen","[100] Flüssige Mittel","","1","10","100","","230637.30"
"592","Schwanden b.B.","2010","","","","","","","[1] Aktiven","[10] Finanzvermögen","[102] Anlagen","","1","10","102","","2597519.73"
"592","Schwanden b.B.","2010","","","","","","","[1] Aktiven","[11] Verwaltungsvermögen","[114] Sachgüter","","1","11","114","","770575.99"
"592","Schwanden b.B.","2010","","","","","","","[1] Aktiven","[11] Verwaltungsvermögen","[115] Darlehen und Beteiligungen","","1","11","115","","122506.00"
"592","Schwanden b.B.","2010","","","","","","","[1] Aktiven","[11] Verwaltungsvermögen","[117] Uebrige aktiverte Ausgaben","","1","11","117","","116372.70"
"592","Schwanden b.B.","2010","","","","","","","[2] Passiven","[20] Fremdkapital","[200] Laufende Verpflichtungen","","2","20","200","","374671.40"
"592","Schwanden b.B.","2010","","","","","","","[2] Passiven","[20] Fremdkapital","[202] Mittel- und langfristige Schulden","","2","20","202","","104250.00"
"592","Schwanden b.B.","2010","","","","","","","[2] Passiven","[20] Fremdkapital","[203] Verpflichtungen für Sonderrechnungen","","2","20","203","","4810.40"
"592","Schwanden b.B.","2010","","","","","","","[2] Passiven","[20] Fremdkapital","[205] Transitorische Passiven","","2","20","205","","14690.65"
"592","Schwanden b.B.","2010","","","","","","","[2] Passiven","[23] Eigenkapital","[239] Eigenkapital","","2","23","239","","788615.11"
"592","Schwanden b.B.","2010","[0] ALLGEMEINE VERWALTUNG","[02] Allgemeine Verwaltung","[029] Allgemeine Verwaltung","0","2","29","[3] Aufwand","[3] AUFWAND","[30] Personalaufwand","","3","3","30","","211642.25"
"592","Schwanden b.B.","2010","[0] ALLGEMEINE VERWALTUNG","[09] Nicht aufteilbare Aufgaben","[090] Verwaltungsliegenschaften","0","9","90","[3] Aufwand","[3] AUFWAND","[30] Personalaufwand","","3","3","30","","7227.55"
"592","Schwanden b.B.","2010","[2] BILDUNG","[21] Volksschule","[217] Schulliegenschaften (Ki.garten sofern nicht zuteilbar, Prim + Sek 1)","2","21","217","[3] Aufwand","[3] AUFWAND","[30] Personalaufwand","","3","3","30","","18196.90"
"592","Schwanden b.B.","2010","[3] KULTUR UND FREIZEIT","[30] Kulturförderung","[309] Uebrige Kulturförderung","3","30","309","[3] Aufwand","[3] AUFWAND","[30] Personalaufwand","","3","3","30","","1619.20"
"592","Schwanden b.B.","2010","[3] KULTUR UND FREIZEIT","[34] Sport","[341] ...","3","34","341","[3] Aufwand","[3] AUFWAND","[30] Personalaufwand","","3","3","30","","1355.75"
"592","Schwanden b.B.","2010","[6] VERKEHR","[62] Gemeindestrassen","[620] Gemeindestrassennetz","6","62","620","[3] Aufwand","[3] AUFWAND","[30] Personalaufwand","","3","3","30","","127454.45"
"592","Schwanden b.B.","2010","[7] UMWELT UND RAUMORDNUNG","[71] Abwasserentsorgung","[710] Abwasserentsorgung","7","71","710","[3] Aufwand","[3] AUFWAND","[30] Personalaufwand","","3","3","30","","391.40"
"592","Schwanden b.B.","2010","[7] UMWELT UND RAUMORDNUNG","[72] Abfallentsorgung","[720] Abfallentsorgung","7","72","720","[3] Aufwand","[3] AUFWAND","[30] Personalaufwand","","3","3","30","","1092.40"
"592","Schwanden b.B.","2010","[7] UMWELT UND RAUMORDNUNG","[77] Naturschutz","[770] Naturschutz","7","77","770","[3] Aufwand","[3] AUFWAND","[30] Personalaufwand","","3","3","30","","1286.80"
"592","Schwanden b.B.","2010","[8] VOLKSWIRTSCHAFT","[81] Forstwirtschaft","[810] Forstverwaltung","8","81","810","[3] Aufwand","[3] AUFWAND","[30] Personalaufwand","","3","3","30","","240.00"
"592","Schwanden b.B.","2010","[0] ALLGEMEINE VERWALTUNG","[01] Legislative und Exekutive","[012] Exekutive","0","1","12","[3] Aufwand","[3] AUFWAND","[31] Sachaufwand","","3","3","31","","22396.75"
"592","Schwanden b.B.","2010","[0] ALLGEMEINE VERWALTUNG","[09] Nicht aufteilbare Aufgaben","[091] ...","0","9","91","[3] Aufwand","[3] AUFWAND","[31] Sachaufwand","","3","3","31","","173.25"
"592","Schwanden b.B.","2010","[1] OEFFENTLICHE SICHERHEIT","[16] Zivile Landesverteidigung","[160] Zivilschutz","1","16","160","[3] Aufwand","[3] AUFWAND","[31] Sachaufwand","","3","3","31","","2171.10"
"592","Schwanden b.B.","2010","[2] BILDUNG","[20] Kindergarten","[200] Kindergarten","2","20","200","[3] Aufwand","[3] AUFWAND","[31] Sachaufwand","","3","3","31","","17.00"
"592","Schwanden b.B.","2010","[2] BILDUNG","[21] Volksschule","[219] Nicht Aufteilbares, Volksschule, Tagesschule","2","21","219","[3] Aufwand","[3] AUFWAND","[31] Sachaufwand","","3","3","31","","9691.60"
"592","Schwanden b.B.","2010","[3] KULTUR UND FREIZEIT","[30] Kulturförderung","[309] Uebrige Kulturförderung","3","30","309","[3] Aufwand","[3] AUFWAND","[31] Sachaufwand","","3","3","31","","11826.35"
"592","Schwanden b.B.","2010","[3] KULTUR UND FREIZEIT","[33] Parkanlagen und Wanderwege","[330] Parkanlagen und Wanderwege","3","33","330","[3] Aufwand","[3] AUFWAND","[31] Sachaufwand","","3","3","31","","3722.50"
"592","Schwanden b.B.","2010","[4] GESUNDHEIT","[46] Schulgesundheitsdienst","[460] Schulärztliche Pflege","4","46","460","[3] Aufwand","[3] AUFWAND","[31] Sachaufwand","","3","3","31","","678.55"
"592","Schwanden b.B.","2010","[5] SOZIALE WOHLFAHRT","[57] Altersheime","[571] ...","5","57","571","[3] Aufwand","[3] AUFWAND","[31] Sachaufwand","","3","3","31","","5515.10"
"592","Schwanden b.B.","2010","[7] UMWELT UND RAUMORDNUNG","[70] Wasserversorgung","[700] Wasserversorgung","7","70","700","[3] Aufwand","[3] AUFWAND","[31] Sachaufwand","","3","3","31","","13938.70"
"592","Schwanden b.B.","2010","[7] UMWELT UND RAUMORDNUNG","[77] Naturschutz","[770] Naturschutz","7","77","770","[3] Aufwand","[3] AUFWAND","[31] Sachaufwand","","3","3","31","","11.20"
"592","Schwanden b.B.","2010","[7] UMWELT UND RAUMORDNUNG","[78] Uebriger Umweltschutz","[780] Oeffentliche Toiletten","7","78","780","[3] Aufwand","[3] AUFWAND","[31] Sachaufwand","","3","3","31","","1059.85"
"592","Schwanden b.B.","2010","[7] UMWELT UND RAUMORDNUNG","[79] Raumordnung","[790] Raumplanung","7","79","790","[3] Aufwand","[3] AUFWAND","[31] Sachaufwand","","3","3","31","","2866.50"
"592","Schwanden b.B.","2010","[8] VOLKSWIRTSCHAFT","[81] Forstwirtschaft","[812] Holzernte","8","81","812","[3] Aufwand","[3] AUFWAND","[31] Sachaufwand","","3","3","31","","4768.65"
"592","Schwanden b.B.","2010","[9] FINANZEN UND STEUERN","[94] Vermögens- und Schuldenverwaltung","[942] Liegenschaften des Finanzvermögens","9","94","942","[3] Aufwand","[3] AUFWAND","[31] Sachaufwand","","3","3","31","","14906.40"
"592","Schwanden b.B.","2010","[9] FINANZEN UND STEUERN","[94] Vermögens- und Schuldenverwaltung","[944] Burgergut","9","94","944","[3] Aufwand","[3] AUFWAND","[31] Sachaufwand","","3","3","31","","14367.05"
"592","Schwanden b.B.","2010","[9] FINANZEN UND STEUERN","[94] Vermögens- und Schuldenverwaltung","[940] Zinsen","9","94","940","[3] Aufwand","[3] AUFWAND","[32] Passivzinsen","","3","3","32","","4228.35"
"592","Schwanden b.B.","2010","[1] OEFFENTLICHE SICHERHEIT","[14] Wehrdienste","[140] Wehrdienste","1","14","140","[3] Aufwand","[3] AUFWAND","[33] Abschreibungen","","3","3","33","","690.80"
"592","Schwanden b.B.","2010","[7] UMWELT UND RAUMORDNUNG","[72] Abfallentsorgung","[720] Abfallentsorgung","7","72","720","[3] Aufwand","[3] AUFWAND","[33] Abschreibungen","","3","3","33","","550.10"
"592","Schwanden b.B.","2010","[9] FINANZEN UND STEUERN","[90] Steuern","[903] Steuerabschreibungen","9","90","903","[3] Aufwand","[3] AUFWAND","[33] Abschreibungen","","3","3","33","","-9035.35"
"592","Schwanden b.B.","2010","[9] FINANZEN UND STEUERN","[99] Nicht aufgeteilte Posten","[990] Abschreibungen","9","99","990","[3] Aufwand","[3] AUFWAND","[33] Abschreibungen","","3","3","33","","224387.85"
"592","Schwanden b.B.","2010","[0] ALLGEMEINE VERWALTUNG","[02] Allgemeine Verwaltung","[029] Allgemeine Verwaltung","0","2","29","[3] Aufwand","[3] AUFWAND","[35] Entschädigungen an Gemeinwesen","","3","3","35","","11243.60"
"592","Schwanden b.B.","2010","[1] OEFFENTLICHE SICHERHEIT","[10] Rechtsaufsicht","[101] Uebrige Rechtspflege","1","10","101","[3] Aufwand","[3] AUFWAND","[35] Entschädigungen an Gemeinwesen","","3","3","35","","835.60"
"592","Schwanden b.B.","2010","[1] OEFFENTLICHE SICHERHEIT","[16] Zivile Landesverteidigung","[161] Uebrige zivile Landesverteidigung","1","16","161","[3] Aufwand","[3] AUFWAND","[35] Entschädigungen an Gemeinwesen","","3","3","35","","971.10"
"592","Schwanden b.B.","2010","[4] GESUNDHEIT","[44] Ambulante Krankenpflege","[440] Spitex/Krankenpflege","4","44","440","[3] Aufwand","[3] AUFWAND","[35] Entschädigungen an Gemeinwesen","","3","3","35","","500.00"
"592","Schwanden b.B.","2010","[5] SOZIALE WOHLFAHRT","[50] Altersversicherung","[500] AHV-Zweigstelle","5","50","500","[3] Aufwand","[3] AUFWAND","[35] Entschädigungen an Gemeinwesen","","3","3","35","","6863.15"
"592","Schwanden b.B.","2010","[7] UMWELT UND RAUMORDNUNG","[72] Abfallentsorgung","[720] Abfallentsorgung","7","72","720","[3] Aufwand","[3] AUFWAND","[35] Entschädigungen an Gemeinwesen","","3","3","35","","1759.75"
"592","Schwanden b.B.","2010","[8] VOLKSWIRTSCHAFT","[81] Forstwirtschaft","[811] Kulturen, Pflegemassnahmen","8","81","811","[3] Aufwand","[3] AUFWAND","[35] Entschädigungen an Gemeinwesen","","3","3","35","","12662.30"
"592","Schwanden b.B.","2010","[1] OEFFENTLICHE SICHERHEIT","[16] Zivile Landesverteidigung","[160] Zivilschutz","1","16","160","[3] Aufwand","[3] AUFWAND","[36] Eigene Beiträge","","3","3","36","","8531.00"
"592","Schwanden b.B.","2010","[2] BILDUNG","[21] Volksschule","[214] Musikschulen","2","21","214","[3] Aufwand","[3] AUFWAND","[36] Eigene Beiträge","","3","3","36","","8150.00"
"592","Schwanden b.B.","2010","[3] KULTUR UND FREIZEIT","[30] Kulturförderung","[309] Uebrige Kulturförderung","3","30","309","[3] Aufwand","[3] AUFWAND","[36] Eigene Beiträge","","3","3","36","","2138.00"
"592","Schwanden b.B.","2010","[3] KULTUR UND FREIZEIT","[33] Parkanlagen und Wanderwege","[330] Parkanlagen und Wanderwege","3","33","330","[3] Aufwand","[3] AUFWAND","[36] Eigene Beiträge","","3","3","36","","121.60"
"592","Schwanden b.B.","2010","[3] KULTUR UND FREIZEIT","[34] Sport","[340] Sport","3","34","340","[3] Aufwand","[3] AUFWAND","[36] Eigene Beiträge","","3","3","36","","1250.00"
"592","Schwanden b.B.","2010","[5] SOZIALE WOHLFAHRT","[58] Sozialhilfe","[582] Weitere Wohlfahrts-, Vor- + Fürsorgeeinrichtungen","5","58","582","[3] Aufwand","[3] AUFWAND","[36] Eigene Beiträge","","3","3","36","","515.25"
"592","Schwanden b.B.","2010","[6] VERKEHR","[65] Regionalverkehr","[650] Regionalverkehrsbetriebe","6","65","650","[3] Aufwand","[3] AUFWAND","[36] Eigene Beiträge","","3","3","36","","44713.80"
"592","Schwanden b.B.","2010","[7] UMWELT UND RAUMORDNUNG","[72] Abfallentsorgung","[720] Abfallentsorgung","7","72","720","[3] Aufwand","[3] AUFWAND","[36] Eigene Beiträge","","3","3","36","","716.10"
"592","Schwanden b.B.","2010","[7] UMWELT UND RAUMORDNUNG","[74] Friedhof und Bestattung","[740] Friedhof und Bestattung","7","74","740","[3] Aufwand","[3] AUFWAND","[36] Eigene Beiträge","","3","3","36","","14736.00"
"592","Schwanden b.B.","2010","[8] VOLKSWIRTSCHAFT","[81] Forstwirtschaft","[810] Forstverwaltung","8","81","810","[3] Aufwand","[3] AUFWAND","[36] Eigene Beiträge","","3","3","36","","4975.95"
"592","Schwanden b.B.","2010","[8] VOLKSWIRTSCHAFT","[83] Tourismus","[830] Tourismus","8","83","830","[3] Aufwand","[3] AUFWAND","[36] Eigene Beiträge","","3","3","36","","3030.00"
"592","Schwanden b.B.","2010","[9] FINANZEN UND STEUERN","[94] Vermögens- und Schuldenverwaltung","[944] Burgergut","9","94","944","[3] Aufwand","[3] AUFWAND","[36] Eigene Beiträge","","3","3","36","","4323.05"
"592","Schwanden b.B.","2010","[7] UMWELT UND RAUMORDNUNG","[75] Gewässerverbauungen","[750] Gewässerverbauungen","7","75","750","[3] Aufwand","[3] AUFWAND","[37] Durchlaufende Beiträge","","3","3","37","","60520.70"
"592","Schwanden b.B.","2010","[7] UMWELT UND RAUMORDNUNG","[71] Abwasserentsorgung","[710] Abwasserentsorgung","7","71","710","[3] Aufwand","[3] AUFWAND","[38] Einlagen in Spezialfinanzierungen","","3","3","38","","109341.00"
"592","Schwanden b.B.","2010","[7] UMWELT UND RAUMORDNUNG","[72] Abfallentsorgung","[720] Abfallentsorgung","7","72","720","[3] Aufwand","[3] AUFWAND","[38] Einlagen in Spezialfinanzierungen","","3","3","38","","1383.10"
"592","Schwanden b.B.","2010","[1] OEFFENTLICHE SICHERHEIT","[16] Zivile Landesverteidigung","[160] Zivilschutz","1","16","160","[3] Aufwand","[3] AUFWAND","[39] Interne Verrechnungen","","3","3","39","","1600.00"
"592","Schwanden b.B.","2010","[3] KULTUR UND FREIZEIT","[33] Parkanlagen und Wanderwege","[330] Parkanlagen und Wanderwege","3","33","330","[3] Aufwand","[3] AUFWAND","[39] Interne Verrechnungen","","3","3","39","","1900.00"
"592","Schwanden b.B.","2010","[7] UMWELT UND RAUMORDNUNG","[70] Wasserversorgung","[700] Wasserversorgung","7","70","700","[3] Aufwand","[3] AUFWAND","[39] Interne Verrechnungen","","3","3","39","","6300.00"
"592","Schwanden b.B.","2010","[9] FINANZEN UND STEUERN","[94] Vermögens- und Schuldenverwaltung","[942] Liegenschaften des Finanzvermögens","9","94","942","[3] Aufwand","[3] AUFWAND","[39] Interne Verrechnungen","","3","3","39","","3100.00"
"592","Schwanden b.B.","2010","[9] FINANZEN UND STEUERN","[94] Vermögens- und Schuldenverwaltung","[944] Burgergut","9","94","944","[3] Aufwand","[3] AUFWAND","[39] Interne Verrechnungen","","3","3","39","","8370.50"
"592","Schwanden b.B.","2010","[9] FINANZEN UND STEUERN","[90] Steuern","[901] Obligatorische aperiodische Steuern","9","90","901","[4] Ertrag","[4] ERTRAG","[40] Steuern","","4","4","40","","46244.25"
"592","Schwanden b.B.","2010","[9] FINANZEN UND STEUERN","[90] Steuern","[902] Liegenschaftssteuern","9","90","902","[4] Ertrag","[4] ERTRAG","[40] Steuern","","4","4","40","","134130.25"
"592","Schwanden b.B.","2010","[9] FINANZEN UND STEUERN","[90] Steuern","[904] Fakultative Steuern und Abgaben","9","90","904","[4] Ertrag","[4] ERTRAG","[40] Steuern","","4","4","40","","2000.00"
"592","Schwanden b.B.","2010","[3] KULTUR UND FREIZEIT","[30] Kulturförderung","[309] Uebrige Kulturförderung","3","30","309","[4] Ertrag","[4] ERTRAG","[42] Vermögenserträge","","4","4","42","","470.00"
"592","Schwanden b.B.","2010","[9] FINANZEN UND STEUERN","[94] Vermögens- und Schuldenverwaltung","[942] Liegenschaften des Finanzvermögens","9","94","942","[4] Ertrag","[4] ERTRAG","[42] Vermögenserträge","","4","4","42","","40224.45"
"592","Schwanden b.B.","2010","[9] FINANZEN UND STEUERN","[94] Vermögens- und Schuldenverwaltung","[944] Burgergut","9","94","944","[4] Ertrag","[4] ERTRAG","[42] Vermögenserträge","","4","4","42","","37362.30"
"592","Schwanden b.B.","2010","[0] ALLGEMEINE VERWALTUNG","[01] Legislative und Exekutive","[011] Legislative","0","1","11","[4] Ertrag","[4] ERTRAG","[43] Entgelte","","4","4","43","","500.00"
"592","Schwanden b.B.","2010","[0] ALLGEMEINE VERWALTUNG","[09] Nicht aufteilbare Aufgaben","[090] Verwaltungsliegenschaften","0","9","90","[4] Ertrag","[4] ERTRAG","[43] Entgelte","","4","4","43","","1123.60"
"592","Schwanden b.B.","2010","[0] ALLGEMEINE VERWALTUNG","[09] Nicht aufteilbare Aufgaben","[091] ...","0","9","91","[4] Ertrag","[4] ERTRAG","[43] Entgelte","","4","4","43","","1916.00"
"592","Schwanden b.B.","2010","[1] OEFFENTLICHE SICHERHEIT","[10] Rechtsaufsicht","[101] Uebrige Rechtspflege","1","10","101","[4] Ertrag","[4] ERTRAG","[43] Entgelte","","4","4","43","","21969.00"
"592","Schwanden b.B.","2010","[1] OEFFENTLICHE SICHERHEIT","[16] Zivile Landesverteidigung","[160] Zivilschutz","1","16","160","[4] Ertrag","[4] ERTRAG","[43] Entgelte","","4","4","43","","2950.00"
"592","Schwanden b.B.","2010","[6] VERKEHR","[62] Gemeindestrassen","[620] Gemeindestrassennetz","6","62","620","[4] Ertrag","[4] ERTRAG","[43] Entgelte","","4","4","43","","24064.65"
"592","Schwanden b.B.","2010","[7] UMWELT UND RAUMORDNUNG","[70] Wasserversorgung","[700] Wasserversorgung","7","70","700","[4] Ertrag","[4] ERTRAG","[43] Entgelte","","4","4","43","","79048.85"
"592","Schwanden b.B.","2010","[7] UMWELT UND RAUMORDNUNG","[71] Abwasserentsorgung","[710] Abwasserentsorgung","7","71","710","[4] Ertrag","[4] ERTRAG","[43] Entgelte","","4","4","43","","130608.90"
"592","Schwanden b.B.","2010","[7] UMWELT UND RAUMORDNUNG","[75] Gewässerverbauungen","[750] Gewässerverbauungen","7","75","750","[4] Ertrag","[4] ERTRAG","[43] Entgelte","","4","4","43","","2000.00"
"592","Schwanden b.B.","2010","[9] FINANZEN UND STEUERN","[94] Vermögens- und Schuldenverwaltung","[944] Burgergut","9","94","944","[4] Ertrag","[4] ERTRAG","[43] Entgelte","","4","4","43","","1128.60"
"592","Schwanden b.B.","2010","[5] SOZIALE WOHLFAHRT","[58] Sozialhilfe","[589] Sozialbehörden, Sekretariat","5","58","589","[4] Ertrag","[4] ERTRAG","[45] Rückerstattungen von Gemeinwesen","","4","4","45","","3631.65"
"592","Schwanden b.B.","2010","[2] BILDUNG","[21] Volksschule","[217] Schulliegenschaften (Ki.garten sofern nicht zuteilbar, Prim + Sek 1)","2","21","217","[4] Ertrag","[4] ERTRAG","[46] Beiträge","","4","4","46","","4767.25"
"592","Schwanden b.B.","2010","[3] KULTUR UND FREIZEIT","[34] Sport","[342] ...","3","34","342","[4] Ertrag","[4] ERTRAG","[46] Beiträge","","4","4","46","","750.00"
"592","Schwanden b.B.","2010","[6] VERKEHR","[62] Gemeindestrassen","[620] Gemeindestrassennetz","6","62","620","[4] Ertrag","[4] ERTRAG","[46] Beiträge","","4","4","46","","40909.10"
"592","Schwanden b.B.","2010","[8] VOLKSWIRTSCHAFT","[81] Forstwirtschaft","[810] Forstverwaltung","8","81","810","[4] Ertrag","[4] ERTRAG","[46] Beiträge","","4","4","46","","168.05"
"592","Schwanden b.B.","2010","[8] VOLKSWIRTSCHAFT","[81] Forstwirtschaft","[811] Kulturen, Pflegemassnahmen","8","81","811","[4] Ertrag","[4] ERTRAG","[46] Beiträge","","4","4","46","","12155.00"
"592","Schwanden b.B.","2010","[1] OEFFENTLICHE SICHERHEIT","[14] Wehrdienste","[140] Wehrdienste","1","14","140","[4] Ertrag","[4] ERTRAG","[47] Durchlaufende Beiträge","","4","4","47","","35029.95"
"592","Schwanden b.B.","2010","[1] OEFFENTLICHE SICHERHEIT","[16] Zivile Landesverteidigung","[160] Zivilschutz","1","16","160","[4] Ertrag","[4] ERTRAG","[48] Entnahmen aus Spezialfinanzierungen","","4","4","48","","11303.00"
"592","Schwanden b.B.","2010","[3] KULTUR UND FREIZEIT","[34] Sport","[342] ...","3","34","342","[4] Ertrag","[4] ERTRAG","[48] Entnahmen aus Spezialfinanzierungen","","4","4","48","","6418.80"
"592","Schwanden b.B.","2010","[7] UMWELT UND RAUMORDNUNG","[70] Wasserversorgung","[700] Wasserversorgung","7","70","700","[4] Ertrag","[4] ERTRAG","[48] Entnahmen aus Spezialfinanzierungen","","4","4","48","","35821.20"
"592","Schwanden b.B.","2010","[7] UMWELT UND RAUMORDNUNG","[71] Abwasserentsorgung","[710] Abwasserentsorgung","7","71","710","[4] Ertrag","[4] ERTRAG","[48] Entnahmen aus Spezialfinanzierungen","","4","4","48","","91505.55"
"592","Schwanden b.B.","2010","[0] ALLGEMEINE VERWALTUNG","[02] Allgemeine Verwaltung","[029] Allgemeine Verwaltung","0","2","29","[4] Ertrag","[4] ERTRAG","[49] Interne Verrechnungen","","4","4","49","","23500.00"
"592","Schwanden b.B.","2010","[3] KULTUR UND FREIZEIT","[34] Sport","[342] ...","3","34","342","[4] Ertrag","[4] ERTRAG","[49] Interne Verrechnungen","","4","4","49","","179.35"
"592","Schwanden b.B.","2010","[6] VERKEHR","[62] Gemeindestrassen","[620] Gemeindestrassennetz","6","62","620","[4] Ertrag","[4] ERTRAG","[49] Interne Verrechnungen","","4","4","49","","57400.00"
"592","Schwanden b.B.","2010","[7] UMWELT UND RAUMORDNUNG","[71] Abwasserentsorgung","[710] Abwasserentsorgung","7","71","710","[4] Ertrag","[4] ERTRAG","[49] Interne Verrechnungen","","4","4","49","","9397.90"
"592","Schwanden b.B.","2010","[7] UMWELT UND RAUMORDNUNG","[72] Abfallentsorgung","[720] Abfallentsorgung","7","72","720","[4] Ertrag","[4] ERTRAG","[49] Interne Verrechnungen","","4","4","49","","148.80"
"592","Schwanden b.B.","2010","[9] FINANZEN UND STEUERN","[99] Nicht aufgeteilte Posten","[990] Abschreibungen","9","99","990","[4] Ertrag","[4] ERTRAG","[49] Interne Verrechnungen","","4","4","49","","1389.65"
"592","Schwanden b.B.","2010","[1] OEFFENTLICHE SICHERHEIT","[10] Rechtsaufsicht","[100] Mass und Gewicht","1","10","100","[5] Ausgaben","[5] Ausgaben","[50] Sachgüter","","5","5","50","","21443.20"
"592","Schwanden b.B.","2010","[2] BILDUNG","[21] Volksschule","[217] Schulliegenschaften (Ki.garten sofern nicht zuteilbar, Prim + Sek 1)","2","21","217","[5] Ausgaben","[5] Ausgaben","[50] Sachgüter","","5","5","50","","35952.40"
"592","Schwanden b.B.","2010","[9] FINANZEN UND STEUERN","[94] Vermögens- und Schuldenverwaltung","[942] Liegenschaften des Finanzvermögens","9","94","942","[5] Ausgaben","[5] Ausgaben","[50] Sachgüter","","5","5","50","","2987.75"
"592","Schwanden b.B.","2010","[7] UMWELT UND RAUMORDNUNG","[75] Gewässerverbauungen","[750] Gewässerverbauungen","7","75","750","[5] Ausgaben","[5] Ausgaben","[57] Durchlaufende Beiträge","","5","5","57","","56122.25"
"592","Schwanden b.B.","2010","[7] UMWELT UND RAUMORDNUNG","[79] Raumordnung","[790] Raumplanung","7","79","790","[5] Ausgaben","[5] Ausgaben","[57] Durchlaufende Beiträge","","5","5","57","","41220.95"
"592","Schwanden b.B.","2010","[9] FINANZEN UND STEUERN","[99] Nicht aufgeteilte Posten","[999] Abschluss","9","99","999","[5] Ausgaben","[5] Ausgaben","[59] Passivierungen","","5","5","59","","133934.30"
"592","Schwanden b.B.","2010","[6] VERKEHR","[62] Gemeindestrassen","[620] Gemeindestrassennetz","6","62","620","[6] Einnahmen","[6] Einnahmen","[60] Abgang von Sachgütern","","6","6","60","","20000.00"
"592","Schwanden b.B.","2010","[7] UMWELT UND RAUMORDNUNG","[71] Abwasserentsorgung","[710] Abwasserentsorgung","7","71","710","[6] Einnahmen","[6] Einnahmen","[61] Nutzungsabgaben und Vorteilsentgelte","","6","6","61","","2472.45"
"592","Schwanden b.B.","2010","[3] KULTUR UND FREIZEIT","[34] Sport","[340] Sport","3","34","340","[6] Einnahmen","[6] Einnahmen","[62] Rückzahlung von Darlehen und Beteiligungen","","6","6","62","","2500.00"
"592","Schwanden b.B.","2010","[9] FINANZEN UND STEUERN","[94] Vermögens- und Schuldenverwaltung","[942] Liegenschaften des Finanzvermögens","9","94","942","[6] Einnahmen","[6] Einnahmen","[69] Aktivierungen","","6","6","69","","2987.75"
"592","Schwanden b.B.","2009","[9] FINANZEN UND STEUERN","[94] Vermögens- und Schuldenverwaltung","[944] Burgergut","9","94","944","[4] Ertrag","[4] ERTRAG","[42] Vermögenserträge","","4","4","42","","39394.50"
"592","Schwanden b.B.","2009","[0] ALLGEMEINE VERWALTUNG","[01] Legislative und Exekutive","[011] Legislative","0","1","11","[4] Ertrag","[4] ERTRAG","[43] Entgelte","","4","4","43","","500.00"
"592","Schwanden b.B.","2009","[0] ALLGEMEINE VERWALTUNG","[02] Allgemeine Verwaltung","[029] Allgemeine Verwaltung","0","2","29","[4] Ertrag","[4] ERTRAG","[43] Entgelte","","4","4","43","","19851.95"
"592","Schwanden b.B.","2009","[0] ALLGEMEINE VERWALTUNG","[09] Nicht aufteilbare Aufgaben","[090] Verwaltungsliegenschaften","0","9","90","[4] Ertrag","[4] ERTRAG","[43] Entgelte","","4","4","43","","1644.50"
"592","Schwanden b.B.","2009","[0] ALLGEMEINE VERWALTUNG","[09] Nicht aufteilbare Aufgaben","[091] ...","0","9","91","[4] Ertrag","[4] ERTRAG","[43] Entgelte","","4","4","43","","1363.00"
"592","Schwanden b.B.","2009","[1] OEFFENTLICHE SICHERHEIT","[10] Rechtsaufsicht","[101] Uebrige Rechtspflege","1","10","101","[4] Ertrag","[4] ERTRAG","[43] Entgelte","","4","4","43","","20206.35"
"592","Schwanden b.B.","2009","[1] OEFFENTLICHE SICHERHEIT","[16] Zivile Landesverteidigung","[160] Zivilschutz","1","16","160","[4] Ertrag","[4] ERTRAG","[43] Entgelte","","4","4","43","","5175.00"
"592","Schwanden b.B.","2009","[3] KULTUR UND FREIZEIT","[34] Sport","[342] ...","3","34","342","[4] Ertrag","[4] ERTRAG","[43] Entgelte","","4","4","43","","1200.00"
"592","Schwanden b.B.","2009","[6] VERKEHR","[62] Gemeindestrassen","[620] Gemeindestrassennetz","6","62","620","[4] Ertrag","[4] ERTRAG","[43] Entgelte","","4","4","43","","12157.60"
"592","Schwanden b.B.","2009","[7] UMWELT UND RAUMORDNUNG","[70] Wasserversorgung","[700] Wasserversorgung","7","70","700","[4] Ertrag","[4] ERTRAG","[43] Entgelte","","4","4","43","","80154.95"
"592","Schwanden b.B.","2009","[7] UMWELT UND RAUMORDNUNG","[71] Abwasserentsorgung","[710] Abwasserentsorgung","7","71","710","[4] Ertrag","[4] ERTRAG","[43] Entgelte","","4","4","43","","126961.40"
"592","Schwanden b.B.","2009","[7] UMWELT UND RAUMORDNUNG","[75] Gewässerverbauungen","[750] Gewässerverbauungen","7","75","750","[4] Ertrag","[4] ERTRAG","[43] Entgelte","","4","4","43","","2000.00"
"592","Schwanden b.B.","2009","[9] FINANZEN UND STEUERN","[94] Vermögens- und Schuldenverwaltung","[944] Burgergut","9","94","944","[4] Ertrag","[4] ERTRAG","[43] Entgelte","","4","4","43","","4809.80"
"592","Schwanden b.B.","2009","[5] SOZIALE WOHLFAHRT","[58] Sozialhilfe","[587] Lastenausgleich","5","58","587","[4] Ertrag","[4] ERTRAG","[45] Rückerstattungen von Gemeinwesen","","4","4","45","","-888.15"
"592","Schwanden b.B.","2009","[5] SOZIALE WOHLFAHRT","[58] Sozialhilfe","[589] Sozialbehörden, Sekretariat","5","58","589","[4] Ertrag","[4] ERTRAG","[45] Rückerstattungen von Gemeinwesen","","4","4","45","","3976.85"
"592","Schwanden b.B.","2009","[6] VERKEHR","[62] Gemeindestrassen","[620] Gemeindestrassennetz","6","62","620","[4] Ertrag","[4] ERTRAG","[46] Beiträge","","4","4","46","","49983.70"
"592","Schwanden b.B.","2009","[8] VOLKSWIRTSCHAFT","[81] Forstwirtschaft","[810] Forstverwaltung","8","81","810","[4] Ertrag","[4] ERTRAG","[46] Beiträge","","4","4","46","","152.15"
"592","Schwanden b.B.","2009","[1] OEFFENTLICHE SICHERHEIT","[14] Wehrdienste","[140] Wehrdienste","1","14","140","[4] Ertrag","[4] ERTRAG","[47] Durchlaufende Beiträge","","4","4","47","","41386.80"
"592","Schwanden b.B.","2009","[1] OEFFENTLICHE SICHERHEIT","[16] Zivile Landesverteidigung","[160] Zivilschutz","1","16","160","[4] Ertrag","[4] ERTRAG","[48] Entnahmen aus Spezialfinanzierungen","","4","4","48","","10223.00"
"592","Schwanden b.B.","2009","[3] KULTUR UND FREIZEIT","[34] Sport","[342] ...","3","34","342","[4] Ertrag","[4] ERTRAG","[48] Entnahmen aus Spezialfinanzierungen","","4","4","48","","1936.95"
"592","Schwanden b.B.","2009","[7] UMWELT UND RAUMORDNUNG","[70] Wasserversorgung","[700] Wasserversorgung","7","70","700","[4] Ertrag","[4] ERTRAG","[48] Entnahmen aus Spezialfinanzierungen","","4","4","48","","20254.45"
"592","Schwanden b.B.","2009","[7] UMWELT UND RAUMORDNUNG","[71] Abwasserentsorgung","[710] Abwasserentsorgung","7","71","710","[4] Ertrag","[4] ERTRAG","[48] Entnahmen aus Spezialfinanzierungen","","4","4","48","","13162.50"
"592","Schwanden b.B.","2009","[0] ALLGEMEINE VERWALTUNG","[02] Allgemeine Verwaltung","[029] Allgemeine Verwaltung","0","2","29","[4] Ertrag","[4] ERTRAG","[49] Interne Verrechnungen","","4","4","49","","21000.00"
"592","Schwanden b.B.","2009","[3] KULTUR UND FREIZEIT","[34] Sport","[341] ...","3","34","341","[4] Ertrag","[4] ERTRAG","[49] Interne Verrechnungen","","4","4","49","","16.85"
"592","Schwanden b.B.","2009","[3] KULTUR UND FREIZEIT","[34] Sport","[342] ...","3","34","342","[4] Ertrag","[4] ERTRAG","[49] Interne Verrechnungen","","4","4","49","","208.40"
"592","Schwanden b.B.","2009","[6] VERKEHR","[62] Gemeindestrassen","[620] Gemeindestrassennetz","6","62","620","[4] Ertrag","[4] ERTRAG","[49] Interne Verrechnungen","","4","4","49","","59600.00"
"592","Schwanden b.B.","2009","[7] UMWELT UND RAUMORDNUNG","[71] Abwasserentsorgung","[710] Abwasserentsorgung","7","71","710","[4] Ertrag","[4] ERTRAG","[49] Interne Verrechnungen","","4","4","49","","8519.70"
"592","Schwanden b.B.","2009","[7] UMWELT UND RAUMORDNUNG","[72] Abfallentsorgung","[720] Abfallentsorgung","7","72","720","[4] Ertrag","[4] ERTRAG","[49] Interne Verrechnungen","","4","4","49","","27.75"
"592","Schwanden b.B.","2009","[9] FINANZEN UND STEUERN","[99] Nicht aufgeteilte Posten","[990] Abschreibungen","9","99","990","[4] Ertrag","[4] ERTRAG","[49] Interne Verrechnungen","","4","4","49","","1544.10"
"592","Schwanden b.B.","2009","[1] OEFFENTLICHE SICHERHEIT","[10] Rechtsaufsicht","[100] Mass und Gewicht","1","10","100","[5] Ausgaben","[5] Ausgaben","[50] Sachgüter","","5","5","50","","18000.00"
"592","Schwanden b.B.","2009","[2] BILDUNG","[21] Volksschule","[217] Schulliegenschaften (Ki.garten sofern nicht zuteilbar, Prim + Sek 1)","2","21","217","[5] Ausgaben","[5] Ausgaben","[50] Sachgüter","","5","5","50","","63356.45"
"592","Schwanden b.B.","2009","[9] FINANZEN UND STEUERN","[94] Vermögens- und Schuldenverwaltung","[942] Liegenschaften des Finanzvermögens","9","94","942","[5] Ausgaben","[5] Ausgaben","[50] Sachgüter","","5","5","50","","20627.40"
"592","Schwanden b.B.","2009","[7] UMWELT UND RAUMORDNUNG","[75] Gewässerverbauungen","[750] Gewässerverbauungen","7","75","750","[5] Ausgaben","[5] Ausgaben","[57] Durchlaufende Beiträge","","5","5","57","","98736.60"
"592","Schwanden b.B.","2009","[7] UMWELT UND RAUMORDNUNG","[79] Raumordnung","[790] Raumplanung","7","79","790","[5] Ausgaben","[5] Ausgaben","[57] Durchlaufende Beiträge","","5","5","57","","180002.15"
"592","Schwanden b.B.","2009","[9] FINANZEN UND STEUERN","[99] Nicht aufgeteilte Posten","[999] Abschluss","9","99","999","[5] Ausgaben","[5] Ausgaben","[59] Passivierungen","","5","5","59","","295483.75"
"592","Schwanden b.B.","2009","[7] UMWELT UND RAUMORDNUNG","[71] Abwasserentsorgung","[710] Abwasserentsorgung","7","71","710","[6] Einnahmen","[6] Einnahmen","[61] Nutzungsabgaben und Vorteilsentgelte","","6","6","61","","6984.00"
"592","Schwanden b.B.","2009","[3] KULTUR UND FREIZEIT","[34] Sport","[340] Sport","3","34","340","[6] Einnahmen","[6] Einnahmen","[62] Rückzahlung von Darlehen und Beteiligungen","","6","6","62","","2500.00"
"592","Schwanden b.B.","2009","[9] FINANZEN UND STEUERN","[94] Vermögens- und Schuldenverwaltung","[942] Liegenschaften des Finanzvermögens","9","94","942","[6] Einnahmen","[6] Einnahmen","[69] Aktivierungen","","6","6","69","","20627.40"
"592","Schwanden b.B.","2010","","","","","","","[1] Aktiven","[10] Finanzvermögen","[101] Guthaben","","1","10","101","","661860.15"
"592","Schwanden b.B.","2010","","","","","","","[1] Aktiven","[10] Finanzvermögen","[103] Transitorische Aktiven","","1","10","103","","60927.10"
"592","Schwanden b.B.","2010","","","","","","","[1] Aktiven","[11] Verwaltungsvermögen","[116] Investitionsbeiträge","","1","11","116","","25483.60"
"592","Schwanden b.B.","2010","","","","","","","[2] Passiven","[20] Fremdkapital","[204] Rückstellungen","","2","20","204","","104126.60"
"592","Schwanden b.B.","2010","","","","","","","[2] Passiven","[22] Spezialfinanzierungen","[228] Verpflichtungen für Spezialfinanzierungen","","2","22","228","","3194718.41"
"592","Schwanden b.B.","2010","[0] ALLGEMEINE VERWALTUNG","[01] Legislative und Exekutive","[011] Legislative","0","1","11","[3] Aufwand","[3] AUFWAND","[30] Personalaufwand","","3","3","30","","6858.00"
"592","Schwanden b.B.","2010","[0] ALLGEMEINE VERWALTUNG","[01] Legislative und Exekutive","[012] Exekutive","0","1","12","[3] Aufwand","[3] AUFWAND","[30] Personalaufwand","","3","3","30","","27285.20"
"592","Schwanden b.B.","2010","[1] OEFFENTLICHE SICHERHEIT","[10] Rechtsaufsicht","[101] Uebrige Rechtspflege","1","10","101","[3] Aufwand","[3] AUFWAND","[30] Personalaufwand","","3","3","30","","68.25"
"592","Schwanden b.B.","2010","[7] UMWELT UND RAUMORDNUNG","[70] Wasserversorgung","[700] Wasserversorgung","7","70","700","[3] Aufwand","[3] AUFWAND","[30] Personalaufwand","","3","3","30","","1938.65"
"592","Schwanden b.B.","2010","[9] FINANZEN UND STEUERN","[94] Vermögens- und Schuldenverwaltung","[944] Burgergut","9","94","944","[3] Aufwand","[3] AUFWAND","[30] Personalaufwand","","3","3","30","","394.25"
"592","Schwanden b.B.","2010","[0] ALLGEMEINE VERWALTUNG","[01] Legislative und Exekutive","[011] Legislative","0","1","11","[3] Aufwand","[3] AUFWAND","[31] Sachaufwand","","3","3","31","","2190.80"
"592","Schwanden b.B.","2010","[0] ALLGEMEINE VERWALTUNG","[02] Allgemeine Verwaltung","[029] Allgemeine Verwaltung","0","2","29","[3] Aufwand","[3] AUFWAND","[31] Sachaufwand","","3","3","31","","33150.23"
"592","Schwanden b.B.","2010","[0] ALLGEMEINE VERWALTUNG","[09] Nicht aufteilbare Aufgaben","[090] Verwaltungsliegenschaften","0","9","90","[3] Aufwand","[3] AUFWAND","[31] Sachaufwand","","3","3","31","","18288.75"
"592","Schwanden b.B.","2010","[1] OEFFENTLICHE SICHERHEIT","[10] Rechtsaufsicht","[100] Mass und Gewicht","1","10","100","[3] Aufwand","[3] AUFWAND","[31] Sachaufwand","","3","3","31","","23568.50"
"592","Schwanden b.B.","2010","[1] OEFFENTLICHE SICHERHEIT","[10] Rechtsaufsicht","[101] Uebrige Rechtspflege","1","10","101","[3] Aufwand","[3] AUFWAND","[31] Sachaufwand","","3","3","31","","7220.25"
"592","Schwanden b.B.","2010","[1] OEFFENTLICHE SICHERHEIT","[14] Wehrdienste","[140] Wehrdienste","1","14","140","[3] Aufwand","[3] AUFWAND","[31] Sachaufwand","","3","3","31","","314.15"
"592","Schwanden b.B.","2010","[2] BILDUNG","[21] Volksschule","[217] Schulliegenschaften (Ki.garten sofern nicht zuteilbar, Prim + Sek 1)","2","21","217","[3] Aufwand","[3] AUFWAND","[31] Sachaufwand","","3","3","31","","45036.80"
"592","Schwanden b.B.","2010","[3] KULTUR UND FREIZEIT","[34] Sport","[341] ...","3","34","341","[3] Aufwand","[3] AUFWAND","[31] Sachaufwand","","3","3","31","","3743.55"
"592","Schwanden b.B.","2010","[3] KULTUR UND FREIZEIT","[34] Sport","[342] ...","3","34","342","[3] Aufwand","[3] AUFWAND","[31] Sachaufwand","","3","3","31","","4648.15"
"592","Schwanden b.B.","2010","[4] GESUNDHEIT","[46] Schulgesundheitsdienst","[461] Schulzahnärztliche Pflege","4","46","461","[3] Aufwand","[3] AUFWAND","[31] Sachaufwand","","3","3","31","","753.10"
"592","Schwanden b.B.","2010","[6] VERKEHR","[62] Gemeindestrassen","[620] Gemeindestrassennetz","6","62","620","[3] Aufwand","[3] AUFWAND","[31] Sachaufwand","","3","3","31","","48833.90"
"592","Schwanden b.B.","2010","[7] UMWELT UND RAUMORDNUNG","[71] Abwasserentsorgung","[710] Abwasserentsorgung","7","71","710","[3] Aufwand","[3] AUFWAND","[31] Sachaufwand","","3","3","31","","15080.80"
"592","Schwanden b.B.","2010","[7] UMWELT UND RAUMORDNUNG","[72] Abfallentsorgung","[720] Abfallentsorgung","7","72","720","[3] Aufwand","[3] AUFWAND","[31] Sachaufwand","","3","3","31","","37275.50"
"592","Schwanden b.B.","2010","[8] VOLKSWIRTSCHAFT","[81] Forstwirtschaft","[810] Forstverwaltung","8","81","810","[3] Aufwand","[3] AUFWAND","[31] Sachaufwand","","3","3","31","","209.15"
"592","Schwanden b.B.","2010","[8] VOLKSWIRTSCHAFT","[81] Forstwirtschaft","[812] Holzernte","8","81","812","[3] Aufwand","[3] AUFWAND","[32] Passivzinsen","","3","3","32","","41.15"
"592","Schwanden b.B.","2010","[7] UMWELT UND RAUMORDNUNG","[70] Wasserversorgung","[700] Wasserversorgung","7","70","700","[3] Aufwand","[3] AUFWAND","[33] Abschreibungen","","3","3","33","","740.50"
"592","Schwanden b.B.","2010","[7] UMWELT UND RAUMORDNUNG","[71] Abwasserentsorgung","[710] Abwasserentsorgung","7","71","710","[3] Aufwand","[3] AUFWAND","[33] Abschreibungen","","3","3","33","","46596.05"
"592","Schwanden b.B.","2010","[2] BILDUNG","[20] Kindergarten","[200] Kindergarten","2","20","200","[3] Aufwand","[3] AUFWAND","[35] Entschädigungen an Gemeinwesen","","3","3","35","","26435.05"
"592","Schwanden b.B.","2010","[2] BILDUNG","[21] Volksschule","[219] Nicht Aufteilbares, Volksschule, Tagesschule","2","21","219","[3] Aufwand","[3] AUFWAND","[35] Entschädigungen an Gemeinwesen","","3","3","35","","268651.80"
"592","Schwanden b.B.","2010","[4] GESUNDHEIT","[47] Lebensmittelkontrolle","[470] Lebensmittelkontrolle","4","47","470","[3] Aufwand","[3] AUFWAND","[35] Entschädigungen an Gemeinwesen","","3","3","35","","85.55"
"592","Schwanden b.B.","2010","[5] SOZIALE WOHLFAHRT","[58] Sozialhilfe","[587] Lastenausgleich","5","58","587","[3] Aufwand","[3] AUFWAND","[35] Entschädigungen an Gemeinwesen","","3","3","35","","251049.60"
"592","Schwanden b.B.","2010","[5] SOZIALE WOHLFAHRT","[58] Sozialhilfe","[589] Sozialbehörden, Sekretariat","5","58","589","[3] Aufwand","[3] AUFWAND","[35] Entschädigungen an Gemeinwesen","","3","3","35","","9528.70"
"592","Schwanden b.B.","2010","[8] VOLKSWIRTSCHAFT","[81] Forstwirtschaft","[812] Holzernte","8","81","812","[3] Aufwand","[3] AUFWAND","[35] Entschädigungen an Gemeinwesen","","3","3","35","","4371.00"
"592","Schwanden b.B.","2010","[9] FINANZEN UND STEUERN","[94] Vermögens- und Schuldenverwaltung","[944] Burgergut","9","94","944","[3] Aufwand","[3] AUFWAND","[35] Entschädigungen an Gemeinwesen","","3","3","35","","16000.00"
"592","Schwanden b.B.","2010","[0] ALLGEMEINE VERWALTUNG","[02] Allgemeine Verwaltung","[029] Allgemeine Verwaltung","0","2","29","[3] Aufwand","[3] AUFWAND","[36] Eigene Beiträge","","3","3","36","","1696.00"
"592","Schwanden b.B.","2010","[1] OEFFENTLICHE SICHERHEIT","[10] Rechtsaufsicht","[101] Uebrige Rechtspflege","1","10","101","[3] Aufwand","[3] AUFWAND","[36] Eigene Beiträge","","3","3","36","","482.75"
"592","Schwanden b.B.","2010","[2] BILDUNG","[29] Uebriges Bildungswesen","[292] Erwachsenenbildung","2","29","292","[3] Aufwand","[3] AUFWAND","[36] Eigene Beiträge","","3","3","36","","1866.60"
"592","Schwanden b.B.","2010","[3] KULTUR UND FREIZEIT","[35] Uebrige Freizeitgestaltung","[350] Uebrige Freizeitgestaltung","3","35","350","[3] Aufwand","[3] AUFWAND","[36] Eigene Beiträge","","3","3","36","","400.00"
"592","Schwanden b.B.","2010","[4] GESUNDHEIT","[44] Ambulante Krankenpflege","[440] Spitex/Krankenpflege","4","44","440","[3] Aufwand","[3] AUFWAND","[36] Eigene Beiträge","","3","3","36","","150.00"
"592","Schwanden b.B.","2010","[4] GESUNDHEIT","[45] Krankheitsbekämpfung","[450] Krankheitsbekämpfung","4","45","450","[3] Aufwand","[3] AUFWAND","[36] Eigene Beiträge","","3","3","36","","610.00"
"592","Schwanden b.B.","2010","[5] SOZIALE WOHLFAHRT","[53] Sonstige Sozialversicherungen","[530] Ergänzungsleistungen der AHV, IV","5","53","530","[3] Aufwand","[3] AUFWAND","[36] Eigene Beiträge","","3","3","36","","125011.00"
"592","Schwanden b.B.","2010","[5] SOZIALE WOHLFAHRT","[54] Jugendschutz","[540] Jugendschutz","5","54","540","[3] Aufwand","[3] AUFWAND","[36] Eigene Beiträge","","3","3","36","","100.00"
"592","Schwanden b.B.","2010","[5] SOZIALE WOHLFAHRT","[54] Jugendschutz","[541] Kinderheime und -krippen, Waisenhäuser","5","54","541","[3] Aufwand","[3] AUFWAND","[36] Eigene Beiträge","","3","3","36","","100.00"
"592","Schwanden b.B.","2010","[6] VERKEHR","[62] Gemeindestrassen","[620] Gemeindestrassennetz","6","62","620","[3] Aufwand","[3] AUFWAND","[36] Eigene Beiträge","","3","3","36","","12776.25"
"592","Schwanden b.B.","2010","[7] UMWELT UND RAUMORDNUNG","[70] Wasserversorgung","[700] Wasserversorgung","7","70","700","[3] Aufwand","[3] AUFWAND","[36] Eigene Beiträge","","3","3","36","","6890.50"
"592","Schwanden b.B.","2010","[7] UMWELT UND RAUMORDNUNG","[71] Abwasserentsorgung","[710] Abwasserentsorgung","7","71","710","[3] Aufwand","[3] AUFWAND","[36] Eigene Beiträge","","3","3","36","","53303.10"
"592","Schwanden b.B.","2010","[7] UMWELT UND RAUMORDNUNG","[79] Raumordnung","[790] Raumplanung","7","79","790","[3] Aufwand","[3] AUFWAND","[36] Eigene Beiträge","","3","3","36","","4201.80"
"592","Schwanden b.B.","2010","[8] VOLKSWIRTSCHAFT","[80] Landwirtschaft","[800] Landwirtschaft","8","80","800","[3] Aufwand","[3] AUFWAND","[36] Eigene Beiträge","","3","3","36","","50.00"
"592","Schwanden b.B.","2010","[1] OEFFENTLICHE SICHERHEIT","[14] Wehrdienste","[140] Wehrdienste","1","14","140","[3] Aufwand","[3] AUFWAND","[37] Durchlaufende Beiträge","","3","3","37","","35029.95"
"592","Schwanden b.B.","2010","[1] OEFFENTLICHE SICHERHEIT","[16] Zivile Landesverteidigung","[160] Zivilschutz","1","16","160","[3] Aufwand","[3] AUFWAND","[38] Einlagen in Spezialfinanzierungen","","3","3","38","","2650.00"
"592","Schwanden b.B.","2010","[7] UMWELT UND RAUMORDNUNG","[70] Wasserversorgung","[700] Wasserversorgung","7","70","700","[3] Aufwand","[3] AUFWAND","[38] Einlagen in Spezialfinanzierungen","","3","3","38","","94595.00"
"592","Schwanden b.B.","2010","[9] FINANZEN UND STEUERN","[94] Vermögens- und Schuldenverwaltung","[944] Burgergut","9","94","944","[3] Aufwand","[3] AUFWAND","[38] Einlagen in Spezialfinanzierungen","","3","3","38","","10722.85"
"592","Schwanden b.B.","2010","[0] ALLGEMEINE VERWALTUNG","[09] Nicht aufteilbare Aufgaben","[090] Verwaltungsliegenschaften","0","9","90","[3] Aufwand","[3] AUFWAND","[39] Interne Verrechnungen","","3","3","39","","6100.00"
"592","Schwanden b.B.","2010","[2] BILDUNG","[21] Volksschule","[217] Schulliegenschaften (Ki.garten sofern nicht zuteilbar, Prim + Sek 1)","2","21","217","[3] Aufwand","[3] AUFWAND","[39] Interne Verrechnungen","","3","3","39","","22500.00"
"592","Schwanden b.B.","2010","[3] KULTUR UND FREIZEIT","[34] Sport","[341] ...","3","34","341","[3] Aufwand","[3] AUFWAND","[39] Interne Verrechnungen","","3","3","39","","3000.00"
"592","Schwanden b.B.","2010","[3] KULTUR UND FREIZEIT","[34] Sport","[342] ...","3","34","342","[3] Aufwand","[3] AUFWAND","[39] Interne Verrechnungen","","3","3","39","","2700.00"
"592","Schwanden b.B.","2010","[5] SOZIALE WOHLFAHRT","[50] Altersversicherung","[500] AHV-Zweigstelle","5","50","500","[3] Aufwand","[3] AUFWAND","[39] Interne Verrechnungen","","3","3","39","","500.00"
"592","Schwanden b.B.","2010","[7] UMWELT UND RAUMORDNUNG","[71] Abwasserentsorgung","[710] Abwasserentsorgung","7","71","710","[3] Aufwand","[3] AUFWAND","[39] Interne Verrechnungen","","3","3","39","","6800.00"
"592","Schwanden b.B.","2010","[7] UMWELT UND RAUMORDNUNG","[72] Abfallentsorgung","[720] Abfallentsorgung","7","72","720","[3] Aufwand","[3] AUFWAND","[39] Interne Verrechnungen","","3","3","39","","20319.15"
"592","Schwanden b.B.","2010","[9] FINANZEN UND STEUERN","[94] Vermögens- und Schuldenverwaltung","[940] Zinsen","9","94","940","[3] Aufwand","[3] AUFWAND","[39] Interne Verrechnungen","","3","3","39","","34413.95"
"592","Schwanden b.B.","2010","[3] KULTUR UND FREIZEIT","[34] Sport","[341] ...","3","34","341","[4] Ertrag","[4] ERTRAG","[40] Steuern","","4","4","40","","5002.80"
"592","Schwanden b.B.","2010","[9] FINANZEN UND STEUERN","[90] Steuern","[900] Obligatorische periodische Steuern","9","90","900","[4] Ertrag","[4] ERTRAG","[40] Steuern","","4","4","40","","972593.65"
"592","Schwanden b.B.","2010","[9] FINANZEN UND STEUERN","[90] Steuern","[903] Steuerabschreibungen","9","90","903","[4] Ertrag","[4] ERTRAG","[40] Steuern","","4","4","40","","1096.45"
"592","Schwanden b.B.","2010","[7] UMWELT UND RAUMORDNUNG","[70] Wasserversorgung","[700] Wasserversorgung","7","70","700","[4] Ertrag","[4] ERTRAG","[42] Vermögenserträge","","4","4","42","","532.20"
"592","Schwanden b.B.","2010","[9] FINANZEN UND STEUERN","[94] Vermögens- und Schuldenverwaltung","[940] Zinsen","9","94","940","[4] Ertrag","[4] ERTRAG","[42] Vermögenserträge","","4","4","42","","30594.45"
"592","Schwanden b.B.","2010","[0] ALLGEMEINE VERWALTUNG","[01] Legislative und Exekutive","[012] Exekutive","0","1","12","[4] Ertrag","[4] ERTRAG","[43] Entgelte","","4","4","43","","210.00"
"592","Schwanden b.B.","2010","[0] ALLGEMEINE VERWALTUNG","[02] Allgemeine Verwaltung","[029] Allgemeine Verwaltung","0","2","29","[4] Ertrag","[4] ERTRAG","[43] Entgelte","","4","4","43","","16170.36"
"592","Schwanden b.B.","2010","[1] OEFFENTLICHE SICHERHEIT","[10] Rechtsaufsicht","[100] Mass und Gewicht","1","10","100","[4] Ertrag","[4] ERTRAG","[43] Entgelte","","4","4","43","","621.30"
"592","Schwanden b.B.","2010","[1] OEFFENTLICHE SICHERHEIT","[14] Wehrdienste","[140] Wehrdienste","1","14","140","[4] Ertrag","[4] ERTRAG","[43] Entgelte","","4","4","43","","866.50"
"592","Schwanden b.B.","2010","[2] BILDUNG","[21] Volksschule","[214] Musikschulen","2","21","214","[4] Ertrag","[4] ERTRAG","[43] Entgelte","","4","4","43","","2033.40"
"592","Schwanden b.B.","2010","[2] BILDUNG","[21] Volksschule","[217] Schulliegenschaften (Ki.garten sofern nicht zuteilbar, Prim + Sek 1)","2","21","217","[4] Ertrag","[4] ERTRAG","[43] Entgelte","","4","4","43","","9714.00"
"592","Schwanden b.B.","2010","[2] BILDUNG","[21] Volksschule","[219] Nicht Aufteilbares, Volksschule, Tagesschule","2","21","219","[4] Ertrag","[4] ERTRAG","[43] Entgelte","","4","4","43","","17944.35"
"592","Schwanden b.B.","2010","[3] KULTUR UND FREIZEIT","[30] Kulturförderung","[309] Uebrige Kulturförderung","3","30","309","[4] Ertrag","[4] ERTRAG","[43] Entgelte","","4","4","43","","11340.20"
"592","Schwanden b.B.","2010","[3] KULTUR UND FREIZEIT","[34] Sport","[341] ...","3","34","341","[4] Ertrag","[4] ERTRAG","[43] Entgelte","","4","4","43","","700.00"
"592","Schwanden b.B.","2010","[5] SOZIALE WOHLFAHRT","[57] Altersheime","[571] ...","5","57","571","[4] Ertrag","[4] ERTRAG","[43] Entgelte","","4","4","43","","4879.30"
"592","Schwanden b.B.","2010","[7] UMWELT UND RAUMORDNUNG","[72] Abfallentsorgung","[720] Abfallentsorgung","7","72","720","[4] Ertrag","[4] ERTRAG","[43] Entgelte","","4","4","43","","62947.30"
"592","Schwanden b.B.","2010","[8] VOLKSWIRTSCHAFT","[81] Forstwirtschaft","[812] Holzernte","8","81","812","[4] Ertrag","[4] ERTRAG","[43] Entgelte","","4","4","43","","14667.50"
"592","Schwanden b.B.","2010","[8] VOLKSWIRTSCHAFT","[86] Energie","[860] Elektrizität","8","86","860","[4] Ertrag","[4] ERTRAG","[43] Entgelte","","4","4","43","","9749.20"
"592","Schwanden b.B.","2010","[9] FINANZEN UND STEUERN","[94] Vermögens- und Schuldenverwaltung","[942] Liegenschaften des Finanzvermögens","9","94","942","[4] Ertrag","[4] ERTRAG","[43] Entgelte","","4","4","43","","1284.95"
"592","Schwanden b.B.","2010","[9] FINANZEN UND STEUERN","[92] Finanzausgleich","[920] Finanzausgleich","9","92","920","[4] Ertrag","[4] ERTRAG","[44] Anteile und Beiträge ohne Zweckbindungen","","4","4","44","","219217.00"
"592","Schwanden b.B.","2010","[9] FINANZEN UND STEUERN","[93] Anteile an kantonalen Steuern und Abgaben","[930] Anteile an kantonalen Steuern und Abgaben","9","93","930","[4] Ertrag","[4] ERTRAG","[44] Anteile und Beiträge ohne Zweckbindungen","","4","4","44","","30238.50"
"592","Schwanden b.B.","2010","[0] ALLGEMEINE VERWALTUNG","[02] Allgemeine Verwaltung","[029] Allgemeine Verwaltung","0","2","29","[4] Ertrag","[4] ERTRAG","[45] Rückerstattungen von Gemeinwesen","","4","4","45","","1675.35"
"592","Schwanden b.B.","2010","[1] OEFFENTLICHE SICHERHEIT","[10] Rechtsaufsicht","[101] Uebrige Rechtspflege","1","10","101","[4] Ertrag","[4] ERTRAG","[45] Rückerstattungen von Gemeinwesen","","4","4","45","","359.90"
"592","Schwanden b.B.","2010","[5] SOZIALE WOHLFAHRT","[58] Sozialhilfe","[583] Asylwesen","5","58","583","[4] Ertrag","[4] ERTRAG","[45] Rückerstattungen von Gemeinwesen","","4","4","45","","1046.60"
"592","Schwanden b.B.","2010","[1] OEFFENTLICHE SICHERHEIT","[16] Zivile Landesverteidigung","[160] Zivilschutz","1","16","160","[4] Ertrag","[4] ERTRAG","[46] Beiträge","","4","4","46","","700.00"
"592","Schwanden b.B.","2010","[3] KULTUR UND FREIZEIT","[34] Sport","[341] ...","3","34","341","[4] Ertrag","[4] ERTRAG","[46] Beiträge","","4","4","46","","750.00"
"592","Schwanden b.B.","2010","[8] VOLKSWIRTSCHAFT","[81] Forstwirtschaft","[812] Holzernte","8","81","812","[4] Ertrag","[4] ERTRAG","[46] Beiträge","","4","4","46","","7200.00"
"592","Schwanden b.B.","2010","[7] UMWELT UND RAUMORDNUNG","[75] Gewässerverbauungen","[750] Gewässerverbauungen","7","75","750","[4] Ertrag","[4] ERTRAG","[47] Durchlaufende Beiträge","","4","4","47","","60520.70"
"592","Schwanden b.B.","2010","[1] OEFFENTLICHE SICHERHEIT","[14] Wehrdienste","[140] Wehrdienste","1","14","140","[4] Ertrag","[4] ERTRAG","[48] Entnahmen aus Spezialfinanzierungen","","4","4","48","","138.45"
"592","Schwanden b.B.","2010","[0] ALLGEMEINE VERWALTUNG","[01] Legislative und Exekutive","[012] Exekutive","0","1","12","[4] Ertrag","[4] ERTRAG","[49] Interne Verrechnungen","","4","4","49","","900.00"
"592","Schwanden b.B.","2010","[7] UMWELT UND RAUMORDNUNG","[70] Wasserversorgung","[700] Wasserversorgung","7","70","700","[4] Ertrag","[4] ERTRAG","[49] Interne Verrechnungen","","4","4","49","","9001.10"
"592","Schwanden b.B.","2010","[9] FINANZEN UND STEUERN","[94] Vermögens- und Schuldenverwaltung","[944] Burgergut","9","94","944","[4] Ertrag","[4] ERTRAG","[49] Interne Verrechnungen","","4","4","49","","15686.80"
"592","Schwanden b.B.","2010","[6] VERKEHR","[62] Gemeindestrassen","[620] Gemeindestrassennetz","6","62","620","[5] Ausgaben","[5] Ausgaben","[50] Sachgüter","","5","5","50","","221355.65"
"592","Schwanden b.B.","2010","[7] UMWELT UND RAUMORDNUNG","[70] Wasserversorgung","[700] Wasserversorgung","7","70","700","[5] Ausgaben","[5] Ausgaben","[50] Sachgüter","","5","5","50","","1167.80"
"592","Schwanden b.B.","2010","[7] UMWELT UND RAUMORDNUNG","[71] Abwasserentsorgung","[710] Abwasserentsorgung","7","71","710","[5] Ausgaben","[5] Ausgaben","[50] Sachgüter","","5","5","50","","47831.30"
"592","Schwanden b.B.","2010","[9] FINANZEN UND STEUERN","[94] Vermögens- und Schuldenverwaltung","[944] Burgergut","9","94","944","[5] Ausgaben","[5] Ausgaben","[52] Darlehen und Beteiligungen","","5","5","52","","20000.00"
"592","Schwanden b.B.","2010","[7] UMWELT UND RAUMORDNUNG","[75] Gewässerverbauungen","[750] Gewässerverbauungen","7","75","750","[5] Ausgaben","[5] Ausgaben","[56] Eigene Beiträge","","5","5","56","","131224.45"
"592","Schwanden b.B.","2010","[7] UMWELT UND RAUMORDNUNG","[79] Raumordnung","[790] Raumplanung","7","79","790","[5] Ausgaben","[5] Ausgaben","[56] Eigene Beiträge","","5","5","56","","13257.65"
"592","Schwanden b.B.","2010","[1] OEFFENTLICHE SICHERHEIT","[10] Rechtsaufsicht","[100] Mass und Gewicht","1","10","100","[6] Einnahmen","[6] Einnahmen","[60] Abgang von Sachgütern","","6","6","60","","9448.65"
"592","Schwanden b.B.","2010","[7] UMWELT UND RAUMORDNUNG","[70] Wasserversorgung","[700] Wasserversorgung","7","70","700","[6] Einnahmen","[6] Einnahmen","[61] Nutzungsabgaben und Vorteilsentgelte","","6","6","61","","1700.00"
"592","Schwanden b.B.","2010","[3] KULTUR UND FREIZEIT","[30] Kulturförderung","[309] Uebrige Kulturförderung","3","30","309","[6] Einnahmen","[6] Einnahmen","[66] Beiträge für eigene Rechnung","","6","6","66","","470.00"
"592","Schwanden b.B.","2010","[7] UMWELT UND RAUMORDNUNG","[75] Gewässerverbauungen","[750] Gewässerverbauungen","7","75","750","[6] Einnahmen","[6] Einnahmen","[67] Durchlaufende Beiträge","","6","6","67","","56122.25"
"592","Schwanden b.B.","2010","[7] UMWELT UND RAUMORDNUNG","[79] Raumordnung","[790] Raumplanung","7","79","790","[6] Einnahmen","[6] Einnahmen","[67] Durchlaufende Beiträge","","6","6","67","","41220.95"
"592","Schwanden b.B.","2010","[9] FINANZEN UND STEUERN","[99] Nicht aufgeteilte Posten","[999] Abschluss","9","99","999","[6] Einnahmen","[6] Einnahmen","[69] Aktivierungen","","6","6","69","","589575.65"
