"BFS-Nr","Gemeinde","Jahr","Aufgabenbereich Name","Aufgabe Name","Aufgabenstelle Name","Aufgabenbereich Nummer","Aufgabe Nummer","Aufgabenstelle Nummer","Kontenbereich Name","Kontenklasse Name","Kontengruppe Name","Konto Name","Kontenbereich Nummer","Kontenklasse Nummer","Kontengruppe Nummer","Konto Nummer","Saldo"
"494","Gals","2006","[0] ALLGEMEINE VERWALTUNG","","","0","","","[3] Aufwand","[3] AUFWAND","[30] Personalaufwand","[300] Personalaufwand der Behörden und Kommissionen","3","3","30","300","25538.60"
"494","Gals","2006","[3] KULTUR UND FREIZEIT","","","3","","","[3] Aufwand","[3] AUFWAND","[30] Personalaufwand","[300] Personalaufwand der Behörden und Kommissionen","3","3","30","300","1833.30"
"494","Gals","2006","[2] BILDUNG","","","2","","","[3] Aufwand","[3] AUFWAND","[30] Personalaufwand","[301] Löhne des Verwaltungs- + Betriebspersonals","3","3","30","301","34187.15"
"494","Gals","2006","[4] GESUNDHEIT","","","4","","","[3] Aufwand","[3] AUFWAND","[30] Personalaufwand","[301] Löhne des Verwaltungs- + Betriebspersonals","3","3","30","301","1010.00"
"494","Gals","2006","[7] UMWELT UND RAUMORDNUNG","","","7","","","[3] Aufwand","[3] AUFWAND","[30] Personalaufwand","[301] Löhne des Verwaltungs- + Betriebspersonals","3","3","30","301","33377.05"
"494","Gals","2006","[0] ALLGEMEINE VERWALTUNG","","","0","","","[3] Aufwand","[3] AUFWAND","[30] Personalaufwand","[303] Sozialversicherungsbeiträge","3","3","30","303","12019.70"
"494","Gals","2006","[2] BILDUNG","","","2","","","[3] Aufwand","[3] AUFWAND","[30] Personalaufwand","[303] Sozialversicherungsbeiträge","3","3","30","303","1939.30"
"494","Gals","2006","[3] KULTUR UND FREIZEIT","","","3","","","[3] Aufwand","[3] AUFWAND","[30] Personalaufwand","[303] Sozialversicherungsbeiträge","3","3","30","303","254.70"
"494","Gals","2006","[8] VOLKSWIRTSCHAFT","","","8","","","[3] Aufwand","[3] AUFWAND","[30] Personalaufwand","[303] Sozialversicherungsbeiträge","3","3","30","303","85.25"
"494","Gals","2006","[0] ALLGEMEINE VERWALTUNG","","","0","","","[3] Aufwand","[3] AUFWAND","[30] Personalaufwand","[305] Unfall- und Krankenversicherungsbeiträge","3","3","30","305","3648.25"
"494","Gals","2006","[6] VERKEHR","","","6","","","[3] Aufwand","[3] AUFWAND","[30] Personalaufwand","[305] Unfall- und Krankenversicherungsbeiträge","3","3","30","305","1388.45"
"494","Gals","2006","[2] BILDUNG","","","2","","","[3] Aufwand","[3] AUFWAND","[30] Personalaufwand","[309] Uebriger Personalaufwand","3","3","30","309","852.40"
"494","Gals","2006","[4] GESUNDHEIT","","","4","","","[3] Aufwand","[3] AUFWAND","[31] Sachaufwand","[310] Büro- und Schulmaterialien, Drucksachen","3","3","31","310","162.85"
"494","Gals","2006","[0] ALLGEMEINE VERWALTUNG","","","0","","","[3] Aufwand","[3] AUFWAND","[31] Sachaufwand","[311] Anschaffung Mobilien, Maschinen, Fahrzeuge","3","3","31","311","7128.15"
"494","Gals","2006","[2] BILDUNG","","","2","","","[3] Aufwand","[3] AUFWAND","[31] Sachaufwand","[311] Anschaffung Mobilien, Maschinen, Fahrzeuge","3","3","31","311","249.80"
"494","Gals","2006","[1] OEFFENTLICHE SICHERHEIT","","","1","","","[3] Aufwand","[3] AUFWAND","[31] Sachaufwand","[312] Wasser, Energie, Heizmaterialien","3","3","31","312","2482.20"
"494","Gals","2006","[2] BILDUNG","","","2","","","[3] Aufwand","[3] AUFWAND","[31] Sachaufwand","[312] Wasser, Energie, Heizmaterialien","3","3","31","312","13914.85"
"494","Gals","2006","[0] ALLGEMEINE VERWALTUNG","","","0","","","[3] Aufwand","[3] AUFWAND","[31] Sachaufwand","[313] Verbrauchsmaterialien","3","3","31","313","3502.05"
"494","Gals","2006","[6] VERKEHR","","","6","","","[3] Aufwand","[3] AUFWAND","[31] Sachaufwand","[313] Verbrauchsmaterialien","3","3","31","313","14388.35"
"494","Gals","2006","[8] VOLKSWIRTSCHAFT","","","8","","","[3] Aufwand","[3] AUFWAND","[31] Sachaufwand","[313] Verbrauchsmaterialien","3","3","31","313","849.30"
"494","Gals","2006","[9] FINANZEN UND STEUERN","","","9","","","[3] Aufwand","[3] AUFWAND","[31] Sachaufwand","[313] Verbrauchsmaterialien","3","3","31","313","112.50"
"494","Gals","2006","[0] ALLGEMEINE VERWALTUNG","","","0","","","[3] Aufwand","[3] AUFWAND","[31] Sachaufwand","[314] Dienstleistungen Dritter für den baulichen Unterhalt","3","3","31","314","33607.05"
"494","Gals","2006","[2] BILDUNG","","","2","","","[3] Aufwand","[3] AUFWAND","[31] Sachaufwand","[314] Dienstleistungen Dritter für den baulichen Unterhalt","3","3","31","314","2066.00"
"494","Gals","2006","[7] UMWELT UND RAUMORDNUNG","","","7","","","[3] Aufwand","[3] AUFWAND","[31] Sachaufwand","[314] Dienstleistungen Dritter für den baulichen Unterhalt","3","3","31","314","14528.65"
"494","Gals","2006","[8] VOLKSWIRTSCHAFT","","","8","","","[3] Aufwand","[3] AUFWAND","[31] Sachaufwand","[314] Dienstleistungen Dritter für den baulichen Unterhalt","3","3","31","314","12856.37"
"494","Gals","2006","[6] VERKEHR","","","6","","","[3] Aufwand","[3] AUFWAND","[31] Sachaufwand","[315] Dienstleistungen Dritter für den übrigen Unterhalt","3","3","31","315","478.95"
"494","Gals","2006","[5] SOZIALE WOHLFAHRT","","","5","","","[3] Aufwand","[3] AUFWAND","[31] Sachaufwand","[316] Mieten, Pachten, Benützungskosten","3","3","31","316","5650.00"
"494","Gals","2006","[6] VERKEHR","","","6","","","[3] Aufwand","[3] AUFWAND","[31] Sachaufwand","[316] Mieten, Pachten, Benützungskosten","3","3","31","316","1800.00"
"494","Gals","2006","[2] BILDUNG","","","2","","","[3] Aufwand","[3] AUFWAND","[31] Sachaufwand","[317] Spesenentschädigungen","3","3","31","317","5172.10"
"494","Gals","2006","[1] OEFFENTLICHE SICHERHEIT","","","1","","","[3] Aufwand","[3] AUFWAND","[31] Sachaufwand","[318] Dienstleistungen und Honorare, allg. Verwaltungsaufwand","3","3","31","318","32437.95"
"494","Gals","2006","[3] KULTUR UND FREIZEIT","","","3","","","[3] Aufwand","[3] AUFWAND","[31] Sachaufwand","[318] Dienstleistungen und Honorare, allg. Verwaltungsaufwand","3","3","31","318","4584.00"
"494","Gals","2006","[4] GESUNDHEIT","","","4","","","[3] Aufwand","[3] AUFWAND","[31] Sachaufwand","[318] Dienstleistungen und Honorare, allg. Verwaltungsaufwand","3","3","31","318","1619.00"
"494","Gals","2006","[6] VERKEHR","","","6","","","[3] Aufwand","[3] AUFWAND","[31] Sachaufwand","[318] Dienstleistungen und Honorare, allg. Verwaltungsaufwand","3","3","31","318","1213.90"
"494","Gals","2006","[9] FINANZEN UND STEUERN","","","9","","","[3] Aufwand","[3] AUFWAND","[31] Sachaufwand","[318] Dienstleistungen und Honorare, allg. Verwaltungsaufwand","3","3","31","318","3227.80"
"494","Gals","2006","[8] VOLKSWIRTSCHAFT","","","8","","","[3] Aufwand","[3] AUFWAND","[31] Sachaufwand","[319] Uebriger Sachaufwand","3","3","31","319","317.05"
"494","Gals","2006","[9] FINANZEN UND STEUERN","","","9","","","[3] Aufwand","[3] AUFWAND","[32] Passivzinsen","[321] Kurzfristige Schulden","3","3","32","321","4352.65"
"494","Gals","2006","[7] UMWELT UND RAUMORDNUNG","","","7","","","[3] Aufwand","[3] AUFWAND","[33] Abschreibungen","[331] Verwaltungsvermögen - harmonisierte Abschreibungen","3","3","33","331","42843.00"
"494","Gals","2006","[9] FINANZEN UND STEUERN","","","9","","","[3] Aufwand","[3] AUFWAND","[33] Abschreibungen","[331] Verwaltungsvermögen - harmonisierte Abschreibungen","3","3","33","331","67187.65"
"494","Gals","2006","[7] UMWELT UND RAUMORDNUNG","","","7","","","[3] Aufwand","[3] AUFWAND","[33] Abschreibungen","[336] ...","3","3","33","336","420.00"
"494","Gals","2006","[0] ALLGEMEINE VERWALTUNG","","","0","","","[3] Aufwand","[3] AUFWAND","[35] Entschädigungen an Gemeinwesen","[351] Kanton","3","3","35","351","13115.00"
"494","Gals","2006","[2] BILDUNG","","","2","","","[3] Aufwand","[3] AUFWAND","[35] Entschädigungen an Gemeinwesen","[351] Kanton","3","3","35","351","181970.25"
"494","Gals","2006","[5] SOZIALE WOHLFAHRT","","","5","","","[3] Aufwand","[3] AUFWAND","[35] Entschädigungen an Gemeinwesen","[351] Kanton","3","3","35","351","155934.05"
"494","Gals","2006","[7] UMWELT UND RAUMORDNUNG","","","7","","","[3] Aufwand","[3] AUFWAND","[35] Entschädigungen an Gemeinwesen","[352] Gemeinden","3","3","35","352","4451.15"
"494","Gals","2006","[5] SOZIALE WOHLFAHRT","","","5","","","[3] Aufwand","[3] AUFWAND","[36] Eigene Beiträge","[361] Kanton","3","3","36","361","181299.00"
"494","Gals","2006","[6] VERKEHR","","","6","","","[3] Aufwand","[3] AUFWAND","[36] Eigene Beiträge","[361] Kanton","3","3","36","361","31101.00"
"494","Gals","2006","[2] BILDUNG","","","2","","","[3] Aufwand","[3] AUFWAND","[36] Eigene Beiträge","[362] Gemeinden","3","3","36","362","117765.55"
"494","Gals","2006","[5] SOZIALE WOHLFAHRT","","","5","","","[3] Aufwand","[3] AUFWAND","[36] Eigene Beiträge","[362] Gemeinden","3","3","36","362","15205.10"
"494","Gals","2006","[7] UMWELT UND RAUMORDNUNG","","","7","","","[3] Aufwand","[3] AUFWAND","[36] Eigene Beiträge","[362] Gemeinden","3","3","36","362","232784.25"
"494","Gals","2006","[1] OEFFENTLICHE SICHERHEIT","","","1","","","[3] Aufwand","[3] AUFWAND","[36] Eigene Beiträge","[365] Private Institutionen","3","3","36","365","5456.80"
"494","Gals","2006","[7] UMWELT UND RAUMORDNUNG","","","7","","","[3] Aufwand","[3] AUFWAND","[36] Eigene Beiträge","[365] Private Institutionen","3","3","36","365","4338.60"
"494","Gals","2006","[3] KULTUR UND FREIZEIT","","","3","","","[3] Aufwand","[3] AUFWAND","[36] Eigene Beiträge","[366] Private Haushalte","3","3","36","366","8190.30"
"494","Gals","2006","[3] KULTUR UND FREIZEIT","","","3","","","[3] Aufwand","[3] AUFWAND","[38] Einlagen in Spezialfinanzierungen","[380] Einlagen in Spezialfinanzierungen","3","3","38","380","29948.10"
"494","Gals","2006","[0] ALLGEMEINE VERWALTUNG","","","0","","","[3] Aufwand","[3] AUFWAND","[39] Interne Verrechnungen","[390] Verrechneter Aufwand","3","3","39","390","3000.00"
"494","Gals","2006","[3] KULTUR UND FREIZEIT","","","3","","","[3] Aufwand","[3] AUFWAND","[39] Interne Verrechnungen","[390] Verrechneter Aufwand","3","3","39","390","3000.00"
"494","Gals","2006","[5] SOZIALE WOHLFAHRT","","","5","","","[3] Aufwand","[3] AUFWAND","[39] Interne Verrechnungen","[390] Verrechneter Aufwand","3","3","39","390","10000.00"
"494","Gals","2006","[6] VERKEHR","","","6","","","[3] Aufwand","[3] AUFWAND","[39] Interne Verrechnungen","[390] Verrechneter Aufwand","3","3","39","390","3000.00"
"494","Gals","2006","[7] UMWELT UND RAUMORDNUNG","","","7","","","[3] Aufwand","[3] AUFWAND","[39] Interne Verrechnungen","[391] Verrechnete Zinsen","3","3","39","391","25267.85"
"494","Gals","2006","[9] FINANZEN UND STEUERN","","","9","","","[3] Aufwand","[3] AUFWAND","[39] Interne Verrechnungen","[395] Verrechneter Ertrag","3","3","39","395","21826.20"
"494","Gals","2006","[9] FINANZEN UND STEUERN","","","9","","","[4] Ertrag","[4] ERTRAG","[40] Steuern","[400] Einkommens- und Vermögenssteuern","4","4","40","400","1096690.05"
"494","Gals","2006","[9] FINANZEN UND STEUERN","","","9","","","[4] Ertrag","[4] ERTRAG","[40] Steuern","[402] Liegenschaftssteuern","4","4","40","402","133383.50"
"494","Gals","2006","[9] FINANZEN UND STEUERN","","","9","","","[4] Ertrag","[4] ERTRAG","[40] Steuern","[403] Vermögensgewinnsteuern","4","4","40","403","94778.30"
"494","Gals","2006","[9] FINANZEN UND STEUERN","","","9","","","[4] Ertrag","[4] ERTRAG","[42] Vermögenserträge","[421] Flüssige Mittel und Guthaben","4","4","42","421","6575.55"
"494","Gals","2006","[0] ALLGEMEINE VERWALTUNG","","","0","","","[4] Ertrag","[4] ERTRAG","[42] Vermögenserträge","[427] Liegenschaften des Verwaltungsvermögens","4","4","42","427","18805.00"
"494","Gals","2006","[3] KULTUR UND FREIZEIT","","","3","","","[4] Ertrag","[4] ERTRAG","[42] Vermögenserträge","[427] Liegenschaften des Verwaltungsvermögens","4","4","42","427","1000.00"
"494","Gals","2006","[7] UMWELT UND RAUMORDNUNG","","","7","","","[4] Ertrag","[4] ERTRAG","[42] Vermögenserträge","[428] Einnahmeüberschuss der Investitionsrechnung","4","4","42","428","31115.00"
"494","Gals","2006","[7] UMWELT UND RAUMORDNUNG","","","7","","","[4] Ertrag","[4] ERTRAG","[43] Entgelte","[431] Gebühren für Amtshandlungen","4","4","43","431","814.80"
"494","Gals","2006","[6] VERKEHR","","","6","","","[4] Ertrag","[4] ERTRAG","[43] Entgelte","[434] Andere Benützungsgebühren und Dienstleistungen","4","4","43","434","3770.00"
"494","Gals","2006","[7] UMWELT UND RAUMORDNUNG","","","7","","","[4] Ertrag","[4] ERTRAG","[43] Entgelte","[434] Andere Benützungsgebühren und Dienstleistungen","4","4","43","434","290259.50"
"494","Gals","2006","[3] KULTUR UND FREIZEIT","","","3","","","[4] Ertrag","[4] ERTRAG","[43] Entgelte","[435] Uebrige Verkaufserlöse","4","4","43","435","59424.25"
"494","Gals","2006","[6] VERKEHR","","","6","","","[4] Ertrag","[4] ERTRAG","[43] Entgelte","[435] Uebrige Verkaufserlöse","4","4","43","435","1291.20"
"494","Gals","2006","[8] VOLKSWIRTSCHAFT","","","8","","","[4] Ertrag","[4] ERTRAG","[43] Entgelte","[435] Uebrige Verkaufserlöse","4","4","43","435","17407.40"
"494","Gals","2006","[0] ALLGEMEINE VERWALTUNG","","","0","","","[4] Ertrag","[4] ERTRAG","[43] Entgelte","[436] Rückerstattungen","4","4","43","436","11620.20"
"494","Gals","2006","[5] SOZIALE WOHLFAHRT","","","5","","","[4] Ertrag","[4] ERTRAG","[43] Entgelte","[436] Rückerstattungen","4","4","43","436","971.50"
"494","Gals","2006","[7] UMWELT UND RAUMORDNUNG","","","7","","","[4] Ertrag","[4] ERTRAG","[43] Entgelte","[436] Rückerstattungen","4","4","43","436","4427.00"
"494","Gals","2006","[7] UMWELT UND RAUMORDNUNG","","","7","","","[4] Ertrag","[4] ERTRAG","[43] Entgelte","[439] Uebrige Entgelte","4","4","43","439","113460.00"
"494","Gals","2006","[0] ALLGEMEINE VERWALTUNG","","","0","","","[4] Ertrag","[4] ERTRAG","[45] Rückerstattungen von Gemeinwesen","[451] Kanton","4","4","45","451","688.00"
"494","Gals","2006","[5] SOZIALE WOHLFAHRT","","","5","","","[4] Ertrag","[4] ERTRAG","[45] Rückerstattungen von Gemeinwesen","[451] Kanton","4","4","45","451","9504.45"
"494","Gals","2006","[6] VERKEHR","","","6","","","[4] Ertrag","[4] ERTRAG","[45] Rückerstattungen von Gemeinwesen","[451] Kanton","4","4","45","451","54745.85"
"494","Gals","2006","[1] OEFFENTLICHE SICHERHEIT","","","1","","","[4] Ertrag","[4] ERTRAG","[46] Beiträge","[461] Kanton","4","4","46","461","1400.00"
"494","Gals","2006","[7] UMWELT UND RAUMORDNUNG","","","7","","","[4] Ertrag","[4] ERTRAG","[49] Interne Verrechnungen","[495] Verrechneter Ertrag","4","4","49","495","19084.10"
"494","Gals","2006","[3] KULTUR UND FREIZEIT","","","3","","","[5] Ausgaben","[5] Ausgaben","[50] Sachgüter","[501] Tiefbauten","5","5","50","501","7334.65"
"494","Gals","2006","[9] FINANZEN UND STEUERN","","","9","","","[5] Ausgaben","[5] Ausgaben","[59] Passivierungen","[590] Passivierte Einnahmen","5","5","59","590","32703.65"
"494","Gals","2006","[3] KULTUR UND FREIZEIT","","","3","","","[6] Einnahmen","[6] Einnahmen","[61] Nutzungsabgaben und Vorteilsentgelte","[610] Beiträge Dritter für eigene Rechnung","6","6","61","610","7800.00"
"494","Gals","2007","[2] BILDUNG","","","2","","","[3] Aufwand","[3] AUFWAND","[30] Personalaufwand","[300] Personalaufwand der Behörden und Kommissionen","3","3","30","300","7160.00"
"494","Gals","2007","[0] ALLGEMEINE VERWALTUNG","","","0","","","[3] Aufwand","[3] AUFWAND","[30] Personalaufwand","[301] Löhne des Verwaltungs- + Betriebspersonals","3","3","30","301","210104.50"
"494","Gals","2007","[1] OEFFENTLICHE SICHERHEIT","","","1","","","[3] Aufwand","[3] AUFWAND","[30] Personalaufwand","[301] Löhne des Verwaltungs- + Betriebspersonals","3","3","30","301","10563.65"
"494","Gals","2007","[3] KULTUR UND FREIZEIT","","","3","","","[3] Aufwand","[3] AUFWAND","[30] Personalaufwand","[301] Löhne des Verwaltungs- + Betriebspersonals","3","3","30","301","4000.00"
"494","Gals","2007","[6] VERKEHR","","","6","","","[3] Aufwand","[3] AUFWAND","[30] Personalaufwand","[301] Löhne des Verwaltungs- + Betriebspersonals","3","3","30","301","19769.95"
"494","Gals","2007","[8] VOLKSWIRTSCHAFT","","","8","","","[3] Aufwand","[3] AUFWAND","[30] Personalaufwand","[301] Löhne des Verwaltungs- + Betriebspersonals","3","3","30","301","4285.95"
"494","Gals","2007","[1] OEFFENTLICHE SICHERHEIT","","","1","","","[3] Aufwand","[3] AUFWAND","[30] Personalaufwand","[303] Sozialversicherungsbeiträge","3","3","30","303","525.50"
"494","Gals","2007","[6] VERKEHR","","","6","","","[3] Aufwand","[3] AUFWAND","[30] Personalaufwand","[303] Sozialversicherungsbeiträge","3","3","30","303","948.00"
"494","Gals","2007","[9] FINANZEN UND STEUERN","","","9","","","[3] Aufwand","[3] AUFWAND","[30] Personalaufwand","[303] Sozialversicherungsbeiträge","3","3","30","303","259.30"
"494","Gals","2007","[0] ALLGEMEINE VERWALTUNG","","","0","","","[3] Aufwand","[3] AUFWAND","[30] Personalaufwand","[304] Personalversicherungsbeiträge","3","3","30","304","18607.75"
"494","Gals","2007","[2] BILDUNG","","","2","","","[3] Aufwand","[3] AUFWAND","[30] Personalaufwand","[305] Unfall- und Krankenversicherungsbeiträge","3","3","30","305","218.00"
"494","Gals","2007","[2] BILDUNG","","","2","","","[3] Aufwand","[3] AUFWAND","[31] Sachaufwand","[310] Büro- und Schulmaterialien, Drucksachen","3","3","31","310","20893.85"
"494","Gals","2007","[7] UMWELT UND RAUMORDNUNG","","","7","","","[3] Aufwand","[3] AUFWAND","[31] Sachaufwand","[310] Büro- und Schulmaterialien, Drucksachen","3","3","31","310","349.70"
"494","Gals","2007","[6] VERKEHR","","","6","","","[3] Aufwand","[3] AUFWAND","[31] Sachaufwand","[311] Anschaffung Mobilien, Maschinen, Fahrzeuge","3","3","31","311","525.50"
"494","Gals","2007","[0] ALLGEMEINE VERWALTUNG","","","0","","","[3] Aufwand","[3] AUFWAND","[31] Sachaufwand","[312] Wasser, Energie, Heizmaterialien","3","3","31","312","17291.50"
"494","Gals","2007","[2] BILDUNG","","","2","","","[3] Aufwand","[3] AUFWAND","[31] Sachaufwand","[312] Wasser, Energie, Heizmaterialien","3","3","31","312","15082.50"
"494","Gals","2007","[3] KULTUR UND FREIZEIT","","","3","","","[3] Aufwand","[3] AUFWAND","[31] Sachaufwand","[312] Wasser, Energie, Heizmaterialien","3","3","31","312","762.15"
"494","Gals","2007","[2] BILDUNG","","","2","","","[3] Aufwand","[3] AUFWAND","[31] Sachaufwand","[313] Verbrauchsmaterialien","3","3","31","313","1592.05"
"494","Gals","2007","[7] UMWELT UND RAUMORDNUNG","","","7","","","[3] Aufwand","[3] AUFWAND","[31] Sachaufwand","[313] Verbrauchsmaterialien","3","3","31","313","2034.45"
"494","Gals","2007","[0] ALLGEMEINE VERWALTUNG","","","0","","","[3] Aufwand","[3] AUFWAND","[31] Sachaufwand","[314] Dienstleistungen Dritter für den baulichen Unterhalt","3","3","31","314","1321.69"
"494","Gals","2007","[1] OEFFENTLICHE SICHERHEIT","","","1","","","[3] Aufwand","[3] AUFWAND","[31] Sachaufwand","[314] Dienstleistungen Dritter für den baulichen Unterhalt","3","3","31","314","653.45"
"494","Gals","2007","[3] KULTUR UND FREIZEIT","","","3","","","[3] Aufwand","[3] AUFWAND","[31] Sachaufwand","[314] Dienstleistungen Dritter für den baulichen Unterhalt","3","3","31","314","3481.00"
"494","Gals","2007","[6] VERKEHR","","","6","","","[3] Aufwand","[3] AUFWAND","[31] Sachaufwand","[314] Dienstleistungen Dritter für den baulichen Unterhalt","3","3","31","314","73264.45"
"494","Gals","2007","[8] VOLKSWIRTSCHAFT","","","8","","","[3] Aufwand","[3] AUFWAND","[31] Sachaufwand","[314] Dienstleistungen Dritter für den baulichen Unterhalt","3","3","31","314","11678.60"
"494","Gals","2007","[9] FINANZEN UND STEUERN","","","9","","","[3] Aufwand","[3] AUFWAND","[31] Sachaufwand","[314] Dienstleistungen Dritter für den baulichen Unterhalt","3","3","31","314","421.00"
"494","Gals","2007","[0] ALLGEMEINE VERWALTUNG","","","0","","","[3] Aufwand","[3] AUFWAND","[31] Sachaufwand","[315] Dienstleistungen Dritter für den übrigen Unterhalt","3","3","31","315","1742.35"
"494","Gals","2007","[2] BILDUNG","","","2","","","[3] Aufwand","[3] AUFWAND","[31] Sachaufwand","[315] Dienstleistungen Dritter für den übrigen Unterhalt","3","3","31","315","2193.65"
"494","Gals","2007","[6] VERKEHR","","","6","","","[3] Aufwand","[3] AUFWAND","[31] Sachaufwand","[316] Mieten, Pachten, Benützungskosten","3","3","31","316","1700.00"
"494","Gals","2007","[0] ALLGEMEINE VERWALTUNG","","","0","","","[3] Aufwand","[3] AUFWAND","[31] Sachaufwand","[317] Spesenentschädigungen","3","3","31","317","9420.70"
"494","Gals","2007","[2] BILDUNG","","","2","","","[3] Aufwand","[3] AUFWAND","[31] Sachaufwand","[318] Dienstleistungen und Honorare, allg. Verwaltungsaufwand","3","3","31","318","3796.35"
"494","Gals","2007","[4] GESUNDHEIT","","","4","","","[3] Aufwand","[3] AUFWAND","[31] Sachaufwand","[318] Dienstleistungen und Honorare, allg. Verwaltungsaufwand","3","3","31","318","1227.40"
"494","Gals","2007","[7] UMWELT UND RAUMORDNUNG","","","7","","","[3] Aufwand","[3] AUFWAND","[31] Sachaufwand","[318] Dienstleistungen und Honorare, allg. Verwaltungsaufwand","3","3","31","318","97325.90"
"494","Gals","2007","[9] FINANZEN UND STEUERN","","","9","","","[3] Aufwand","[3] AUFWAND","[31] Sachaufwand","[319] Uebriger Sachaufwand","3","3","31","319","50.00"
"494","Gals","2007","[9] FINANZEN UND STEUERN","","","9","","","[3] Aufwand","[3] AUFWAND","[32] Passivzinsen","[321] Kurzfristige Schulden","3","3","32","321","6220.95"
"494","Gals","2007","[9] FINANZEN UND STEUERN","","","9","","","[3] Aufwand","[3] AUFWAND","[32] Passivzinsen","[322] Mittel- und langfirstige Schulden","3","3","32","322","93972.70"
"494","Gals","2007","[1] OEFFENTLICHE SICHERHEIT","","","1","","","[3] Aufwand","[3] AUFWAND","[33] Abschreibungen","[330] Finanzvermögen","3","3","33","330","1518.70"
"494","Gals","2007","[9] FINANZEN UND STEUERN","","","9","","","[3] Aufwand","[3] AUFWAND","[33] Abschreibungen","[330] Finanzvermögen","3","3","33","330","17045.85"
"494","Gals","2007","[7] UMWELT UND RAUMORDNUNG","","","7","","","[3] Aufwand","[3] AUFWAND","[33] Abschreibungen","[331] Verwaltungsvermögen - harmonisierte Abschreibungen","3","3","33","331","42843.00"
"494","Gals","2007","[9] FINANZEN UND STEUERN","","","9","","","[3] Aufwand","[3] AUFWAND","[33] Abschreibungen","[332] Verwaltungsvermögen - übrige Abschreibungen","3","3","33","332","200000.00"
"494","Gals","2007","[3] KULTUR UND FREIZEIT","","","3","","","[3] Aufwand","[3] AUFWAND","[33] Abschreibungen","[336] ...","3","3","33","336","420.00"
"494","Gals","2007","[2] BILDUNG","","","2","","","[3] Aufwand","[3] AUFWAND","[35] Entschädigungen an Gemeinwesen","[352] Gemeinden","3","3","35","352","27617.00"
"494","Gals","2007","[3] KULTUR UND FREIZEIT","","","3","","","[3] Aufwand","[3] AUFWAND","[35] Entschädigungen an Gemeinwesen","[352] Gemeinden","3","3","35","352","21388.40"
"494","Gals","2007","[7] UMWELT UND RAUMORDNUNG","","","7","","","[3] Aufwand","[3] AUFWAND","[35] Entschädigungen an Gemeinwesen","[352] Gemeinden","3","3","35","352","3298.45"
"494","Gals","2007","[6] VERKEHR","","","6","","","[3] Aufwand","[3] AUFWAND","[36] Eigene Beiträge","[361] Kanton","3","3","36","361","28766.00"
"494","Gals","2007","[7] UMWELT UND RAUMORDNUNG","","","7","","","[3] Aufwand","[3] AUFWAND","[36] Eigene Beiträge","[361] Kanton","3","3","36","361","41839.00"
"494","Gals","2007","[9] FINANZEN UND STEUERN","","","9","","","[3] Aufwand","[3] AUFWAND","[36] Eigene Beiträge","[361] Kanton","3","3","36","361","11586.00"
"494","Gals","2007","[5] SOZIALE WOHLFAHRT","","","5","","","[3] Aufwand","[3] AUFWAND","[36] Eigene Beiträge","[362] Gemeinden","3","3","36","362","6737.85"
"494","Gals","2007","[8] VOLKSWIRTSCHAFT","","","8","","","[3] Aufwand","[3] AUFWAND","[36] Eigene Beiträge","[362] Gemeinden","3","3","36","362","727.05"
"494","Gals","2007","[0] ALLGEMEINE VERWALTUNG","","","0","","","[3] Aufwand","[3] AUFWAND","[36] Eigene Beiträge","[365] Private Institutionen","3","3","36","365","2841.00"
"494","Gals","2007","[3] KULTUR UND FREIZEIT","","","3","","","[3] Aufwand","[3] AUFWAND","[36] Eigene Beiträge","[365] Private Institutionen","3","3","36","365","4010.00"
"494","Gals","2007","[5] SOZIALE WOHLFAHRT","","","5","","","[3] Aufwand","[3] AUFWAND","[36] Eigene Beiträge","[365] Private Institutionen","3","3","36","365","2859.60"
"494","Gals","2007","[8] VOLKSWIRTSCHAFT","","","8","","","[3] Aufwand","[3] AUFWAND","[36] Eigene Beiträge","[365] Private Institutionen","3","3","36","365","5438.60"
"494","Gals","2007","[1] OEFFENTLICHE SICHERHEIT","","","1","","","[3] Aufwand","[3] AUFWAND","[38] Einlagen in Spezialfinanzierungen","[380] Einlagen in Spezialfinanzierungen","3","3","38","380","15900.00"
"494","Gals","2007","[3] KULTUR UND FREIZEIT","","","3","","","[3] Aufwand","[3] AUFWAND","[38] Einlagen in Spezialfinanzierungen","[380] Einlagen in Spezialfinanzierungen","3","3","38","380","35014.25"
"494","Gals","2007","[2] BILDUNG","","","2","","","[3] Aufwand","[3] AUFWAND","[39] Interne Verrechnungen","[390] Verrechneter Aufwand","3","3","39","390","3000.00"
"494","Gals","2007","[7] UMWELT UND RAUMORDNUNG","","","7","","","[3] Aufwand","[3] AUFWAND","[39] Interne Verrechnungen","[390] Verrechneter Aufwand","3","3","39","390","8529.50"
"494","Gals","2007","[9] FINANZEN UND STEUERN","","","9","","","[3] Aufwand","[3] AUFWAND","[39] Interne Verrechnungen","[390] Verrechneter Aufwand","3","3","39","390","7000.00"
"494","Gals","2007","[9] FINANZEN UND STEUERN","","","9","","","[3] Aufwand","[3] AUFWAND","[39] Interne Verrechnungen","[391] Verrechnete Zinsen","3","3","39","391","22820.25"
"494","Gals","2007","[9] FINANZEN UND STEUERN","","","9","","","[4] Ertrag","[4] ERTRAG","[40] Steuern","[401] Gewinn- und Kapitalsteuern","4","4","40","401","17636.75"
"494","Gals","2007","[9] FINANZEN UND STEUERN","","","9","","","[4] Ertrag","[4] ERTRAG","[40] Steuern","[403] Vermögensgewinnsteuern","4","4","40","403","37975.90"
"494","Gals","2007","[9] FINANZEN UND STEUERN","","","9","","","[4] Ertrag","[4] ERTRAG","[40] Steuern","[406] Besitz- und Aufwandsteuern","4","4","40","406","3895.00"
"494","Gals","2007","[8] VOLKSWIRTSCHAFT","","","8","","","[4] Ertrag","[4] ERTRAG","[41] Regalien und Konzessionen","[410] Erträge aus Regalien und Konzessionen","4","4","41","410","30327.00"
"494","Gals","2007","[9] FINANZEN UND STEUERN","","","9","","","[4] Ertrag","[4] ERTRAG","[42] Vermögenserträge","[422] Anlagen des Finanzvermögens","4","4","42","422","6707.00"
"494","Gals","2007","[2] BILDUNG","","","2","","","[4] Ertrag","[4] ERTRAG","[42] Vermögenserträge","[427] Liegenschaften des Verwaltungsvermögens","4","4","42","427","13200.00"
"494","Gals","2007","[3] KULTUR UND FREIZEIT","","","3","","","[4] Ertrag","[4] ERTRAG","[42] Vermögenserträge","[428] Einnahmeüberschuss der Investitionsrechnung","4","4","42","428","9882.55"
"494","Gals","2007","[1] OEFFENTLICHE SICHERHEIT","","","1","","","[4] Ertrag","[4] ERTRAG","[43] Entgelte","[430] Ersatzabgaben","4","4","43","430","65911.15"
"494","Gals","2007","[0] ALLGEMEINE VERWALTUNG","","","0","","","[4] Ertrag","[4] ERTRAG","[43] Entgelte","[431] Gebühren für Amtshandlungen","4","4","43","431","130.00"
"494","Gals","2007","[7] UMWELT UND RAUMORDNUNG","","","7","","","[4] Ertrag","[4] ERTRAG","[43] Entgelte","[435] Uebrige Verkaufserlöse","4","4","43","435","135424.00"
"494","Gals","2007","[0] ALLGEMEINE VERWALTUNG","","","0","","","[4] Ertrag","[4] ERTRAG","[43] Entgelte","[436] Rückerstattungen","4","4","43","436","1307.70"
"494","Gals","2007","[6] VERKEHR","","","6","","","[4] Ertrag","[4] ERTRAG","[43] Entgelte","[436] Rückerstattungen","4","4","43","436","420.00"
"494","Gals","2007","[8] VOLKSWIRTSCHAFT","","","8","","","[4] Ertrag","[4] ERTRAG","[43] Entgelte","[436] Rückerstattungen","4","4","43","436","266.55"
"494","Gals","2007","[9] FINANZEN UND STEUERN","","","9","","","[4] Ertrag","[4] ERTRAG","[44] Anteile und Beiträge ohne Zweckbindungen","[441] Anteile an Kantonseinnahmen","4","4","44","441","5992.45"
"494","Gals","2007","[6] VERKEHR","","","6","","","[4] Ertrag","[4] ERTRAG","[45] Rückerstattungen von Gemeinwesen","[451] Kanton","4","4","45","451","55452.45"
"494","Gals","2007","[3] KULTUR UND FREIZEIT","","","3","","","[4] Ertrag","[4] ERTRAG","[45] Rückerstattungen von Gemeinwesen","[452] Gemeinden","4","4","45","452","200.00"
"494","Gals","2007","[7] UMWELT UND RAUMORDNUNG","","","7","","","[4] Ertrag","[4] ERTRAG","[48] Entnahmen aus Spezialfinanzierungen","[480] Entnahmen aus Spezialfinanzierungen","4","4","48","480","97859.00"
"494","Gals","2007","[0] ALLGEMEINE VERWALTUNG","","","0","","","[4] Ertrag","[4] ERTRAG","[49] Interne Verrechnungen","[490] Verrechneter Aufwand","4","4","49","490","35000.00"
"494","Gals","2007","[7] UMWELT UND RAUMORDNUNG","","","7","","","[4] Ertrag","[4] ERTRAG","[49] Interne Verrechnungen","[490] Verrechneter Aufwand","4","4","49","490","2529.50"
"494","Gals","2007","[7] UMWELT UND RAUMORDNUNG","","","7","","","[4] Ertrag","[4] ERTRAG","[49] Interne Verrechnungen","[491] Verrechnete Zinsen","4","4","49","491","19479.20"
"494","Gals","2007","[9] FINANZEN UND STEUERN","","","9","","","[4] Ertrag","[4] ERTRAG","[49] Interne Verrechnungen","[491] Verrechnete Zinsen","4","4","49","491","23283.05"
"494","Gals","2007","[7] UMWELT UND RAUMORDNUNG","","","7","","","[5] Ausgaben","[5] Ausgaben","[50] Sachgüter","[501] Tiefbauten","5","5","50","501","47475.25"
"494","Gals","2007","[9] FINANZEN UND STEUERN","","","9","","","[5] Ausgaben","[5] Ausgaben","[59] Passivierungen","[592] Uebertrag Einnahmenüberschuss in die Laufende Rechnung","5","5","59","592","27897.55"
"494","Gals","2007","[7] UMWELT UND RAUMORDNUNG","","","7","","","[6] Einnahmen","[6] Einnahmen","[61] Nutzungsabgaben und Vorteilsentgelte","[610] Beiträge Dritter für eigene Rechnung","6","6","61","610","37572.85"
"494","Gals","2007","[9] FINANZEN UND STEUERN","","","9","","","[6] Einnahmen","[6] Einnahmen","[69] Aktivierungen","[690] Aktivierte Ausgaben","6","6","69","690","51242.70"
"494","Gals","2007","[9] FINANZEN UND STEUERN","","","9","","","[6] Einnahmen","[6] Einnahmen","[69] Aktivierungen","[695] Uebertrag Zugänge von Liegenschaften des Finanzvermögens","6","6","69","695","3542.20"
"494","Gals","2008","[2] BILDUNG","","","2","","","[3] Aufwand","[3] AUFWAND","[30] Personalaufwand","[300] Personalaufwand der Behörden und Kommissionen","3","3","30","300","4015.00"
"494","Gals","2008","[7] UMWELT UND RAUMORDNUNG","","","7","","","[3] Aufwand","[3] AUFWAND","[30] Personalaufwand","[300] Personalaufwand der Behörden und Kommissionen","3","3","30","300","390.00"
"494","Gals","2008","[1] OEFFENTLICHE SICHERHEIT","","","1","","","[3] Aufwand","[3] AUFWAND","[30] Personalaufwand","[301] Löhne des Verwaltungs- + Betriebspersonals","3","3","30","301","9348.30"
"494","Gals","2008","[3] KULTUR UND FREIZEIT","","","3","","","[3] Aufwand","[3] AUFWAND","[30] Personalaufwand","[301] Löhne des Verwaltungs- + Betriebspersonals","3","3","30","301","4178.25"
"494","Gals","2008","[6] VERKEHR","","","6","","","[3] Aufwand","[3] AUFWAND","[30] Personalaufwand","[301] Löhne des Verwaltungs- + Betriebspersonals","3","3","30","301","14682.75"
"494","Gals","2008","[9] FINANZEN UND STEUERN","","","9","","","[3] Aufwand","[3] AUFWAND","[30] Personalaufwand","[301] Löhne des Verwaltungs- + Betriebspersonals","3","3","30","301","3734.45"
"494","Gals","2008","[1] OEFFENTLICHE SICHERHEIT","","","1","","","[3] Aufwand","[3] AUFWAND","[30] Personalaufwand","[303] Sozialversicherungsbeiträge","3","3","30","303","492.85"
"494","Gals","2008","[2] BILDUNG","","","2","","","[3] Aufwand","[3] AUFWAND","[30] Personalaufwand","[303] Sozialversicherungsbeiträge","3","3","30","303","1986.95"
"494","Gals","2008","[7] UMWELT UND RAUMORDNUNG","","","7","","","[3] Aufwand","[3] AUFWAND","[30] Personalaufwand","[303] Sozialversicherungsbeiträge","3","3","30","303","1419.95"
"494","Gals","2008","[9] FINANZEN UND STEUERN","","","9","","","[3] Aufwand","[3] AUFWAND","[30] Personalaufwand","[303] Sozialversicherungsbeiträge","3","3","30","303","196.90"
"494","Gals","2008","[0] ALLGEMEINE VERWALTUNG","","","0","","","[3] Aufwand","[3] AUFWAND","[30] Personalaufwand","[304] Personalversicherungsbeiträge","3","3","30","304","2673.90"
"494","Gals","2008","[6] VERKEHR","","","6","","","[3] Aufwand","[3] AUFWAND","[30] Personalaufwand","[304] Personalversicherungsbeiträge","3","3","30","304","2239.55"
"494","Gals","2008","[0] ALLGEMEINE VERWALTUNG","","","0","","","[3] Aufwand","[3] AUFWAND","[30] Personalaufwand","[305] Unfall- und Krankenversicherungsbeiträge","3","3","30","305","6338.45"
"494","Gals","2008","[2] BILDUNG","","","2","","","[3] Aufwand","[3] AUFWAND","[30] Personalaufwand","[305] Unfall- und Krankenversicherungsbeiträge","3","3","30","305","1218.00"
"494","Gals","2008","[0] ALLGEMEINE VERWALTUNG","","","0","","","[3] Aufwand","[3] AUFWAND","[31] Sachaufwand","[310] Büro- und Schulmaterialien, Drucksachen","3","3","31","310","7344.35"
"494","Gals","2008","[2] BILDUNG","","","2","","","[3] Aufwand","[3] AUFWAND","[31] Sachaufwand","[310] Büro- und Schulmaterialien, Drucksachen","3","3","31","310","22714.91"
"494","Gals","2008","[2] BILDUNG","","","2","","","[3] Aufwand","[3] AUFWAND","[31] Sachaufwand","[311] Anschaffung Mobilien, Maschinen, Fahrzeuge","3","3","31","311","750.60"
"494","Gals","2008","[0] ALLGEMEINE VERWALTUNG","","","0","","","[3] Aufwand","[3] AUFWAND","[31] Sachaufwand","[312] Wasser, Energie, Heizmaterialien","3","3","31","312","16436.00"
"494","Gals","2008","[1] OEFFENTLICHE SICHERHEIT","","","1","","","[3] Aufwand","[3] AUFWAND","[31] Sachaufwand","[312] Wasser, Energie, Heizmaterialien","3","3","31","312","2462.60"
"494","Gals","2008","[3] KULTUR UND FREIZEIT","","","3","","","[3] Aufwand","[3] AUFWAND","[31] Sachaufwand","[312] Wasser, Energie, Heizmaterialien","3","3","31","312","775.50"
"494","Gals","2008","[6] VERKEHR","","","6","","","[3] Aufwand","[3] AUFWAND","[31] Sachaufwand","[312] Wasser, Energie, Heizmaterialien","3","3","31","312","19694.30"
"494","Gals","2008","[0] ALLGEMEINE VERWALTUNG","","","0","","","[3] Aufwand","[3] AUFWAND","[31] Sachaufwand","[313] Verbrauchsmaterialien","3","3","31","313","1584.05"
"494","Gals","2008","[2] BILDUNG","","","2","","","[3] Aufwand","[3] AUFWAND","[31] Sachaufwand","[313] Verbrauchsmaterialien","3","3","31","313","2080.20"
"494","Gals","2008","[7] UMWELT UND RAUMORDNUNG","","","7","","","[3] Aufwand","[3] AUFWAND","[31] Sachaufwand","[313] Verbrauchsmaterialien","3","3","31","313","1071.75"
"494","Gals","2008","[6] VERKEHR","","","6","","","[3] Aufwand","[3] AUFWAND","[31] Sachaufwand","[314] Dienstleistungen Dritter für den baulichen Unterhalt","3","3","31","314","13650.80"
"494","Gals","2008","[7] UMWELT UND RAUMORDNUNG","","","7","","","[3] Aufwand","[3] AUFWAND","[31] Sachaufwand","[314] Dienstleistungen Dritter für den baulichen Unterhalt","3","3","31","314","25902.40"
"494","Gals","2008","[9] FINANZEN UND STEUERN","","","9","","","[3] Aufwand","[3] AUFWAND","[31] Sachaufwand","[314] Dienstleistungen Dritter für den baulichen Unterhalt","3","3","31","314","6892.40"
"494","Gals","2008","[0] ALLGEMEINE VERWALTUNG","","","0","","","[3] Aufwand","[3] AUFWAND","[31] Sachaufwand","[315] Dienstleistungen Dritter für den übrigen Unterhalt","3","3","31","315","7964.35"
"494","Gals","2008","[6] VERKEHR","","","6","","","[3] Aufwand","[3] AUFWAND","[31] Sachaufwand","[315] Dienstleistungen Dritter für den übrigen Unterhalt","3","3","31","315","385.00"
"494","Gals","2008","[0] ALLGEMEINE VERWALTUNG","","","0","","","[3] Aufwand","[3] AUFWAND","[31] Sachaufwand","[318] Dienstleistungen und Honorare, allg. Verwaltungsaufwand","3","3","31","318","107058.75"
"494","Gals","2008","[2] BILDUNG","","","2","","","[3] Aufwand","[3] AUFWAND","[31] Sachaufwand","[318] Dienstleistungen und Honorare, allg. Verwaltungsaufwand","3","3","31","318","4597.10"
"494","Gals","2008","[3] KULTUR UND FREIZEIT","","","3","","","[3] Aufwand","[3] AUFWAND","[31] Sachaufwand","[318] Dienstleistungen und Honorare, allg. Verwaltungsaufwand","3","3","31","318","3739.15"
"494","Gals","2008","[8] VOLKSWIRTSCHAFT","","","8","","","[3] Aufwand","[3] AUFWAND","[31] Sachaufwand","[318] Dienstleistungen und Honorare, allg. Verwaltungsaufwand","3","3","31","318","30.00"
"494","Gals","2008","[9] FINANZEN UND STEUERN","","","9","","","[3] Aufwand","[3] AUFWAND","[32] Passivzinsen","[322] Mittel- und langfirstige Schulden","3","3","32","322","63614.70"
"494","Gals","2008","[1] OEFFENTLICHE SICHERHEIT","","","1","","","[3] Aufwand","[3] AUFWAND","[33] Abschreibungen","[330] Finanzvermögen","3","3","33","330","707.40"
"494","Gals","2008","[9] FINANZEN UND STEUERN","","","9","","","[3] Aufwand","[3] AUFWAND","[33] Abschreibungen","[330] Finanzvermögen","3","3","33","330","21993.30"
"494","Gals","2008","[9] FINANZEN UND STEUERN","","","9","","","[3] Aufwand","[3] AUFWAND","[33] Abschreibungen","[332] Verwaltungsvermögen - übrige Abschreibungen","3","3","33","332","200000.00"
"494","Gals","2008","[3] KULTUR UND FREIZEIT","","","3","","","[3] Aufwand","[3] AUFWAND","[35] Entschädigungen an Gemeinwesen","[352] Gemeinden","3","3","35","352","21333.20"
"494","Gals","2008","[2] BILDUNG","","","2","","","[3] Aufwand","[3] AUFWAND","[36] Eigene Beiträge","[361] Kanton","3","3","36","361","14130.05"
"494","Gals","2008","[5] SOZIALE WOHLFAHRT","","","5","","","[3] Aufwand","[3] AUFWAND","[36] Eigene Beiträge","[361] Kanton","3","3","36","361","232838.00"
"494","Gals","2008","[7] UMWELT UND RAUMORDNUNG","","","7","","","[3] Aufwand","[3] AUFWAND","[36] Eigene Beiträge","[361] Kanton","3","3","36","361","48955.00"
"494","Gals","2008","[1] OEFFENTLICHE SICHERHEIT","","","1","","","[3] Aufwand","[3] AUFWAND","[36] Eigene Beiträge","[362] Gemeinden","3","3","36","362","48132.30"
"494","Gals","2008","[0] ALLGEMEINE VERWALTUNG","","","0","","","[3] Aufwand","[3] AUFWAND","[36] Eigene Beiträge","[365] Private Institutionen","3","3","36","365","2191.00"
"494","Gals","2008","[1] OEFFENTLICHE SICHERHEIT","","","1","","","[3] Aufwand","[3] AUFWAND","[36] Eigene Beiträge","[365] Private Institutionen","3","3","36","365","8009.90"
"494","Gals","2008","[3] KULTUR UND FREIZEIT","","","3","","","[3] Aufwand","[3] AUFWAND","[36] Eigene Beiträge","[365] Private Institutionen","3","3","36","365","4015.10"
"494","Gals","2008","[8] VOLKSWIRTSCHAFT","","","8","","","[3] Aufwand","[3] AUFWAND","[36] Eigene Beiträge","[365] Private Institutionen","3","3","36","365","7425.65"
"494","Gals","2008","[7] UMWELT UND RAUMORDNUNG","","","7","","","[3] Aufwand","[3] AUFWAND","[38] Einlagen in Spezialfinanzierungen","[380] Einlagen in Spezialfinanzierungen","3","3","38","380","92334.95"
"494","Gals","2008","[2] BILDUNG","","","2","","","[3] Aufwand","[3] AUFWAND","[39] Interne Verrechnungen","[390] Verrechneter Aufwand","3","3","39","390","3000.00"
"494","Gals","2008","[5] SOZIALE WOHLFAHRT","","","5","","","[3] Aufwand","[3] AUFWAND","[39] Interne Verrechnungen","[390] Verrechneter Aufwand","3","3","39","390","10000.00"
"494","Gals","2008","[7] UMWELT UND RAUMORDNUNG","","","7","","","[3] Aufwand","[3] AUFWAND","[39] Interne Verrechnungen","[390] Verrechneter Aufwand","3","3","39","390","9195.15"
"494","Gals","2008","[9] FINANZEN UND STEUERN","","","9","","","[3] Aufwand","[3] AUFWAND","[39] Interne Verrechnungen","[391] Verrechnete Zinsen","3","3","39","391","24503.05"
"494","Gals","2008","[3] KULTUR UND FREIZEIT","","","3","","","[3] Aufwand","[3] AUFWAND","[39] Interne Verrechnungen","[392] Verrechnete Abschreibungen","3","3","39","392","792.00"
"494","Gals","2008","[9] FINANZEN UND STEUERN","","","9","","","[4] Ertrag","[4] ERTRAG","[40] Steuern","[401] Gewinn- und Kapitalsteuern","4","4","40","401","21145.50"
"494","Gals","2008","[9] FINANZEN UND STEUERN","","","9","","","[4] Ertrag","[4] ERTRAG","[40] Steuern","[402] Liegenschaftssteuern","4","4","40","402","172546.90"
"494","Gals","2008","[8] VOLKSWIRTSCHAFT","","","8","","","[4] Ertrag","[4] ERTRAG","[41] Regalien und Konzessionen","[410] Erträge aus Regalien und Konzessionen","4","4","41","410","27668.00"
"494","Gals","2008","[9] FINANZEN UND STEUERN","","","9","","","[4] Ertrag","[4] ERTRAG","[42] Vermögenserträge","[423] Liegenschaften des Finanzvermögens","4","4","42","423","97394.25"
"494","Gals","2008","[0] ALLGEMEINE VERWALTUNG","","","0","","","[4] Ertrag","[4] ERTRAG","[42] Vermögenserträge","[427] Liegenschaften des Verwaltungsvermögens","4","4","42","427","20300.00"
"494","Gals","2008","[2] BILDUNG","","","2","","","[4] Ertrag","[4] ERTRAG","[42] Vermögenserträge","[427] Liegenschaften des Verwaltungsvermögens","4","4","42","427","13200.00"
"494","Gals","2008","[7] UMWELT UND RAUMORDNUNG","","","7","","","[4] Ertrag","[4] ERTRAG","[42] Vermögenserträge","[428] Einnahmeüberschuss der Investitionsrechnung","4","4","42","428","29887.70"
"494","Gals","2008","[1] OEFFENTLICHE SICHERHEIT","","","1","","","[4] Ertrag","[4] ERTRAG","[43] Entgelte","[431] Gebühren für Amtshandlungen","4","4","43","431","66723.75"
"494","Gals","2008","[6] VERKEHR","","","6","","","[4] Ertrag","[4] ERTRAG","[43] Entgelte","[431] Gebühren für Amtshandlungen","4","4","43","431","623.00"
"494","Gals","2008","[6] VERKEHR","","","6","","","[4] Ertrag","[4] ERTRAG","[43] Entgelte","[434] Andere Benützungsgebühren und Dienstleistungen","4","4","43","434","1837.50"
"494","Gals","2008","[7] UMWELT UND RAUMORDNUNG","","","7","","","[4] Ertrag","[4] ERTRAG","[43] Entgelte","[435] Uebrige Verkaufserlöse","4","4","43","435","113537.65"
"494","Gals","2008","[6] VERKEHR","","","6","","","[4] Ertrag","[4] ERTRAG","[43] Entgelte","[436] Rückerstattungen","4","4","43","436","1237.50"
"494","Gals","2008","[9] FINANZEN UND STEUERN","","","9","","","[4] Ertrag","[4] ERTRAG","[44] Anteile und Beiträge ohne Zweckbindungen","[444] Leistungen aus dem Finanzausgleich","4","4","44","444","127859.00"
"494","Gals","2008","[5] SOZIALE WOHLFAHRT","","","5","","","[4] Ertrag","[4] ERTRAG","[45] Rückerstattungen von Gemeinwesen","[451] Kanton","4","4","45","451","118.55"
"494","Gals","2008","[3] KULTUR UND FREIZEIT","","","3","","","[4] Ertrag","[4] ERTRAG","[45] Rückerstattungen von Gemeinwesen","[452] Gemeinden","4","4","45","452","3012.35"
"494","Gals","2008","[8] VOLKSWIRTSCHAFT","","","8","","","[4] Ertrag","[4] ERTRAG","[46] Beiträge","[461] Kanton","4","4","46","461","560.00"
"494","Gals","2008","[7] UMWELT UND RAUMORDNUNG","","","7","","","[4] Ertrag","[4] ERTRAG","[48] Entnahmen aus Spezialfinanzierungen","[480] Entnahmen aus Spezialfinanzierungen","4","4","48","480","45679.50"
"494","Gals","2008","[0] ALLGEMEINE VERWALTUNG","","","0","","","[4] Ertrag","[4] ERTRAG","[49] Interne Verrechnungen","[490] Verrechneter Aufwand","4","4","49","490","35000.00"
"494","Gals","2008","[7] UMWELT UND RAUMORDNUNG","","","7","","","[4] Ertrag","[4] ERTRAG","[49] Interne Verrechnungen","[491] Verrechnete Zinsen","4","4","49","491","20461.70"
"494","Gals","2008","[9] FINANZEN UND STEUERN","","","9","","","[4] Ertrag","[4] ERTRAG","[49] Interne Verrechnungen","[491] Verrechnete Zinsen","4","4","49","491","22577.55"
"494","Gals","2008","[9] FINANZEN UND STEUERN","","","9","","","[4] Ertrag","[4] ERTRAG","[49] Interne Verrechnungen","[492] Verrechnete Abschreibungen","4","4","49","492","792.00"
"494","Gals","2008","[0] ALLGEMEINE VERWALTUNG","","","0","","","[5] Ausgaben","[5] Ausgaben","[50] Sachgüter","[503] Hochbauten","5","5","50","503","20376.40"
"494","Gals","2008","[0] ALLGEMEINE VERWALTUNG","","","0","","","[5] Ausgaben","[5] Ausgaben","[50] Sachgüter","[506] Mobilien, Maschinen, Fahrzeuge","5","5","50","506","10466.25"
"494","Gals","2008","[9] FINANZEN UND STEUERN","","","9","","","[5] Ausgaben","[5] Ausgaben","[59] Passivierungen","[590] Passivierte Einnahmen","5","5","59","590","36781.75"
"494","Gals","2008","[9] FINANZEN UND STEUERN","","","9","","","[5] Ausgaben","[5] Ausgaben","[59] Passivierungen","[592] Uebertrag Einnahmenüberschuss in die Laufende Rechnung","5","5","59","592","29887.70"
"494","Gals","2008","[7] UMWELT UND RAUMORDNUNG","","","7","","","[6] Einnahmen","[6] Einnahmen","[61] Nutzungsabgaben und Vorteilsentgelte","[610] Beiträge Dritter für eigene Rechnung","6","6","61","610","61669.45"
"494","Gals","2008","[9] FINANZEN UND STEUERN","","","9","","","[6] Einnahmen","[6] Einnahmen","[69] Aktivierungen","[690] Aktivierte Ausgaben","6","6","69","690","152367.55"
"494","Gals","2009","[0] ALLGEMEINE VERWALTUNG","","","0","","","[3] Aufwand","[3] AUFWAND","[30] Personalaufwand","[300] Personalaufwand der Behörden und Kommissionen","3","3","30","300","20266.90"
"494","Gals","2009","[3] KULTUR UND FREIZEIT","","","3","","","[3] Aufwand","[3] AUFWAND","[30] Personalaufwand","[300] Personalaufwand der Behörden und Kommissionen","3","3","30","300","1410.00"
"494","Gals","2009","[0] ALLGEMEINE VERWALTUNG","","","0","","","[3] Aufwand","[3] AUFWAND","[30] Personalaufwand","[301] Löhne des Verwaltungs- + Betriebspersonals","3","3","30","301","111711.00"
"494","Gals","2009","[2] BILDUNG","","","2","","","[3] Aufwand","[3] AUFWAND","[30] Personalaufwand","[301] Löhne des Verwaltungs- + Betriebspersonals","3","3","30","301","38890.40"
"494","Gals","2009","[7] UMWELT UND RAUMORDNUNG","","","7","","","[3] Aufwand","[3] AUFWAND","[30] Personalaufwand","[301] Löhne des Verwaltungs- + Betriebspersonals","3","3","30","301","29671.35"
"494","Gals","2009","[8] VOLKSWIRTSCHAFT","","","8","","","[3] Aufwand","[3] AUFWAND","[30] Personalaufwand","[301] Löhne des Verwaltungs- + Betriebspersonals","3","3","30","301","5642.70"
"494","Gals","2009","[0] ALLGEMEINE VERWALTUNG","","","0","","","[3] Aufwand","[3] AUFWAND","[30] Personalaufwand","[303] Sozialversicherungsbeiträge","3","3","30","303","8528.05"
"494","Gals","2009","[3] KULTUR UND FREIZEIT","","","3","","","[3] Aufwand","[3] AUFWAND","[30] Personalaufwand","[303] Sozialversicherungsbeiträge","3","3","30","303","297.40"
"494","Gals","2009","[6] VERKEHR","","","6","","","[3] Aufwand","[3] AUFWAND","[30] Personalaufwand","[303] Sozialversicherungsbeiträge","3","3","30","303","1354.35"
"494","Gals","2009","[8] VOLKSWIRTSCHAFT","","","8","","","[3] Aufwand","[3] AUFWAND","[30] Personalaufwand","[303] Sozialversicherungsbeiträge","3","3","30","303","405.50"
"494","Gals","2009","[6] VERKEHR","","","6","","","[3] Aufwand","[3] AUFWAND","[30] Personalaufwand","[305] Unfall- und Krankenversicherungsbeiträge","3","3","30","305","1512.70"
"494","Gals","2009","[2] BILDUNG","","","2","","","[3] Aufwand","[3] AUFWAND","[30] Personalaufwand","[309] Uebriger Personalaufwand","3","3","30","309","959.80"
"494","Gals","2009","[0] ALLGEMEINE VERWALTUNG","","","0","","","[3] Aufwand","[3] AUFWAND","[31] Sachaufwand","[311] Anschaffung Mobilien, Maschinen, Fahrzeuge","3","3","31","311","15686.50"
"494","Gals","2009","[6] VERKEHR","","","6","","","[3] Aufwand","[3] AUFWAND","[31] Sachaufwand","[311] Anschaffung Mobilien, Maschinen, Fahrzeuge","3","3","31","311","7000.00"
"494","Gals","2009","[2] BILDUNG","","","2","","","[3] Aufwand","[3] AUFWAND","[31] Sachaufwand","[312] Wasser, Energie, Heizmaterialien","3","3","31","312","14386.70"
"494","Gals","2009","[7] UMWELT UND RAUMORDNUNG","","","7","","","[3] Aufwand","[3] AUFWAND","[31] Sachaufwand","[312] Wasser, Energie, Heizmaterialien","3","3","31","312","112.10"
"494","Gals","2009","[6] VERKEHR","","","6","","","[3] Aufwand","[3] AUFWAND","[31] Sachaufwand","[313] Verbrauchsmaterialien","3","3","31","313","9175.00"
"494","Gals","2009","[0] ALLGEMEINE VERWALTUNG","","","0","","","[3] Aufwand","[3] AUFWAND","[31] Sachaufwand","[314] Dienstleistungen Dritter für den baulichen Unterhalt","3","3","31","314","1860.55"
"494","Gals","2009","[2] BILDUNG","","","2","","","[3] Aufwand","[3] AUFWAND","[31] Sachaufwand","[314] Dienstleistungen Dritter für den baulichen Unterhalt","3","3","31","314","8234.70"
"494","Gals","2009","[3] KULTUR UND FREIZEIT","","","3","","","[3] Aufwand","[3] AUFWAND","[31] Sachaufwand","[314] Dienstleistungen Dritter für den baulichen Unterhalt","3","3","31","314","3511.95"
"494","Gals","2009","[8] VOLKSWIRTSCHAFT","","","8","","","[3] Aufwand","[3] AUFWAND","[31] Sachaufwand","[314] Dienstleistungen Dritter für den baulichen Unterhalt","3","3","31","314","18318.10"
"494","Gals","2009","[2] BILDUNG","","","2","","","[3] Aufwand","[3] AUFWAND","[31] Sachaufwand","[315] Dienstleistungen Dritter für den übrigen Unterhalt","3","3","31","315","536.85"
"494","Gals","2009","[6] VERKEHR","","","6","","","[3] Aufwand","[3] AUFWAND","[31] Sachaufwand","[316] Mieten, Pachten, Benützungskosten","3","3","31","316","1000.00"
"494","Gals","2009","[0] ALLGEMEINE VERWALTUNG","","","0","","","[3] Aufwand","[3] AUFWAND","[31] Sachaufwand","[317] Spesenentschädigungen","3","3","31","317","5247.95"
"494","Gals","2009","[2] BILDUNG","","","2","","","[3] Aufwand","[3] AUFWAND","[31] Sachaufwand","[317] Spesenentschädigungen","3","3","31","317","4263.35"
"494","Gals","2009","[1] OEFFENTLICHE SICHERHEIT","","","1","","","[3] Aufwand","[3] AUFWAND","[31] Sachaufwand","[318] Dienstleistungen und Honorare, allg. Verwaltungsaufwand","3","3","31","318","47122.85"
"494","Gals","2009","[4] GESUNDHEIT","","","4","","","[3] Aufwand","[3] AUFWAND","[31] Sachaufwand","[318] Dienstleistungen und Honorare, allg. Verwaltungsaufwand","3","3","31","318","1415.20"
"494","Gals","2009","[6] VERKEHR","","","6","","","[3] Aufwand","[3] AUFWAND","[31] Sachaufwand","[318] Dienstleistungen und Honorare, allg. Verwaltungsaufwand","3","3","31","318","1375.05"
"494","Gals","2009","[9] FINANZEN UND STEUERN","","","9","","","[3] Aufwand","[3] AUFWAND","[31] Sachaufwand","[318] Dienstleistungen und Honorare, allg. Verwaltungsaufwand","3","3","31","318","3365.40"
"494","Gals","2009","[8] VOLKSWIRTSCHAFT","","","8","","","[3] Aufwand","[3] AUFWAND","[31] Sachaufwand","[319] Uebriger Sachaufwand","3","3","31","319","256.50"
"494","Gals","2009","[9] FINANZEN UND STEUERN","","","9","","","[3] Aufwand","[3] AUFWAND","[32] Passivzinsen","[321] Kurzfristige Schulden","3","3","32","321","4507.65"
"494","Gals","2009","[7] UMWELT UND RAUMORDNUNG","","","7","","","[3] Aufwand","[3] AUFWAND","[33] Abschreibungen","[331] Verwaltungsvermögen - harmonisierte Abschreibungen","3","3","33","331","42843.00"
"494","Gals","2009","[9] FINANZEN UND STEUERN","","","9","","","[3] Aufwand","[3] AUFWAND","[33] Abschreibungen","[331] Verwaltungsvermögen - harmonisierte Abschreibungen","3","3","33","331","29253.70"
"494","Gals","2009","[0] ALLGEMEINE VERWALTUNG","","","0","","","[3] Aufwand","[3] AUFWAND","[35] Entschädigungen an Gemeinwesen","[351] Kanton","3","3","35","351","9240.00"
"494","Gals","2009","[2] BILDUNG","","","2","","","[3] Aufwand","[3] AUFWAND","[35] Entschädigungen an Gemeinwesen","[351] Kanton","3","3","35","351","257273.25"
"494","Gals","2009","[5] SOZIALE WOHLFAHRT","","","5","","","[3] Aufwand","[3] AUFWAND","[35] Entschädigungen an Gemeinwesen","[351] Kanton","3","3","35","351","268926.35"
"494","Gals","2009","[2] BILDUNG","","","2","","","[3] Aufwand","[3] AUFWAND","[35] Entschädigungen an Gemeinwesen","[352] Gemeinden","3","3","35","352","26439.95"
"494","Gals","2009","[7] UMWELT UND RAUMORDNUNG","","","7","","","[3] Aufwand","[3] AUFWAND","[35] Entschädigungen an Gemeinwesen","[352] Gemeinden","3","3","35","352","4309.60"
"494","Gals","2009","[6] VERKEHR","","","6","","","[3] Aufwand","[3] AUFWAND","[36] Eigene Beiträge","[361] Kanton","3","3","36","361","48719.75"
"494","Gals","2009","[9] FINANZEN UND STEUERN","","","9","","","[3] Aufwand","[3] AUFWAND","[36] Eigene Beiträge","[361] Kanton","3","3","36","361","11586.00"
"494","Gals","2009","[2] BILDUNG","","","2","","","[3] Aufwand","[3] AUFWAND","[36] Eigene Beiträge","[362] Gemeinden","3","3","36","362","112734.70"
"494","Gals","2009","[5] SOZIALE WOHLFAHRT","","","5","","","[3] Aufwand","[3] AUFWAND","[36] Eigene Beiträge","[362] Gemeinden","3","3","36","362","19503.40"
"494","Gals","2009","[7] UMWELT UND RAUMORDNUNG","","","7","","","[3] Aufwand","[3] AUFWAND","[36] Eigene Beiträge","[362] Gemeinden","3","3","36","362","262824.15"
"494","Gals","2009","[8] VOLKSWIRTSCHAFT","","","8","","","[3] Aufwand","[3] AUFWAND","[36] Eigene Beiträge","[362] Gemeinden","3","3","36","362","871.95"
"494","Gals","2009","[5] SOZIALE WOHLFAHRT","","","5","","","[3] Aufwand","[3] AUFWAND","[36] Eigene Beiträge","[365] Private Institutionen","3","3","36","365","2199.25"
"494","Gals","2009","[7] UMWELT UND RAUMORDNUNG","","","7","","","[3] Aufwand","[3] AUFWAND","[36] Eigene Beiträge","[365] Private Institutionen","3","3","36","365","4493.00"
"494","Gals","2009","[3] KULTUR UND FREIZEIT","","","3","","","[3] Aufwand","[3] AUFWAND","[36] Eigene Beiträge","[366] Private Haushalte","3","3","36","366","5867.40"
"494","Gals","2009","[3] KULTUR UND FREIZEIT","","","3","","","[3] Aufwand","[3] AUFWAND","[38] Einlagen in Spezialfinanzierungen","[380] Einlagen in Spezialfinanzierungen","3","3","38","380","18587.92"
"494","Gals","2009","[0] ALLGEMEINE VERWALTUNG","","","0","","","[3] Aufwand","[3] AUFWAND","[39] Interne Verrechnungen","[390] Verrechneter Aufwand","3","3","39","390","3000.00"
"494","Gals","2009","[3] KULTUR UND FREIZEIT","","","3","","","[3] Aufwand","[3] AUFWAND","[39] Interne Verrechnungen","[390] Verrechneter Aufwand","3","3","39","390","3000.00"
"494","Gals","2009","[6] VERKEHR","","","6","","","[3] Aufwand","[3] AUFWAND","[39] Interne Verrechnungen","[390] Verrechneter Aufwand","3","3","39","390","3000.00"
"494","Gals","2009","[9] FINANZEN UND STEUERN","","","9","","","[3] Aufwand","[3] AUFWAND","[39] Interne Verrechnungen","[390] Verrechneter Aufwand","3","3","39","390","7000.00"
"494","Gals","2009","[7] UMWELT UND RAUMORDNUNG","","","7","","","[3] Aufwand","[3] AUFWAND","[39] Interne Verrechnungen","[391] Verrechnete Zinsen","3","3","39","391","20857.25"
"494","Gals","2009","[9] FINANZEN UND STEUERN","","","9","","","[4] Ertrag","[4] ERTRAG","[40] Steuern","[400] Einkommens- und Vermögenssteuern","4","4","40","400","1151313.10"
"494","Gals","2009","[9] FINANZEN UND STEUERN","","","9","","","[4] Ertrag","[4] ERTRAG","[40] Steuern","[403] Vermögensgewinnsteuern","4","4","40","403","34518.65"
"494","Gals","2009","[9] FINANZEN UND STEUERN","","","9","","","[4] Ertrag","[4] ERTRAG","[40] Steuern","[406] Besitz- und Aufwandsteuern","4","4","40","406","5000.00"
"494","Gals","2009","[9] FINANZEN UND STEUERN","","","9","","","[4] Ertrag","[4] ERTRAG","[42] Vermögenserträge","[421] Flüssige Mittel und Guthaben","4","4","42","421","11220.55"
"494","Gals","2009","[0] ALLGEMEINE VERWALTUNG","","","0","","","[4] Ertrag","[4] ERTRAG","[42] Vermögenserträge","[427] Liegenschaften des Verwaltungsvermögens","4","4","42","427","17000.00"
"494","Gals","2009","[3] KULTUR UND FREIZEIT","","","3","","","[4] Ertrag","[4] ERTRAG","[42] Vermögenserträge","[427] Liegenschaften des Verwaltungsvermögens","4","4","42","427","5800.00"
"494","Gals","2009","[7] UMWELT UND RAUMORDNUNG","","","7","","","[4] Ertrag","[4] ERTRAG","[42] Vermögenserträge","[428] Einnahmeüberschuss der Investitionsrechnung","4","4","42","428","56930.10"
"494","Gals","2009","[7] UMWELT UND RAUMORDNUNG","","","7","","","[4] Ertrag","[4] ERTRAG","[43] Entgelte","[431] Gebühren für Amtshandlungen","4","4","43","431","4605.80"
"494","Gals","2009","[7] UMWELT UND RAUMORDNUNG","","","7","","","[4] Ertrag","[4] ERTRAG","[43] Entgelte","[434] Andere Benützungsgebühren und Dienstleistungen","4","4","43","434","291030.65"
"494","Gals","2009","[0] ALLGEMEINE VERWALTUNG","","","0","","","[4] Ertrag","[4] ERTRAG","[43] Entgelte","[435] Uebrige Verkaufserlöse","4","4","43","435","5.00"
"494","Gals","2009","[3] KULTUR UND FREIZEIT","","","3","","","[4] Ertrag","[4] ERTRAG","[43] Entgelte","[435] Uebrige Verkaufserlöse","4","4","43","435","46563.07"
"494","Gals","2009","[8] VOLKSWIRTSCHAFT","","","8","","","[4] Ertrag","[4] ERTRAG","[43] Entgelte","[435] Uebrige Verkaufserlöse","4","4","43","435","17566.00"
"494","Gals","2009","[0] ALLGEMEINE VERWALTUNG","","","0","","","[4] Ertrag","[4] ERTRAG","[43] Entgelte","[436] Rückerstattungen","4","4","43","436","17994.40"
"494","Gals","2009","[7] UMWELT UND RAUMORDNUNG","","","7","","","[4] Ertrag","[4] ERTRAG","[43] Entgelte","[436] Rückerstattungen","4","4","43","436","78952.65"
"494","Gals","2009","[8] VOLKSWIRTSCHAFT","","","8","","","[4] Ertrag","[4] ERTRAG","[43] Entgelte","[436] Rückerstattungen","4","4","43","436","338.20"
"494","Gals","2009","[0] ALLGEMEINE VERWALTUNG","","","0","","","[4] Ertrag","[4] ERTRAG","[45] Rückerstattungen von Gemeinwesen","[451] Kanton","4","4","45","451","670.00"
"494","Gals","2009","[6] VERKEHR","","","6","","","[4] Ertrag","[4] ERTRAG","[45] Rückerstattungen von Gemeinwesen","[451] Kanton","4","4","45","451","51365.60"
"494","Gals","2009","[1] OEFFENTLICHE SICHERHEIT","","","1","","","[4] Ertrag","[4] ERTRAG","[46] Beiträge","[461] Kanton","4","4","46","461","700.00"
"494","Gals","2009","[9] FINANZEN UND STEUERN","","","9","","","[4] Ertrag","[4] ERTRAG","[46] Beiträge","[469] Uebrige Beiträge für eigene Rechnung","4","4","46","469","120000.00"
"494","Gals","2009","[7] UMWELT UND RAUMORDNUNG","","","7","","","[4] Ertrag","[4] ERTRAG","[49] Interne Verrechnungen","[490] Verrechneter Aufwand","4","4","49","490","2498.90"
"494","Gals","2009","[3] KULTUR UND FREIZEIT","","","3","","","[4] Ertrag","[4] ERTRAG","[49] Interne Verrechnungen","[491] Verrechnete Zinsen","4","4","49","491","4454.65"
"494","Gals","2009","[3] KULTUR UND FREIZEIT","","","3","","","[5] Ausgaben","[5] Ausgaben","[50] Sachgüter","[501] Tiefbauten","5","5","50","501","924.70"
"494","Gals","2009","[6] VERKEHR","","","6","","","[5] Ausgaben","[5] Ausgaben","[50] Sachgüter","[501] Tiefbauten","5","5","50","501","189436.75"
"494","Gals","2009","[9] FINANZEN UND STEUERN","","","9","","","[5] Ausgaben","[5] Ausgaben","[50] Sachgüter","[501] Tiefbauten","5","5","50","501","49123.30"
"494","Gals","2009","[3] KULTUR UND FREIZEIT","","","3","","","[6] Einnahmen","[6] Einnahmen","[61] Nutzungsabgaben und Vorteilsentgelte","[610] Beiträge Dritter für eigene Rechnung","6","6","61","610","3900.00"
"494","Gals","2009","[6] VERKEHR","","","6","","","[6] Einnahmen","[6] Einnahmen","[61] Nutzungsabgaben und Vorteilsentgelte","[610] Beiträge Dritter für eigene Rechnung","6","6","61","610","43443.50"
"494","Gals","2010","[2] BILDUNG","","","2","","","[3] Aufwand","[3] AUFWAND","[30] Personalaufwand","[300] Personalaufwand der Behörden und Kommissionen","3","3","30","300","4210.00"
"494","Gals","2010","[1] OEFFENTLICHE SICHERHEIT","","","1","","","[3] Aufwand","[3] AUFWAND","[30] Personalaufwand","[301] Löhne des Verwaltungs- + Betriebspersonals","3","3","30","301","9821.05"
"494","Gals","2010","[3] KULTUR UND FREIZEIT","","","3","","","[3] Aufwand","[3] AUFWAND","[30] Personalaufwand","[301] Löhne des Verwaltungs- + Betriebspersonals","3","3","30","301","4666.80"
"494","Gals","2010","[6] VERKEHR","","","6","","","[3] Aufwand","[3] AUFWAND","[30] Personalaufwand","[301] Löhne des Verwaltungs- + Betriebspersonals","3","3","30","301","28440.10"
"494","Gals","2010","[9] FINANZEN UND STEUERN","","","9","","","[3] Aufwand","[3] AUFWAND","[30] Personalaufwand","[301] Löhne des Verwaltungs- + Betriebspersonals","3","3","30","301","5770.85"
"494","Gals","2010","[1] OEFFENTLICHE SICHERHEIT","","","1","","","[3] Aufwand","[3] AUFWAND","[30] Personalaufwand","[303] Sozialversicherungsbeiträge","3","3","30","303","727.65"
"494","Gals","2010","[2] BILDUNG","","","2","","","[3] Aufwand","[3] AUFWAND","[30] Personalaufwand","[303] Sozialversicherungsbeiträge","3","3","30","303","2710.40"
"494","Gals","2010","[7] UMWELT UND RAUMORDNUNG","","","7","","","[3] Aufwand","[3] AUFWAND","[30] Personalaufwand","[303] Sozialversicherungsbeiträge","3","3","30","303","2285.15"
"494","Gals","2010","[9] FINANZEN UND STEUERN","","","9","","","[3] Aufwand","[3] AUFWAND","[30] Personalaufwand","[303] Sozialversicherungsbeiträge","3","3","30","303","268.30"
"494","Gals","2010","[0] ALLGEMEINE VERWALTUNG","","","0","","","[3] Aufwand","[3] AUFWAND","[30] Personalaufwand","[304] Personalversicherungsbeiträge","3","3","30","304","17617.75"
"494","Gals","2010","[6] VERKEHR","","","6","","","[3] Aufwand","[3] AUFWAND","[30] Personalaufwand","[304] Personalversicherungsbeiträge","3","3","30","304","1913.70"
"494","Gals","2010","[0] ALLGEMEINE VERWALTUNG","","","0","","","[3] Aufwand","[3] AUFWAND","[30] Personalaufwand","[305] Unfall- und Krankenversicherungsbeiträge","3","3","30","305","6148.35"
"494","Gals","2010","[1] OEFFENTLICHE SICHERHEIT","","","1","","","[3] Aufwand","[3] AUFWAND","[30] Personalaufwand","[309] Uebriger Personalaufwand","3","3","30","309","91.00"
"494","Gals","2010","[0] ALLGEMEINE VERWALTUNG","","","0","","","[3] Aufwand","[3] AUFWAND","[31] Sachaufwand","[310] Büro- und Schulmaterialien, Drucksachen","3","3","31","310","5967.40"
"494","Gals","2010","[2] BILDUNG","","","2","","","[3] Aufwand","[3] AUFWAND","[31] Sachaufwand","[310] Büro- und Schulmaterialien, Drucksachen","3","3","31","310","35876.15"
"494","Gals","2010","[2] BILDUNG","","","2","","","[3] Aufwand","[3] AUFWAND","[31] Sachaufwand","[311] Anschaffung Mobilien, Maschinen, Fahrzeuge","3","3","31","311","6754.50"
"494","Gals","2010","[0] ALLGEMEINE VERWALTUNG","","","0","","","[3] Aufwand","[3] AUFWAND","[31] Sachaufwand","[312] Wasser, Energie, Heizmaterialien","3","3","31","312","19174.20"
"494","Gals","2010","[1] OEFFENTLICHE SICHERHEIT","","","1","","","[3] Aufwand","[3] AUFWAND","[31] Sachaufwand","[312] Wasser, Energie, Heizmaterialien","3","3","31","312","2640.35"
"494","Gals","2010","[3] KULTUR UND FREIZEIT","","","3","","","[3] Aufwand","[3] AUFWAND","[31] Sachaufwand","[312] Wasser, Energie, Heizmaterialien","3","3","31","312","879.20"
"494","Gals","2010","[6] VERKEHR","","","6","","","[3] Aufwand","[3] AUFWAND","[31] Sachaufwand","[312] Wasser, Energie, Heizmaterialien","3","3","31","312","22340.90"
"494","Gals","2010","[0] ALLGEMEINE VERWALTUNG","","","0","","","[3] Aufwand","[3] AUFWAND","[31] Sachaufwand","[313] Verbrauchsmaterialien","3","3","31","313","1666.25"
"494","Gals","2010","[2] BILDUNG","","","2","","","[3] Aufwand","[3] AUFWAND","[31] Sachaufwand","[313] Verbrauchsmaterialien","3","3","31","313","1615.50"
"494","Gals","2010","[7] UMWELT UND RAUMORDNUNG","","","7","","","[3] Aufwand","[3] AUFWAND","[31] Sachaufwand","[313] Verbrauchsmaterialien","3","3","31","313","3228.00"
"494","Gals","2010","[8] VOLKSWIRTSCHAFT","","","8","","","[3] Aufwand","[3] AUFWAND","[31] Sachaufwand","[313] Verbrauchsmaterialien","3","3","31","313","503.80"
"494","Gals","2010","[6] VERKEHR","","","6","","","[3] Aufwand","[3] AUFWAND","[31] Sachaufwand","[314] Dienstleistungen Dritter für den baulichen Unterhalt","3","3","31","314","33608.05"
"494","Gals","2010","[7] UMWELT UND RAUMORDNUNG","","","7","","","[3] Aufwand","[3] AUFWAND","[31] Sachaufwand","[314] Dienstleistungen Dritter für den baulichen Unterhalt","3","3","31","314","35319.60"
"494","Gals","2010","[9] FINANZEN UND STEUERN","","","9","","","[3] Aufwand","[3] AUFWAND","[31] Sachaufwand","[314] Dienstleistungen Dritter für den baulichen Unterhalt","3","3","31","314","618.95"
"494","Gals","2010","[0] ALLGEMEINE VERWALTUNG","","","0","","","[3] Aufwand","[3] AUFWAND","[31] Sachaufwand","[315] Dienstleistungen Dritter für den übrigen Unterhalt","3","3","31","315","9650.15"
"494","Gals","2010","[6] VERKEHR","","","6","","","[3] Aufwand","[3] AUFWAND","[31] Sachaufwand","[315] Dienstleistungen Dritter für den übrigen Unterhalt","3","3","31","315","700.00"
"494","Gals","2010","[0] ALLGEMEINE VERWALTUNG","","","0","","","[3] Aufwand","[3] AUFWAND","[31] Sachaufwand","[318] Dienstleistungen und Honorare, allg. Verwaltungsaufwand","3","3","31","318","113889.90"
"494","Gals","2010","[2] BILDUNG","","","2","","","[3] Aufwand","[3] AUFWAND","[31] Sachaufwand","[318] Dienstleistungen und Honorare, allg. Verwaltungsaufwand","3","3","31","318","7493.60"
"494","Gals","2010","[3] KULTUR UND FREIZEIT","","","3","","","[3] Aufwand","[3] AUFWAND","[31] Sachaufwand","[318] Dienstleistungen und Honorare, allg. Verwaltungsaufwand","3","3","31","318","9310.15"
"494","Gals","2010","[7] UMWELT UND RAUMORDNUNG","","","7","","","[3] Aufwand","[3] AUFWAND","[31] Sachaufwand","[318] Dienstleistungen und Honorare, allg. Verwaltungsaufwand","3","3","31","318","66640.25"
"494","Gals","2010","[8] VOLKSWIRTSCHAFT","","","8","","","[3] Aufwand","[3] AUFWAND","[31] Sachaufwand","[318] Dienstleistungen und Honorare, allg. Verwaltungsaufwand","3","3","31","318","250.00"
"494","Gals","2010","[9] FINANZEN UND STEUERN","","","9","","","[3] Aufwand","[3] AUFWAND","[32] Passivzinsen","[322] Mittel- und langfirstige Schulden","3","3","32","322","54605.95"
"494","Gals","2010","[1] OEFFENTLICHE SICHERHEIT","","","1","","","[3] Aufwand","[3] AUFWAND","[33] Abschreibungen","[330] Finanzvermögen","3","3","33","330","374.55"
"494","Gals","2010","[9] FINANZEN UND STEUERN","","","9","","","[3] Aufwand","[3] AUFWAND","[33] Abschreibungen","[330] Finanzvermögen","3","3","33","330","111375.55"
"494","Gals","2010","[9] FINANZEN UND STEUERN","","","9","","","[3] Aufwand","[3] AUFWAND","[33] Abschreibungen","[332] Verwaltungsvermögen - übrige Abschreibungen","3","3","33","332","245975.50"
"494","Gals","2010","[3] KULTUR UND FREIZEIT","","","3","","","[3] Aufwand","[3] AUFWAND","[35] Entschädigungen an Gemeinwesen","[352] Gemeinden","3","3","35","352","44753.30"
"494","Gals","2010","[2] BILDUNG","","","2","","","[3] Aufwand","[3] AUFWAND","[36] Eigene Beiträge","[361] Kanton","3","3","36","361","7615.40"
"494","Gals","2010","[5] SOZIALE WOHLFAHRT","","","5","","","[3] Aufwand","[3] AUFWAND","[36] Eigene Beiträge","[361] Kanton","3","3","36","361","145644.00"
"494","Gals","2010","[7] UMWELT UND RAUMORDNUNG","","","7","","","[3] Aufwand","[3] AUFWAND","[36] Eigene Beiträge","[361] Kanton","3","3","36","361","45853.00"
"494","Gals","2010","[1] OEFFENTLICHE SICHERHEIT","","","1","","","[3] Aufwand","[3] AUFWAND","[36] Eigene Beiträge","[362] Gemeinden","3","3","36","362","44464.60"
"494","Gals","2010","[0] ALLGEMEINE VERWALTUNG","","","0","","","[3] Aufwand","[3] AUFWAND","[36] Eigene Beiträge","[365] Private Institutionen","3","3","36","365","2981.00"
"494","Gals","2010","[1] OEFFENTLICHE SICHERHEIT","","","1","","","[3] Aufwand","[3] AUFWAND","[36] Eigene Beiträge","[365] Private Institutionen","3","3","36","365","5917.75"
"494","Gals","2010","[3] KULTUR UND FREIZEIT","","","3","","","[3] Aufwand","[3] AUFWAND","[36] Eigene Beiträge","[365] Private Institutionen","3","3","36","365","5744.00"
"494","Gals","2010","[8] VOLKSWIRTSCHAFT","","","8","","","[3] Aufwand","[3] AUFWAND","[36] Eigene Beiträge","[365] Private Institutionen","3","3","36","365","5085.65"
"494","Gals","2010","[1] OEFFENTLICHE SICHERHEIT","","","1","","","[3] Aufwand","[3] AUFWAND","[38] Einlagen in Spezialfinanzierungen","[380] Einlagen in Spezialfinanzierungen","3","3","38","380","6534.00"
"494","Gals","2010","[7] UMWELT UND RAUMORDNUNG","","","7","","","[3] Aufwand","[3] AUFWAND","[38] Einlagen in Spezialfinanzierungen","[380] Einlagen in Spezialfinanzierungen","3","3","38","380","83168.10"
"494","Gals","2010","[2] BILDUNG","","","2","","","[3] Aufwand","[3] AUFWAND","[39] Interne Verrechnungen","[390] Verrechneter Aufwand","3","3","39","390","3000.00"
"494","Gals","2010","[5] SOZIALE WOHLFAHRT","","","5","","","[3] Aufwand","[3] AUFWAND","[39] Interne Verrechnungen","[390] Verrechneter Aufwand","3","3","39","390","10000.00"
"494","Gals","2010","[7] UMWELT UND RAUMORDNUNG","","","7","","","[3] Aufwand","[3] AUFWAND","[39] Interne Verrechnungen","[390] Verrechneter Aufwand","3","3","39","390","8393.90"
"494","Gals","2010","[3] KULTUR UND FREIZEIT","","","3","","","[3] Aufwand","[3] AUFWAND","[39] Interne Verrechnungen","[392] Verrechnete Abschreibungen","3","3","39","392","79.20"
"494","Gals","2010","[9] FINANZEN UND STEUERN","","","9","","","[4] Ertrag","[4] ERTRAG","[40] Steuern","[401] Gewinn- und Kapitalsteuern","4","4","40","401","25267.65"
"494","Gals","2010","[9] FINANZEN UND STEUERN","","","9","","","[4] Ertrag","[4] ERTRAG","[40] Steuern","[402] Liegenschaftssteuern","4","4","40","402","142817.45"
"494","Gals","2010","[8] VOLKSWIRTSCHAFT","","","8","","","[4] Ertrag","[4] ERTRAG","[41] Regalien und Konzessionen","[410] Erträge aus Regalien und Konzessionen","4","4","41","410","28525.00"
"494","Gals","2010","[9] FINANZEN UND STEUERN","","","9","","","[4] Ertrag","[4] ERTRAG","[42] Vermögenserträge","[422] Anlagen des Finanzvermögens","4","4","42","422","2030.00"
"494","Gals","2010","[9] FINANZEN UND STEUERN","","","9","","","[4] Ertrag","[4] ERTRAG","[42] Vermögenserträge","[423] Liegenschaften des Finanzvermögens","4","4","42","423","99473.65"
"494","Gals","2010","[2] BILDUNG","","","2","","","[4] Ertrag","[4] ERTRAG","[42] Vermögenserträge","[427] Liegenschaften des Verwaltungsvermögens","4","4","42","427","13200.00"
"494","Gals","2010","[1] OEFFENTLICHE SICHERHEIT","","","1","","","[4] Ertrag","[4] ERTRAG","[43] Entgelte","[430] Ersatzabgaben","4","4","43","430","50331.35"
"494","Gals","2010","[0] ALLGEMEINE VERWALTUNG","","","0","","","[4] Ertrag","[4] ERTRAG","[43] Entgelte","[431] Gebühren für Amtshandlungen","4","4","43","431","64.00"
"494","Gals","2010","[1] OEFFENTLICHE SICHERHEIT","","","1","","","[4] Ertrag","[4] ERTRAG","[43] Entgelte","[431] Gebühren für Amtshandlungen","4","4","43","431","40609.43"
"494","Gals","2010","[6] VERKEHR","","","6","","","[4] Ertrag","[4] ERTRAG","[43] Entgelte","[431] Gebühren für Amtshandlungen","4","4","43","431","534.00"
"494","Gals","2010","[6] VERKEHR","","","6","","","[4] Ertrag","[4] ERTRAG","[43] Entgelte","[434] Andere Benützungsgebühren und Dienstleistungen","4","4","43","434","6374.00"
"494","Gals","2010","[7] UMWELT UND RAUMORDNUNG","","","7","","","[4] Ertrag","[4] ERTRAG","[43] Entgelte","[435] Uebrige Verkaufserlöse","4","4","43","435","117905.45"
"494","Gals","2010","[6] VERKEHR","","","6","","","[4] Ertrag","[4] ERTRAG","[43] Entgelte","[436] Rückerstattungen","4","4","43","436","29108.00"
"494","Gals","2010","[9] FINANZEN UND STEUERN","","","9","","","[4] Ertrag","[4] ERTRAG","[44] Anteile und Beiträge ohne Zweckbindungen","[441] Anteile an Kantonseinnahmen","4","4","44","441","6765.60"
"494","Gals","2010","[9] FINANZEN UND STEUERN","","","9","","","[4] Ertrag","[4] ERTRAG","[44] Anteile und Beiträge ohne Zweckbindungen","[444] Leistungen aus dem Finanzausgleich","4","4","44","444","125561.00"
"494","Gals","2010","[2] BILDUNG","","","2","","","[4] Ertrag","[4] ERTRAG","[45] Rückerstattungen von Gemeinwesen","[451] Kanton","4","4","45","451","11853.25"
"494","Gals","2010","[3] KULTUR UND FREIZEIT","","","3","","","[4] Ertrag","[4] ERTRAG","[45] Rückerstattungen von Gemeinwesen","[452] Gemeinden","4","4","45","452","4576.65"
"494","Gals","2010","[7] UMWELT UND RAUMORDNUNG","","","7","","","[4] Ertrag","[4] ERTRAG","[48] Entnahmen aus Spezialfinanzierungen","[480] Entnahmen aus Spezialfinanzierungen","4","4","48","480","158322.35"
"494","Gals","2010","[0] ALLGEMEINE VERWALTUNG","","","0","","","[4] Ertrag","[4] ERTRAG","[49] Interne Verrechnungen","[490] Verrechneter Aufwand","4","4","49","490","35000.00"
"494","Gals","2010","[9] FINANZEN UND STEUERN","","","9","","","[4] Ertrag","[4] ERTRAG","[49] Interne Verrechnungen","[491] Verrechnete Zinsen","4","4","49","491","17172.25"
"494","Gals","2010","[9] FINANZEN UND STEUERN","","","9","","","[4] Ertrag","[4] ERTRAG","[49] Interne Verrechnungen","[492] Verrechnete Abschreibungen","4","4","49","492","79.20"
"494","Gals","2010","[3] KULTUR UND FREIZEIT","","","3","","","[4] Ertrag","[4] ERTRAG","[49] Interne Verrechnungen","[495] Verrechneter Ertrag","4","4","49","495","4826.70"
"494","Gals","2010","[7] UMWELT UND RAUMORDNUNG","","","7","","","[5] Ausgaben","[5] Ausgaben","[50] Sachgüter","[501] Tiefbauten","5","5","50","501","68752.45"
"494","Gals","2010","[9] FINANZEN UND STEUERN","","","9","","","[5] Ausgaben","[5] Ausgaben","[59] Passivierungen","[590] Passivierte Einnahmen","5","5","59","590","9748.70"
"494","Gals","2010","[9] FINANZEN UND STEUERN","","","9","","","[6] Einnahmen","[6] Einnahmen","[66] Beiträge für eigene Rechnung","[669] Uebrige Beiträge für eigene Rechnung","6","6","66","669","1000.00"
"494","Gals","2010","[9] FINANZEN UND STEUERN","","","9","","","[6] Einnahmen","[6] Einnahmen","[69] Aktivierungen","[690] Aktivierte Ausgaben","6","6","69","690","188526.40"
"494","Gals","2006","[2] BILDUNG","","","2","","","[3] Aufwand","[3] AUFWAND","[30] Personalaufwand","[300] Personalaufwand der Behörden und Kommissionen","3","3","30","300","3800.00"
"494","Gals","2006","[0] ALLGEMEINE VERWALTUNG","","","0","","","[3] Aufwand","[3] AUFWAND","[30] Personalaufwand","[301] Löhne des Verwaltungs- + Betriebspersonals","3","3","30","301","196869.60"
"494","Gals","2006","[1] OEFFENTLICHE SICHERHEIT","","","1","","","[3] Aufwand","[3] AUFWAND","[30] Personalaufwand","[301] Löhne des Verwaltungs- + Betriebspersonals","3","3","30","301","9016.75"
"494","Gals","2006","[3] KULTUR UND FREIZEIT","","","3","","","[3] Aufwand","[3] AUFWAND","[30] Personalaufwand","[301] Löhne des Verwaltungs- + Betriebspersonals","3","3","30","301","4000.00"
"494","Gals","2006","[6] VERKEHR","","","6","","","[3] Aufwand","[3] AUFWAND","[30] Personalaufwand","[301] Löhne des Verwaltungs- + Betriebspersonals","3","3","30","301","13620.65"
"494","Gals","2006","[8] VOLKSWIRTSCHAFT","","","8","","","[3] Aufwand","[3] AUFWAND","[30] Personalaufwand","[301] Löhne des Verwaltungs- + Betriebspersonals","3","3","30","301","4448.30"
"494","Gals","2006","[9] FINANZEN UND STEUERN","","","9","","","[3] Aufwand","[3] AUFWAND","[30] Personalaufwand","[301] Löhne des Verwaltungs- + Betriebspersonals","3","3","30","301","3894.05"
"494","Gals","2006","[1] OEFFENTLICHE SICHERHEIT","","","1","","","[3] Aufwand","[3] AUFWAND","[30] Personalaufwand","[303] Sozialversicherungsbeiträge","3","3","30","303","574.20"
"494","Gals","2006","[4] GESUNDHEIT","","","4","","","[3] Aufwand","[3] AUFWAND","[30] Personalaufwand","[303] Sozialversicherungsbeiträge","3","3","30","303","64.30"
"494","Gals","2006","[6] VERKEHR","","","6","","","[3] Aufwand","[3] AUFWAND","[30] Personalaufwand","[303] Sozialversicherungsbeiträge","3","3","30","303","867.35"
"494","Gals","2006","[7] UMWELT UND RAUMORDNUNG","","","7","","","[3] Aufwand","[3] AUFWAND","[30] Personalaufwand","[303] Sozialversicherungsbeiträge","3","3","30","303","2125.50"
"494","Gals","2006","[9] FINANZEN UND STEUERN","","","9","","","[3] Aufwand","[3] AUFWAND","[30] Personalaufwand","[303] Sozialversicherungsbeiträge","3","3","30","303","248.00"
"494","Gals","2006","[0] ALLGEMEINE VERWALTUNG","","","0","","","[3] Aufwand","[3] AUFWAND","[30] Personalaufwand","[304] Personalversicherungsbeiträge","3","3","30","304","17846.95"
"494","Gals","2006","[6] VERKEHR","","","6","","","[3] Aufwand","[3] AUFWAND","[30] Personalaufwand","[304] Personalversicherungsbeiträge","3","3","30","304","2319.40"
"494","Gals","2006","[2] BILDUNG","","","2","","","[3] Aufwand","[3] AUFWAND","[30] Personalaufwand","[305] Unfall- und Krankenversicherungsbeiträge","3","3","30","305","218.00"
"494","Gals","2006","[0] ALLGEMEINE VERWALTUNG","","","0","","","[3] Aufwand","[3] AUFWAND","[31] Sachaufwand","[310] Büro- und Schulmaterialien, Drucksachen","3","3","31","310","10256.95"
"494","Gals","2006","[2] BILDUNG","","","2","","","[3] Aufwand","[3] AUFWAND","[31] Sachaufwand","[310] Büro- und Schulmaterialien, Drucksachen","3","3","31","310","19468.55"
"494","Gals","2006","[7] UMWELT UND RAUMORDNUNG","","","7","","","[3] Aufwand","[3] AUFWAND","[31] Sachaufwand","[310] Büro- und Schulmaterialien, Drucksachen","3","3","31","310","533.05"
"494","Gals","2006","[6] VERKEHR","","","6","","","[3] Aufwand","[3] AUFWAND","[31] Sachaufwand","[311] Anschaffung Mobilien, Maschinen, Fahrzeuge","3","3","31","311","2003.70"
"494","Gals","2006","[7] UMWELT UND RAUMORDNUNG","","","7","","","[3] Aufwand","[3] AUFWAND","[31] Sachaufwand","[311] Anschaffung Mobilien, Maschinen, Fahrzeuge","3","3","31","311","684.00"
"494","Gals","2006","[0] ALLGEMEINE VERWALTUNG","","","0","","","[3] Aufwand","[3] AUFWAND","[31] Sachaufwand","[312] Wasser, Energie, Heizmaterialien","3","3","31","312","22770.70"
"494","Gals","2006","[3] KULTUR UND FREIZEIT","","","3","","","[3] Aufwand","[3] AUFWAND","[31] Sachaufwand","[312] Wasser, Energie, Heizmaterialien","3","3","31","312","1641.50"
"494","Gals","2006","[6] VERKEHR","","","6","","","[3] Aufwand","[3] AUFWAND","[31] Sachaufwand","[312] Wasser, Energie, Heizmaterialien","3","3","31","312","11790.75"
"494","Gals","2006","[2] BILDUNG","","","2","","","[3] Aufwand","[3] AUFWAND","[31] Sachaufwand","[313] Verbrauchsmaterialien","3","3","31","313","2139.95"
"494","Gals","2006","[3] KULTUR UND FREIZEIT","","","3","","","[3] Aufwand","[3] AUFWAND","[31] Sachaufwand","[314] Dienstleistungen Dritter für den baulichen Unterhalt","3","3","31","314","5029.20"
"494","Gals","2006","[6] VERKEHR","","","6","","","[3] Aufwand","[3] AUFWAND","[31] Sachaufwand","[314] Dienstleistungen Dritter für den baulichen Unterhalt","3","3","31","314","12865.70"
"494","Gals","2006","[9] FINANZEN UND STEUERN","","","9","","","[3] Aufwand","[3] AUFWAND","[31] Sachaufwand","[314] Dienstleistungen Dritter für den baulichen Unterhalt","3","3","31","314","1034.30"
"494","Gals","2006","[0] ALLGEMEINE VERWALTUNG","","","0","","","[3] Aufwand","[3] AUFWAND","[31] Sachaufwand","[315] Dienstleistungen Dritter für den übrigen Unterhalt","3","3","31","315","4140.10"
"494","Gals","2006","[2] BILDUNG","","","2","","","[3] Aufwand","[3] AUFWAND","[31] Sachaufwand","[315] Dienstleistungen Dritter für den übrigen Unterhalt","3","3","31","315","2316.15"
"494","Gals","2006","[0] ALLGEMEINE VERWALTUNG","","","0","","","[3] Aufwand","[3] AUFWAND","[31] Sachaufwand","[317] Spesenentschädigungen","3","3","31","317","5687.60"
"494","Gals","2006","[0] ALLGEMEINE VERWALTUNG","","","0","","","[3] Aufwand","[3] AUFWAND","[31] Sachaufwand","[318] Dienstleistungen und Honorare, allg. Verwaltungsaufwand","3","3","31","318","57895.10"
"494","Gals","2006","[2] BILDUNG","","","2","","","[3] Aufwand","[3] AUFWAND","[31] Sachaufwand","[318] Dienstleistungen und Honorare, allg. Verwaltungsaufwand","3","3","31","318","3357.40"
"494","Gals","2006","[7] UMWELT UND RAUMORDNUNG","","","7","","","[3] Aufwand","[3] AUFWAND","[31] Sachaufwand","[318] Dienstleistungen und Honorare, allg. Verwaltungsaufwand","3","3","31","318","53225.35"
"494","Gals","2006","[8] VOLKSWIRTSCHAFT","","","8","","","[3] Aufwand","[3] AUFWAND","[31] Sachaufwand","[318] Dienstleistungen und Honorare, allg. Verwaltungsaufwand","3","3","31","318","60.00"
"494","Gals","2006","[9] FINANZEN UND STEUERN","","","9","","","[3] Aufwand","[3] AUFWAND","[32] Passivzinsen","[322] Mittel- und langfirstige Schulden","3","3","32","322","94914.30"
"494","Gals","2006","[1] OEFFENTLICHE SICHERHEIT","","","1","","","[3] Aufwand","[3] AUFWAND","[33] Abschreibungen","[330] Finanzvermögen","3","3","33","330","1262.95"
"494","Gals","2006","[9] FINANZEN UND STEUERN","","","9","","","[3] Aufwand","[3] AUFWAND","[33] Abschreibungen","[330] Finanzvermögen","3","3","33","330","8802.88"
"494","Gals","2006","[9] FINANZEN UND STEUERN","","","9","","","[3] Aufwand","[3] AUFWAND","[33] Abschreibungen","[332] Verwaltungsvermögen - übrige Abschreibungen","3","3","33","332","200000.00"
"494","Gals","2006","[3] KULTUR UND FREIZEIT","","","3","","","[3] Aufwand","[3] AUFWAND","[33] Abschreibungen","[336] ...","3","3","33","336","60.00"
"494","Gals","2006","[2] BILDUNG","","","2","","","[3] Aufwand","[3] AUFWAND","[35] Entschädigungen an Gemeinwesen","[352] Gemeinden","3","3","35","352","22973.25"
"494","Gals","2006","[3] KULTUR UND FREIZEIT","","","3","","","[3] Aufwand","[3] AUFWAND","[35] Entschädigungen an Gemeinwesen","[352] Gemeinden","3","3","35","352","20958.25"
"494","Gals","2006","[2] BILDUNG","","","2","","","[3] Aufwand","[3] AUFWAND","[36] Eigene Beiträge","[361] Kanton","3","3","36","361","18816.85"
"494","Gals","2006","[7] UMWELT UND RAUMORDNUNG","","","7","","","[3] Aufwand","[3] AUFWAND","[36] Eigene Beiträge","[361] Kanton","3","3","36","361","38253.00"
"494","Gals","2006","[9] FINANZEN UND STEUERN","","","9","","","[3] Aufwand","[3] AUFWAND","[36] Eigene Beiträge","[361] Kanton","3","3","36","361","11586.00"
"494","Gals","2006","[1] OEFFENTLICHE SICHERHEIT","","","1","","","[3] Aufwand","[3] AUFWAND","[36] Eigene Beiträge","[362] Gemeinden","3","3","36","362","43115.60"
"494","Gals","2006","[8] VOLKSWIRTSCHAFT","","","8","","","[3] Aufwand","[3] AUFWAND","[36] Eigene Beiträge","[362] Gemeinden","3","3","36","362","506.90"
"494","Gals","2006","[0] ALLGEMEINE VERWALTUNG","","","0","","","[3] Aufwand","[3] AUFWAND","[36] Eigene Beiträge","[365] Private Institutionen","3","3","36","365","2460.00"
"494","Gals","2006","[3] KULTUR UND FREIZEIT","","","3","","","[3] Aufwand","[3] AUFWAND","[36] Eigene Beiträge","[365] Private Institutionen","3","3","36","365","5277.05"
"494","Gals","2006","[5] SOZIALE WOHLFAHRT","","","5","","","[3] Aufwand","[3] AUFWAND","[36] Eigene Beiträge","[365] Private Institutionen","3","3","36","365","1735.75"
"494","Gals","2006","[8] VOLKSWIRTSCHAFT","","","8","","","[3] Aufwand","[3] AUFWAND","[36] Eigene Beiträge","[365] Private Institutionen","3","3","36","365","4352.70"
"494","Gals","2006","[5] SOZIALE WOHLFAHRT","","","5","","","[3] Aufwand","[3] AUFWAND","[36] Eigene Beiträge","[366] Private Haushalte","3","3","36","366","3438.15"
"494","Gals","2006","[1] OEFFENTLICHE SICHERHEIT","","","1","","","[3] Aufwand","[3] AUFWAND","[38] Einlagen in Spezialfinanzierungen","[380] Einlagen in Spezialfinanzierungen","3","3","38","380","17225.00"
"494","Gals","2006","[7] UMWELT UND RAUMORDNUNG","","","7","","","[3] Aufwand","[3] AUFWAND","[38] Einlagen in Spezialfinanzierungen","[380] Einlagen in Spezialfinanzierungen","3","3","38","380","99703.90"
"494","Gals","2006","[2] BILDUNG","","","2","","","[3] Aufwand","[3] AUFWAND","[39] Interne Verrechnungen","[390] Verrechneter Aufwand","3","3","39","390","3000.00"
"494","Gals","2006","[7] UMWELT UND RAUMORDNUNG","","","7","","","[3] Aufwand","[3] AUFWAND","[39] Interne Verrechnungen","[390] Verrechneter Aufwand","3","3","39","390","9636.35"
"494","Gals","2006","[9] FINANZEN UND STEUERN","","","9","","","[3] Aufwand","[3] AUFWAND","[39] Interne Verrechnungen","[390] Verrechneter Aufwand","3","3","39","390","7000.00"
"494","Gals","2006","[9] FINANZEN UND STEUERN","","","9","","","[4] Ertrag","[4] ERTRAG","[40] Steuern","[401] Gewinn- und Kapitalsteuern","4","4","40","401","21466.20"
"494","Gals","2006","[9] FINANZEN UND STEUERN","","","9","","","[4] Ertrag","[4] ERTRAG","[40] Steuern","[406] Besitz- und Aufwandsteuern","4","4","40","406","3255.25"
"494","Gals","2006","[8] VOLKSWIRTSCHAFT","","","8","","","[4] Ertrag","[4] ERTRAG","[41] Regalien und Konzessionen","[410] Erträge aus Regalien und Konzessionen","4","4","41","410","27057.00"
"494","Gals","2006","[9] FINANZEN UND STEUERN","","","9","","","[4] Ertrag","[4] ERTRAG","[42] Vermögenserträge","[422] Anlagen des Finanzvermögens","4","4","42","422","3635.10"
"494","Gals","2006","[9] FINANZEN UND STEUERN","","","9","","","[4] Ertrag","[4] ERTRAG","[42] Vermögenserträge","[423] Liegenschaften des Finanzvermögens","4","4","42","423","106371.35"
"494","Gals","2006","[2] BILDUNG","","","2","","","[4] Ertrag","[4] ERTRAG","[42] Vermögenserträge","[427] Liegenschaften des Verwaltungsvermögens","4","4","42","427","13950.00"
"494","Gals","2006","[3] KULTUR UND FREIZEIT","","","3","","","[4] Ertrag","[4] ERTRAG","[42] Vermögenserträge","[428] Einnahmeüberschuss der Investitionsrechnung","4","4","42","428","465.35"
"494","Gals","2006","[1] OEFFENTLICHE SICHERHEIT","","","1","","","[4] Ertrag","[4] ERTRAG","[43] Entgelte","[430] Ersatzabgaben","4","4","43","430","60030.35"
"494","Gals","2006","[1] OEFFENTLICHE SICHERHEIT","","","1","","","[4] Ertrag","[4] ERTRAG","[43] Entgelte","[431] Gebühren für Amtshandlungen","4","4","43","431","51049.00"
"494","Gals","2006","[7] UMWELT UND RAUMORDNUNG","","","7","","","[4] Ertrag","[4] ERTRAG","[43] Entgelte","[435] Uebrige Verkaufserlöse","4","4","43","435","95582.35"
"494","Gals","2006","[0] ALLGEMEINE VERWALTUNG","","","0","","","[4] Ertrag","[4] ERTRAG","[43] Entgelte","[437] Bussen","4","4","43","437","100.00"
"494","Gals","2006","[9] FINANZEN UND STEUERN","","","9","","","[4] Ertrag","[4] ERTRAG","[44] Anteile und Beiträge ohne Zweckbindungen","[441] Anteile an Kantonseinnahmen","4","4","44","441","260.75"
"494","Gals","2006","[9] FINANZEN UND STEUERN","","","9","","","[4] Ertrag","[4] ERTRAG","[44] Anteile und Beiträge ohne Zweckbindungen","[444] Leistungen aus dem Finanzausgleich","4","4","44","444","124064.00"
"494","Gals","2006","[3] KULTUR UND FREIZEIT","","","3","","","[4] Ertrag","[4] ERTRAG","[45] Rückerstattungen von Gemeinwesen","[452] Gemeinden","4","4","45","452","3452.00"
"494","Gals","2006","[8] VOLKSWIRTSCHAFT","","","8","","","[4] Ertrag","[4] ERTRAG","[46] Beiträge","[461] Kanton","4","4","46","461","459.20"
"494","Gals","2006","[7] UMWELT UND RAUMORDNUNG","","","7","","","[4] Ertrag","[4] ERTRAG","[48] Entnahmen aus Spezialfinanzierungen","[480] Entnahmen aus Spezialfinanzierungen","4","4","48","480","48919.65"
"494","Gals","2006","[0] ALLGEMEINE VERWALTUNG","","","0","","","[4] Ertrag","[4] ERTRAG","[49] Interne Verrechnungen","[490] Verrechneter Aufwand","4","4","49","490","35000.00"
"494","Gals","2006","[7] UMWELT UND RAUMORDNUNG","","","7","","","[4] Ertrag","[4] ERTRAG","[49] Interne Verrechnungen","[490] Verrechneter Aufwand","4","4","49","490","3636.35"
"494","Gals","2006","[9] FINANZEN UND STEUERN","","","9","","","[4] Ertrag","[4] ERTRAG","[49] Interne Verrechnungen","[491] Verrechnete Zinsen","4","4","49","491","25267.85"
"494","Gals","2006","[3] KULTUR UND FREIZEIT","","","3","","","[4] Ertrag","[4] ERTRAG","[49] Interne Verrechnungen","[495] Verrechneter Ertrag","4","4","49","495","2742.10"
"494","Gals","2006","[9] FINANZEN UND STEUERN","","","9","","","[5] Ausgaben","[5] Ausgaben","[59] Passivierungen","[592] Uebertrag Einnahmenüberschuss in die Laufende Rechnung","5","5","59","592","31580.35"
"494","Gals","2006","[7] UMWELT UND RAUMORDNUNG","","","7","","","[6] Einnahmen","[6] Einnahmen","[61] Nutzungsabgaben und Vorteilsentgelte","[610] Beiträge Dritter für eigene Rechnung","6","6","61","610","56484.00"
"494","Gals","2006","[9] FINANZEN UND STEUERN","","","9","","","[6] Einnahmen","[6] Einnahmen","[69] Aktivierungen","[690] Aktivierte Ausgaben","6","6","69","690","7334.65"
"494","Gals","2007","[0] ALLGEMEINE VERWALTUNG","","","0","","","[3] Aufwand","[3] AUFWAND","[30] Personalaufwand","[300] Personalaufwand der Behörden und Kommissionen","3","3","30","300","21957.00"
"494","Gals","2007","[3] KULTUR UND FREIZEIT","","","3","","","[3] Aufwand","[3] AUFWAND","[30] Personalaufwand","[300] Personalaufwand der Behörden und Kommissionen","3","3","30","300","1683.40"
"494","Gals","2007","[2] BILDUNG","","","2","","","[3] Aufwand","[3] AUFWAND","[30] Personalaufwand","[301] Löhne des Verwaltungs- + Betriebspersonals","3","3","30","301","33229.25"
"494","Gals","2007","[7] UMWELT UND RAUMORDNUNG","","","7","","","[3] Aufwand","[3] AUFWAND","[30] Personalaufwand","[301] Löhne des Verwaltungs- + Betriebspersonals","3","3","30","301","28034.00"
"494","Gals","2007","[9] FINANZEN UND STEUERN","","","9","","","[3] Aufwand","[3] AUFWAND","[30] Personalaufwand","[301] Löhne des Verwaltungs- + Betriebspersonals","3","3","30","301","5212.85"
"494","Gals","2007","[0] ALLGEMEINE VERWALTUNG","","","0","","","[3] Aufwand","[3] AUFWAND","[30] Personalaufwand","[303] Sozialversicherungsbeiträge","3","3","30","303","10449.40"
"494","Gals","2007","[2] BILDUNG","","","2","","","[3] Aufwand","[3] AUFWAND","[30] Personalaufwand","[303] Sozialversicherungsbeiträge","3","3","30","303","1653.00"
"494","Gals","2007","[3] KULTUR UND FREIZEIT","","","3","","","[3] Aufwand","[3] AUFWAND","[30] Personalaufwand","[303] Sozialversicherungsbeiträge","3","3","30","303","199.00"
"494","Gals","2007","[7] UMWELT UND RAUMORDNUNG","","","7","","","[3] Aufwand","[3] AUFWAND","[30] Personalaufwand","[303] Sozialversicherungsbeiträge","3","3","30","303","1394.65"
"494","Gals","2007","[8] VOLKSWIRTSCHAFT","","","8","","","[3] Aufwand","[3] AUFWAND","[30] Personalaufwand","[303] Sozialversicherungsbeiträge","3","3","30","303","35.45"
"494","Gals","2007","[6] VERKEHR","","","6","","","[3] Aufwand","[3] AUFWAND","[30] Personalaufwand","[304] Personalversicherungsbeiträge","3","3","30","304","3867.65"
"494","Gals","2007","[0] ALLGEMEINE VERWALTUNG","","","0","","","[3] Aufwand","[3] AUFWAND","[30] Personalaufwand","[305] Unfall- und Krankenversicherungsbeiträge","3","3","30","305","7496.65"
"494","Gals","2007","[6] VERKEHR","","","6","","","[3] Aufwand","[3] AUFWAND","[30] Personalaufwand","[305] Unfall- und Krankenversicherungsbeiträge","3","3","30","305","3333.15"
"494","Gals","2007","[2] BILDUNG","","","2","","","[3] Aufwand","[3] AUFWAND","[30] Personalaufwand","[309] Uebriger Personalaufwand","3","3","30","309","1778.90"
"494","Gals","2007","[0] ALLGEMEINE VERWALTUNG","","","0","","","[3] Aufwand","[3] AUFWAND","[31] Sachaufwand","[310] Büro- und Schulmaterialien, Drucksachen","3","3","31","310","11955.35"
"494","Gals","2007","[9] FINANZEN UND STEUERN","","","9","","","[3] Aufwand","[3] AUFWAND","[31] Sachaufwand","[310] Büro- und Schulmaterialien, Drucksachen","3","3","31","310","86.45"
"494","Gals","2007","[0] ALLGEMEINE VERWALTUNG","","","0","","","[3] Aufwand","[3] AUFWAND","[31] Sachaufwand","[311] Anschaffung Mobilien, Maschinen, Fahrzeuge","3","3","31","311","2144.15"
"494","Gals","2007","[2] BILDUNG","","","2","","","[3] Aufwand","[3] AUFWAND","[31] Sachaufwand","[311] Anschaffung Mobilien, Maschinen, Fahrzeuge","3","3","31","311","8567.25"
"494","Gals","2007","[1] OEFFENTLICHE SICHERHEIT","","","1","","","[3] Aufwand","[3] AUFWAND","[31] Sachaufwand","[312] Wasser, Energie, Heizmaterialien","3","3","31","312","1680.80"
"494","Gals","2007","[6] VERKEHR","","","6","","","[3] Aufwand","[3] AUFWAND","[31] Sachaufwand","[312] Wasser, Energie, Heizmaterialien","3","3","31","312","22131.15"
"494","Gals","2007","[7] UMWELT UND RAUMORDNUNG","","","7","","","[3] Aufwand","[3] AUFWAND","[31] Sachaufwand","[312] Wasser, Energie, Heizmaterialien","3","3","31","312","112.10"
"494","Gals","2007","[0] ALLGEMEINE VERWALTUNG","","","0","","","[3] Aufwand","[3] AUFWAND","[31] Sachaufwand","[313] Verbrauchsmaterialien","3","3","31","313","655.15"
"494","Gals","2007","[6] VERKEHR","","","6","","","[3] Aufwand","[3] AUFWAND","[31] Sachaufwand","[313] Verbrauchsmaterialien","3","3","31","313","7776.95"
"494","Gals","2007","[8] VOLKSWIRTSCHAFT","","","8","","","[3] Aufwand","[3] AUFWAND","[31] Sachaufwand","[313] Verbrauchsmaterialien","3","3","31","313","273.75"
"494","Gals","2007","[2] BILDUNG","","","2","","","[3] Aufwand","[3] AUFWAND","[31] Sachaufwand","[314] Dienstleistungen Dritter für den baulichen Unterhalt","3","3","31","314","9003.75"
"494","Gals","2007","[7] UMWELT UND RAUMORDNUNG","","","7","","","[3] Aufwand","[3] AUFWAND","[31] Sachaufwand","[314] Dienstleistungen Dritter für den baulichen Unterhalt","3","3","31","314","21569.40"
"494","Gals","2007","[6] VERKEHR","","","6","","","[3] Aufwand","[3] AUFWAND","[31] Sachaufwand","[315] Dienstleistungen Dritter für den übrigen Unterhalt","3","3","31","315","348.75"
"494","Gals","2007","[2] BILDUNG","","","2","","","[3] Aufwand","[3] AUFWAND","[31] Sachaufwand","[317] Spesenentschädigungen","3","3","31","317","2106.15"
"494","Gals","2007","[0] ALLGEMEINE VERWALTUNG","","","0","","","[3] Aufwand","[3] AUFWAND","[31] Sachaufwand","[318] Dienstleistungen und Honorare, allg. Verwaltungsaufwand","3","3","31","318","63084.60"
"494","Gals","2007","[1] OEFFENTLICHE SICHERHEIT","","","1","","","[3] Aufwand","[3] AUFWAND","[31] Sachaufwand","[318] Dienstleistungen und Honorare, allg. Verwaltungsaufwand","3","3","31","318","61132.00"
"494","Gals","2007","[3] KULTUR UND FREIZEIT","","","3","","","[3] Aufwand","[3] AUFWAND","[31] Sachaufwand","[318] Dienstleistungen und Honorare, allg. Verwaltungsaufwand","3","3","31","318","4419.90"
"494","Gals","2007","[6] VERKEHR","","","6","","","[3] Aufwand","[3] AUFWAND","[31] Sachaufwand","[318] Dienstleistungen und Honorare, allg. Verwaltungsaufwand","3","3","31","318","1213.90"
"494","Gals","2007","[8] VOLKSWIRTSCHAFT","","","8","","","[3] Aufwand","[3] AUFWAND","[31] Sachaufwand","[318] Dienstleistungen und Honorare, allg. Verwaltungsaufwand","3","3","31","318","70.20"
"494","Gals","2007","[9] FINANZEN UND STEUERN","","","9","","","[3] Aufwand","[3] AUFWAND","[31] Sachaufwand","[318] Dienstleistungen und Honorare, allg. Verwaltungsaufwand","3","3","31","318","3227.80"
"494","Gals","2007","[8] VOLKSWIRTSCHAFT","","","8","","","[3] Aufwand","[3] AUFWAND","[31] Sachaufwand","[319] Uebriger Sachaufwand","3","3","31","319","130.00"
"494","Gals","2007","[9] FINANZEN UND STEUERN","","","9","","","[3] Aufwand","[3] AUFWAND","[33] Abschreibungen","[331] Verwaltungsvermögen - harmonisierte Abschreibungen","3","3","33","331","40468.85"
"494","Gals","2007","[0] ALLGEMEINE VERWALTUNG","","","0","","","[3] Aufwand","[3] AUFWAND","[35] Entschädigungen an Gemeinwesen","[351] Kanton","3","3","35","351","13703.80"
"494","Gals","2007","[2] BILDUNG","","","2","","","[3] Aufwand","[3] AUFWAND","[35] Entschädigungen an Gemeinwesen","[351] Kanton","3","3","35","351","226797.70"
"494","Gals","2007","[5] SOZIALE WOHLFAHRT","","","5","","","[3] Aufwand","[3] AUFWAND","[35] Entschädigungen an Gemeinwesen","[351] Kanton","3","3","35","351","268488.95"
"494","Gals","2007","[2] BILDUNG","","","2","","","[3] Aufwand","[3] AUFWAND","[36] Eigene Beiträge","[361] Kanton","3","3","36","361","13625.60"
"494","Gals","2007","[5] SOZIALE WOHLFAHRT","","","5","","","[3] Aufwand","[3] AUFWAND","[36] Eigene Beiträge","[361] Kanton","3","3","36","361","194757.00"
"494","Gals","2007","[1] OEFFENTLICHE SICHERHEIT","","","1","","","[3] Aufwand","[3] AUFWAND","[36] Eigene Beiträge","[362] Gemeinden","3","3","36","362","50145.15"
"494","Gals","2007","[2] BILDUNG","","","2","","","[3] Aufwand","[3] AUFWAND","[36] Eigene Beiträge","[362] Gemeinden","3","3","36","362","127084.60"
"494","Gals","2007","[7] UMWELT UND RAUMORDNUNG","","","7","","","[3] Aufwand","[3] AUFWAND","[36] Eigene Beiträge","[362] Gemeinden","3","3","36","362","242480.65"
"494","Gals","2007","[1] OEFFENTLICHE SICHERHEIT","","","1","","","[3] Aufwand","[3] AUFWAND","[36] Eigene Beiträge","[365] Private Institutionen","3","3","36","365","6055.55"
"494","Gals","2007","[7] UMWELT UND RAUMORDNUNG","","","7","","","[3] Aufwand","[3] AUFWAND","[36] Eigene Beiträge","[365] Private Institutionen","3","3","36","365","4337.70"
"494","Gals","2007","[3] KULTUR UND FREIZEIT","","","3","","","[3] Aufwand","[3] AUFWAND","[36] Eigene Beiträge","[366] Private Haushalte","3","3","36","366","4350.15"
"494","Gals","2007","[7] UMWELT UND RAUMORDNUNG","","","7","","","[3] Aufwand","[3] AUFWAND","[38] Einlagen in Spezialfinanzierungen","[380] Einlagen in Spezialfinanzierungen","3","3","38","380","93945.85"
"494","Gals","2007","[0] ALLGEMEINE VERWALTUNG","","","0","","","[3] Aufwand","[3] AUFWAND","[39] Interne Verrechnungen","[390] Verrechneter Aufwand","3","3","39","390","3000.00"
"494","Gals","2007","[3] KULTUR UND FREIZEIT","","","3","","","[3] Aufwand","[3] AUFWAND","[39] Interne Verrechnungen","[390] Verrechneter Aufwand","3","3","39","390","10000.00"
"494","Gals","2007","[5] SOZIALE WOHLFAHRT","","","5","","","[3] Aufwand","[3] AUFWAND","[39] Interne Verrechnungen","[390] Verrechneter Aufwand","3","3","39","390","3000.00"
"494","Gals","2007","[6] VERKEHR","","","6","","","[3] Aufwand","[3] AUFWAND","[39] Interne Verrechnungen","[390] Verrechneter Aufwand","3","3","39","390","3000.00"
"494","Gals","2007","[7] UMWELT UND RAUMORDNUNG","","","7","","","[3] Aufwand","[3] AUFWAND","[39] Interne Verrechnungen","[391] Verrechnete Zinsen","3","3","39","391","23283.05"
"494","Gals","2007","[9] FINANZEN UND STEUERN","","","9","","","[4] Ertrag","[4] ERTRAG","[40] Steuern","[400] Einkommens- und Vermögenssteuern","4","4","40","400","1276447.85"
"494","Gals","2007","[9] FINANZEN UND STEUERN","","","9","","","[4] Ertrag","[4] ERTRAG","[40] Steuern","[402] Liegenschaftssteuern","4","4","40","402","138183.50"
"494","Gals","2007","[9] FINANZEN UND STEUERN","","","9","","","[4] Ertrag","[4] ERTRAG","[42] Vermögenserträge","[421] Flüssige Mittel und Guthaben","4","4","42","421","7847.90"
"494","Gals","2007","[9] FINANZEN UND STEUERN","","","9","","","[4] Ertrag","[4] ERTRAG","[42] Vermögenserträge","[423] Liegenschaften des Finanzvermögens","4","4","42","423","74782.00"
"494","Gals","2007","[0] ALLGEMEINE VERWALTUNG","","","0","","","[4] Ertrag","[4] ERTRAG","[42] Vermögenserträge","[427] Liegenschaften des Verwaltungsvermögens","4","4","42","427","18430.00"
"494","Gals","2007","[3] KULTUR UND FREIZEIT","","","3","","","[4] Ertrag","[4] ERTRAG","[42] Vermögenserträge","[427] Liegenschaften des Verwaltungsvermögens","4","4","42","427","4630.00"
"494","Gals","2007","[7] UMWELT UND RAUMORDNUNG","","","7","","","[4] Ertrag","[4] ERTRAG","[42] Vermögenserträge","[428] Einnahmeüberschuss der Investitionsrechnung","4","4","42","428","18015.00"
"494","Gals","2007","[1] OEFFENTLICHE SICHERHEIT","","","1","","","[4] Ertrag","[4] ERTRAG","[43] Entgelte","[431] Gebühren für Amtshandlungen","4","4","43","431","41809.60"
"494","Gals","2007","[7] UMWELT UND RAUMORDNUNG","","","7","","","[4] Ertrag","[4] ERTRAG","[43] Entgelte","[431] Gebühren für Amtshandlungen","4","4","43","431","3618.95"
"494","Gals","2007","[6] VERKEHR","","","6","","","[4] Ertrag","[4] ERTRAG","[43] Entgelte","[434] Andere Benützungsgebühren und Dienstleistungen","4","4","43","434","6240.00"
"494","Gals","2007","[7] UMWELT UND RAUMORDNUNG","","","7","","","[4] Ertrag","[4] ERTRAG","[43] Entgelte","[434] Andere Benützungsgebühren und Dienstleistungen","4","4","43","434","275069.35"
"494","Gals","2007","[3] KULTUR UND FREIZEIT","","","3","","","[4] Ertrag","[4] ERTRAG","[43] Entgelte","[435] Uebrige Verkaufserlöse","4","4","43","435","59951.20"
"494","Gals","2007","[8] VOLKSWIRTSCHAFT","","","8","","","[4] Ertrag","[4] ERTRAG","[43] Entgelte","[435] Uebrige Verkaufserlöse","4","4","43","435","14916.00"
"494","Gals","2007","[4] GESUNDHEIT","","","4","","","[4] Ertrag","[4] ERTRAG","[43] Entgelte","[436] Rückerstattungen","4","4","43","436","114178.00"
"494","Gals","2007","[5] SOZIALE WOHLFAHRT","","","5","","","[4] Ertrag","[4] ERTRAG","[43] Entgelte","[436] Rückerstattungen","4","4","43","436","37.00"
"494","Gals","2007","[7] UMWELT UND RAUMORDNUNG","","","7","","","[4] Ertrag","[4] ERTRAG","[43] Entgelte","[436] Rückerstattungen","4","4","43","436","65748.20"
"494","Gals","2007","[9] FINANZEN UND STEUERN","","","9","","","[4] Ertrag","[4] ERTRAG","[44] Anteile und Beiträge ohne Zweckbindungen","[444] Leistungen aus dem Finanzausgleich","4","4","44","444","135448.00"
"494","Gals","2007","[0] ALLGEMEINE VERWALTUNG","","","0","","","[4] Ertrag","[4] ERTRAG","[45] Rückerstattungen von Gemeinwesen","[451] Kanton","4","4","45","451","1266.00"
"494","Gals","2007","[5] SOZIALE WOHLFAHRT","","","5","","","[4] Ertrag","[4] ERTRAG","[45] Rückerstattungen von Gemeinwesen","[451] Kanton","4","4","45","451","2638.30"
"494","Gals","2007","[1] OEFFENTLICHE SICHERHEIT","","","1","","","[4] Ertrag","[4] ERTRAG","[46] Beiträge","[461] Kanton","4","4","46","461","700.00"
"494","Gals","2007","[8] VOLKSWIRTSCHAFT","","","8","","","[4] Ertrag","[4] ERTRAG","[46] Beiträge","[461] Kanton","4","4","46","461","1190.00"
"494","Gals","2007","[3] KULTUR UND FREIZEIT","","","3","","","[4] Ertrag","[4] ERTRAG","[49] Interne Verrechnungen","[491] Verrechnete Zinsen","4","4","49","491","3341.05"
"494","Gals","2007","[3] KULTUR UND FREIZEIT","","","3","","","[5] Ausgaben","[5] Ausgaben","[50] Sachgüter","[501] Tiefbauten","5","5","50","501","3767.45"
"494","Gals","2007","[9] FINANZEN UND STEUERN","","","9","","","[5] Ausgaben","[5] Ausgaben","[50] Sachgüter","[503] Hochbauten","5","5","50","503","3542.20"
"494","Gals","2007","[9] FINANZEN UND STEUERN","","","9","","","[5] Ausgaben","[5] Ausgaben","[59] Passivierungen","[590] Passivierte Einnahmen","5","5","59","590","96712.30"
"494","Gals","2007","[3] KULTUR UND FREIZEIT","","","3","","","[6] Einnahmen","[6] Einnahmen","[61] Nutzungsabgaben und Vorteilsentgelte","[610] Beiträge Dritter für eigene Rechnung","6","6","61","610","13650.00"
"494","Gals","2007","[7] UMWELT UND RAUMORDNUNG","","","7","","","[6] Einnahmen","[6] Einnahmen","[66] Beiträge für eigene Rechnung","[661] Kanton","6","6","66","661","73387.00"
"494","Gals","2008","[0] ALLGEMEINE VERWALTUNG","","","0","","","[3] Aufwand","[3] AUFWAND","[30] Personalaufwand","[300] Personalaufwand der Behörden und Kommissionen","3","3","30","300","16699.25"
"494","Gals","2008","[3] KULTUR UND FREIZEIT","","","3","","","[3] Aufwand","[3] AUFWAND","[30] Personalaufwand","[300] Personalaufwand der Behörden und Kommissionen","3","3","30","300","1520.00"
"494","Gals","2008","[0] ALLGEMEINE VERWALTUNG","","","0","","","[3] Aufwand","[3] AUFWAND","[30] Personalaufwand","[301] Löhne des Verwaltungs- + Betriebspersonals","3","3","30","301","125644.10"
"494","Gals","2008","[2] BILDUNG","","","2","","","[3] Aufwand","[3] AUFWAND","[30] Personalaufwand","[301] Löhne des Verwaltungs- + Betriebspersonals","3","3","30","301","37685.90"
"494","Gals","2008","[7] UMWELT UND RAUMORDNUNG","","","7","","","[3] Aufwand","[3] AUFWAND","[30] Personalaufwand","[301] Löhne des Verwaltungs- + Betriebspersonals","3","3","30","301","26931.65"
"494","Gals","2008","[8] VOLKSWIRTSCHAFT","","","8","","","[3] Aufwand","[3] AUFWAND","[30] Personalaufwand","[301] Löhne des Verwaltungs- + Betriebspersonals","3","3","30","301","5156.45"
"494","Gals","2008","[0] ALLGEMEINE VERWALTUNG","","","0","","","[3] Aufwand","[3] AUFWAND","[30] Personalaufwand","[303] Sozialversicherungsbeiträge","3","3","30","303","6624.40"
"494","Gals","2008","[3] KULTUR UND FREIZEIT","","","3","","","[3] Aufwand","[3] AUFWAND","[30] Personalaufwand","[303] Sozialversicherungsbeiträge","3","3","30","303","220.30"
"494","Gals","2008","[6] VERKEHR","","","6","","","[3] Aufwand","[3] AUFWAND","[30] Personalaufwand","[303] Sozialversicherungsbeiträge","3","3","30","303","774.15"
"494","Gals","2008","[8] VOLKSWIRTSCHAFT","","","8","","","[3] Aufwand","[3] AUFWAND","[30] Personalaufwand","[303] Sozialversicherungsbeiträge","3","3","30","303","86.90"
"494","Gals","2008","[2] BILDUNG","","","2","","","[3] Aufwand","[3] AUFWAND","[30] Personalaufwand","[304] Personalversicherungsbeiträge","3","3","30","304","4956.35"
"494","Gals","2008","[6] VERKEHR","","","6","","","[3] Aufwand","[3] AUFWAND","[30] Personalaufwand","[305] Unfall- und Krankenversicherungsbeiträge","3","3","30","305","2751.65"
"494","Gals","2008","[2] BILDUNG","","","2","","","[3] Aufwand","[3] AUFWAND","[30] Personalaufwand","[309] Uebriger Personalaufwand","3","3","30","309","479.85"
"494","Gals","2008","[9] FINANZEN UND STEUERN","","","9","","","[3] Aufwand","[3] AUFWAND","[31] Sachaufwand","[310] Büro- und Schulmaterialien, Drucksachen","3","3","31","310","40.90"
"494","Gals","2008","[0] ALLGEMEINE VERWALTUNG","","","0","","","[3] Aufwand","[3] AUFWAND","[31] Sachaufwand","[311] Anschaffung Mobilien, Maschinen, Fahrzeuge","3","3","31","311","200.15"
"494","Gals","2008","[2] BILDUNG","","","2","","","[3] Aufwand","[3] AUFWAND","[31] Sachaufwand","[312] Wasser, Energie, Heizmaterialien","3","3","31","312","16212.30"
"494","Gals","2008","[7] UMWELT UND RAUMORDNUNG","","","7","","","[3] Aufwand","[3] AUFWAND","[31] Sachaufwand","[312] Wasser, Energie, Heizmaterialien","3","3","31","312","112.10"
"494","Gals","2008","[6] VERKEHR","","","6","","","[3] Aufwand","[3] AUFWAND","[31] Sachaufwand","[313] Verbrauchsmaterialien","3","3","31","313","10010.00"
"494","Gals","2008","[0] ALLGEMEINE VERWALTUNG","","","0","","","[3] Aufwand","[3] AUFWAND","[31] Sachaufwand","[314] Dienstleistungen Dritter für den baulichen Unterhalt","3","3","31","314","26245.10"
"494","Gals","2008","[2] BILDUNG","","","2","","","[3] Aufwand","[3] AUFWAND","[31] Sachaufwand","[314] Dienstleistungen Dritter für den baulichen Unterhalt","3","3","31","314","5505.40"
"494","Gals","2008","[3] KULTUR UND FREIZEIT","","","3","","","[3] Aufwand","[3] AUFWAND","[31] Sachaufwand","[314] Dienstleistungen Dritter für den baulichen Unterhalt","3","3","31","314","3321.00"
"494","Gals","2008","[8] VOLKSWIRTSCHAFT","","","8","","","[3] Aufwand","[3] AUFWAND","[31] Sachaufwand","[314] Dienstleistungen Dritter für den baulichen Unterhalt","3","3","31","314","7740.60"
"494","Gals","2008","[2] BILDUNG","","","2","","","[3] Aufwand","[3] AUFWAND","[31] Sachaufwand","[315] Dienstleistungen Dritter für den übrigen Unterhalt","3","3","31","315","1108.25"
"494","Gals","2008","[6] VERKEHR","","","6","","","[3] Aufwand","[3] AUFWAND","[31] Sachaufwand","[316] Mieten, Pachten, Benützungskosten","3","3","31","316","1700.00"
"494","Gals","2008","[0] ALLGEMEINE VERWALTUNG","","","0","","","[3] Aufwand","[3] AUFWAND","[31] Sachaufwand","[317] Spesenentschädigungen","3","3","31","317","5836.95"
"494","Gals","2008","[2] BILDUNG","","","2","","","[3] Aufwand","[3] AUFWAND","[31] Sachaufwand","[317] Spesenentschädigungen","3","3","31","317","6194.55"
"494","Gals","2008","[1] OEFFENTLICHE SICHERHEIT","","","1","","","[3] Aufwand","[3] AUFWAND","[31] Sachaufwand","[318] Dienstleistungen und Honorare, allg. Verwaltungsaufwand","3","3","31","318","47913.15"
"494","Gals","2008","[4] GESUNDHEIT","","","4","","","[3] Aufwand","[3] AUFWAND","[31] Sachaufwand","[318] Dienstleistungen und Honorare, allg. Verwaltungsaufwand","3","3","31","318","1371.00"
"494","Gals","2008","[6] VERKEHR","","","6","","","[3] Aufwand","[3] AUFWAND","[31] Sachaufwand","[318] Dienstleistungen und Honorare, allg. Verwaltungsaufwand","3","3","31","318","2084.50"
"494","Gals","2008","[7] UMWELT UND RAUMORDNUNG","","","7","","","[3] Aufwand","[3] AUFWAND","[31] Sachaufwand","[318] Dienstleistungen und Honorare, allg. Verwaltungsaufwand","3","3","31","318","48625.90"
"494","Gals","2008","[9] FINANZEN UND STEUERN","","","9","","","[3] Aufwand","[3] AUFWAND","[31] Sachaufwand","[318] Dienstleistungen und Honorare, allg. Verwaltungsaufwand","3","3","31","318","3267.90"
"494","Gals","2008","[8] VOLKSWIRTSCHAFT","","","8","","","[3] Aufwand","[3] AUFWAND","[31] Sachaufwand","[319] Uebriger Sachaufwand","3","3","31","319","130.00"
"494","Gals","2008","[9] FINANZEN UND STEUERN","","","9","","","[3] Aufwand","[3] AUFWAND","[32] Passivzinsen","[321] Kurzfristige Schulden","3","3","32","321","4834.65"
"494","Gals","2008","[7] UMWELT UND RAUMORDNUNG","","","7","","","[3] Aufwand","[3] AUFWAND","[33] Abschreibungen","[331] Verwaltungsvermögen - harmonisierte Abschreibungen","3","3","33","331","42843.00"
"494","Gals","2008","[9] FINANZEN UND STEUERN","","","9","","","[3] Aufwand","[3] AUFWAND","[33] Abschreibungen","[331] Verwaltungsvermögen - harmonisierte Abschreibungen","3","3","33","331","31158.95"
"494","Gals","2008","[0] ALLGEMEINE VERWALTUNG","","","0","","","[3] Aufwand","[3] AUFWAND","[35] Entschädigungen an Gemeinwesen","[351] Kanton","3","3","35","351","12266.25"
"494","Gals","2008","[2] BILDUNG","","","2","","","[3] Aufwand","[3] AUFWAND","[35] Entschädigungen an Gemeinwesen","[351] Kanton","3","3","35","351","256265.85"
"494","Gals","2008","[5] SOZIALE WOHLFAHRT","","","5","","","[3] Aufwand","[3] AUFWAND","[35] Entschädigungen an Gemeinwesen","[351] Kanton","3","3","35","351","272743.55"
"494","Gals","2008","[2] BILDUNG","","","2","","","[3] Aufwand","[3] AUFWAND","[35] Entschädigungen an Gemeinwesen","[352] Gemeinden","3","3","35","352","27240.55"
"494","Gals","2008","[7] UMWELT UND RAUMORDNUNG","","","7","","","[3] Aufwand","[3] AUFWAND","[35] Entschädigungen an Gemeinwesen","[352] Gemeinden","3","3","35","352","3323.65"
"494","Gals","2008","[6] VERKEHR","","","6","","","[3] Aufwand","[3] AUFWAND","[36] Eigene Beiträge","[361] Kanton","3","3","36","361","41772.00"
"494","Gals","2008","[9] FINANZEN UND STEUERN","","","9","","","[3] Aufwand","[3] AUFWAND","[36] Eigene Beiträge","[361] Kanton","3","3","36","361","11586.00"
"494","Gals","2008","[2] BILDUNG","","","2","","","[3] Aufwand","[3] AUFWAND","[36] Eigene Beiträge","[362] Gemeinden","3","3","36","362","117460.20"
"494","Gals","2008","[5] SOZIALE WOHLFAHRT","","","5","","","[3] Aufwand","[3] AUFWAND","[36] Eigene Beiträge","[362] Gemeinden","3","3","36","362","8920.20"
"494","Gals","2008","[7] UMWELT UND RAUMORDNUNG","","","7","","","[3] Aufwand","[3] AUFWAND","[36] Eigene Beiträge","[362] Gemeinden","3","3","36","362","232244.15"
"494","Gals","2008","[8] VOLKSWIRTSCHAFT","","","8","","","[3] Aufwand","[3] AUFWAND","[36] Eigene Beiträge","[362] Gemeinden","3","3","36","362","962.55"
"494","Gals","2008","[5] SOZIALE WOHLFAHRT","","","5","","","[3] Aufwand","[3] AUFWAND","[36] Eigene Beiträge","[365] Private Institutionen","3","3","36","365","2240.15"
"494","Gals","2008","[7] UMWELT UND RAUMORDNUNG","","","7","","","[3] Aufwand","[3] AUFWAND","[36] Eigene Beiträge","[365] Private Institutionen","3","3","36","365","4341.90"
"494","Gals","2008","[3] KULTUR UND FREIZEIT","","","3","","","[3] Aufwand","[3] AUFWAND","[36] Eigene Beiträge","[366] Private Haushalte","3","3","36","366","8387.25"
"494","Gals","2008","[3] KULTUR UND FREIZEIT","","","3","","","[3] Aufwand","[3] AUFWAND","[38] Einlagen in Spezialfinanzierungen","[380] Einlagen in Spezialfinanzierungen","3","3","38","380","20680.70"
"494","Gals","2008","[0] ALLGEMEINE VERWALTUNG","","","0","","","[3] Aufwand","[3] AUFWAND","[39] Interne Verrechnungen","[390] Verrechneter Aufwand","3","3","39","390","3000.00"
"494","Gals","2008","[3] KULTUR UND FREIZEIT","","","3","","","[3] Aufwand","[3] AUFWAND","[39] Interne Verrechnungen","[390] Verrechneter Aufwand","3","3","39","390","3000.00"
"494","Gals","2008","[6] VERKEHR","","","6","","","[3] Aufwand","[3] AUFWAND","[39] Interne Verrechnungen","[390] Verrechneter Aufwand","3","3","39","390","3000.00"
"494","Gals","2008","[9] FINANZEN UND STEUERN","","","9","","","[3] Aufwand","[3] AUFWAND","[39] Interne Verrechnungen","[390] Verrechneter Aufwand","3","3","39","390","7000.00"
"494","Gals","2008","[7] UMWELT UND RAUMORDNUNG","","","7","","","[3] Aufwand","[3] AUFWAND","[39] Interne Verrechnungen","[391] Verrechnete Zinsen","3","3","39","391","22577.55"
"494","Gals","2008","[9] FINANZEN UND STEUERN","","","9","","","[4] Ertrag","[4] ERTRAG","[40] Steuern","[400] Einkommens- und Vermögenssteuern","4","4","40","400","1300260.10"
"494","Gals","2008","[9] FINANZEN UND STEUERN","","","9","","","[4] Ertrag","[4] ERTRAG","[40] Steuern","[403] Vermögensgewinnsteuern","4","4","40","403","127911.40"
"494","Gals","2008","[9] FINANZEN UND STEUERN","","","9","","","[4] Ertrag","[4] ERTRAG","[40] Steuern","[406] Besitz- und Aufwandsteuern","4","4","40","406","4595.00"
"494","Gals","2008","[9] FINANZEN UND STEUERN","","","9","","","[4] Ertrag","[4] ERTRAG","[42] Vermögenserträge","[421] Flüssige Mittel und Guthaben","4","4","42","421","8219.40"
"494","Gals","2008","[9] FINANZEN UND STEUERN","","","9","","","[4] Ertrag","[4] ERTRAG","[42] Vermögenserträge","[422] Anlagen des Finanzvermögens","4","4","42","422","4369.20"
"494","Gals","2008","[3] KULTUR UND FREIZEIT","","","3","","","[4] Ertrag","[4] ERTRAG","[42] Vermögenserträge","[427] Liegenschaften des Verwaltungsvermögens","4","4","42","427","100.00"
"494","Gals","2008","[1] OEFFENTLICHE SICHERHEIT","","","1","","","[4] Ertrag","[4] ERTRAG","[43] Entgelte","[430] Ersatzabgaben","4","4","43","430","47715.55"
"494","Gals","2008","[0] ALLGEMEINE VERWALTUNG","","","0","","","[4] Ertrag","[4] ERTRAG","[43] Entgelte","[431] Gebühren für Amtshandlungen","4","4","43","431","20.00"
"494","Gals","2008","[7] UMWELT UND RAUMORDNUNG","","","7","","","[4] Ertrag","[4] ERTRAG","[43] Entgelte","[431] Gebühren für Amtshandlungen","4","4","43","431","128.50"
"494","Gals","2008","[7] UMWELT UND RAUMORDNUNG","","","7","","","[4] Ertrag","[4] ERTRAG","[43] Entgelte","[434] Andere Benützungsgebühren und Dienstleistungen","4","4","43","434","281721.15"
"494","Gals","2008","[3] KULTUR UND FREIZEIT","","","3","","","[4] Ertrag","[4] ERTRAG","[43] Entgelte","[435] Uebrige Verkaufserlöse","4","4","43","435","48196.60"
"494","Gals","2008","[8] VOLKSWIRTSCHAFT","","","8","","","[4] Ertrag","[4] ERTRAG","[43] Entgelte","[435] Uebrige Verkaufserlöse","4","4","43","435","22130.25"
"494","Gals","2008","[0] ALLGEMEINE VERWALTUNG","","","0","","","[4] Ertrag","[4] ERTRAG","[43] Entgelte","[436] Rückerstattungen","4","4","43","436","54853.10"
"494","Gals","2008","[7] UMWELT UND RAUMORDNUNG","","","7","","","[4] Ertrag","[4] ERTRAG","[43] Entgelte","[436] Rückerstattungen","4","4","43","436","4015.50"
"494","Gals","2008","[0] ALLGEMEINE VERWALTUNG","","","0","","","[4] Ertrag","[4] ERTRAG","[45] Rückerstattungen von Gemeinwesen","[451] Kanton","4","4","45","451","674.00"
"494","Gals","2008","[6] VERKEHR","","","6","","","[4] Ertrag","[4] ERTRAG","[45] Rückerstattungen von Gemeinwesen","[451] Kanton","4","4","45","451","56198.95"
"494","Gals","2008","[1] OEFFENTLICHE SICHERHEIT","","","1","","","[4] Ertrag","[4] ERTRAG","[46] Beiträge","[461] Kanton","4","4","46","461","700.00"
"494","Gals","2008","[7] UMWELT UND RAUMORDNUNG","","","7","","","[4] Ertrag","[4] ERTRAG","[49] Interne Verrechnungen","[490] Verrechneter Aufwand","4","4","49","490","3195.15"
"494","Gals","2008","[3] KULTUR UND FREIZEIT","","","3","","","[4] Ertrag","[4] ERTRAG","[49] Interne Verrechnungen","[491] Verrechnete Zinsen","4","4","49","491","4041.35"
"494","Gals","2008","[3] KULTUR UND FREIZEIT","","","3","","","[5] Ausgaben","[5] Ausgaben","[50] Sachgüter","[501] Tiefbauten","5","5","50","501","792.00"
"494","Gals","2008","[6] VERKEHR","","","6","","","[5] Ausgaben","[5] Ausgaben","[50] Sachgüter","[501] Tiefbauten","5","5","50","501","120732.90"
"494","Gals","2008","[6] VERKEHR","","","6","","","[6] Einnahmen","[6] Einnahmen","[61] Nutzungsabgaben und Vorteilsentgelte","[610] Beiträge Dritter für eigene Rechnung","6","6","61","610","5000.00"
"494","Gals","2009","[2] BILDUNG","","","2","","","[3] Aufwand","[3] AUFWAND","[30] Personalaufwand","[300] Personalaufwand der Behörden und Kommissionen","3","3","30","300","4415.00"
"494","Gals","2009","[1] OEFFENTLICHE SICHERHEIT","","","1","","","[3] Aufwand","[3] AUFWAND","[30] Personalaufwand","[301] Löhne des Verwaltungs- + Betriebspersonals","3","3","30","301","12984.95"
"494","Gals","2009","[3] KULTUR UND FREIZEIT","","","3","","","[3] Aufwand","[3] AUFWAND","[30] Personalaufwand","[301] Löhne des Verwaltungs- + Betriebspersonals","3","3","30","301","4000.00"
"494","Gals","2009","[6] VERKEHR","","","6","","","[3] Aufwand","[3] AUFWAND","[30] Personalaufwand","[301] Löhne des Verwaltungs- + Betriebspersonals","3","3","30","301","18127.25"
"494","Gals","2009","[9] FINANZEN UND STEUERN","","","9","","","[3] Aufwand","[3] AUFWAND","[30] Personalaufwand","[301] Löhne des Verwaltungs- + Betriebspersonals","3","3","30","301","4544.05"
"494","Gals","2009","[1] OEFFENTLICHE SICHERHEIT","","","1","","","[3] Aufwand","[3] AUFWAND","[30] Personalaufwand","[303] Sozialversicherungsbeiträge","3","3","30","303","965.30"
"494","Gals","2009","[2] BILDUNG","","","2","","","[3] Aufwand","[3] AUFWAND","[30] Personalaufwand","[303] Sozialversicherungsbeiträge","3","3","30","303","2668.20"
"494","Gals","2009","[7] UMWELT UND RAUMORDNUNG","","","7","","","[3] Aufwand","[3] AUFWAND","[30] Personalaufwand","[303] Sozialversicherungsbeiträge","3","3","30","303","2205.95"
"494","Gals","2009","[9] FINANZEN UND STEUERN","","","9","","","[3] Aufwand","[3] AUFWAND","[30] Personalaufwand","[303] Sozialversicherungsbeiträge","3","3","30","303","337.80"
"494","Gals","2009","[0] ALLGEMEINE VERWALTUNG","","","0","","","[3] Aufwand","[3] AUFWAND","[30] Personalaufwand","[304] Personalversicherungsbeiträge","3","3","30","304","2716.85"
"494","Gals","2009","[6] VERKEHR","","","6","","","[3] Aufwand","[3] AUFWAND","[30] Personalaufwand","[304] Personalversicherungsbeiträge","3","3","30","304","11825.25"
"494","Gals","2009","[0] ALLGEMEINE VERWALTUNG","","","0","","","[3] Aufwand","[3] AUFWAND","[30] Personalaufwand","[305] Unfall- und Krankenversicherungsbeiträge","3","3","30","305","3716.25"
"494","Gals","2009","[2] BILDUNG","","","2","","","[3] Aufwand","[3] AUFWAND","[30] Personalaufwand","[305] Unfall- und Krankenversicherungsbeiträge","3","3","30","305","218.00"
"494","Gals","2009","[0] ALLGEMEINE VERWALTUNG","","","0","","","[3] Aufwand","[3] AUFWAND","[31] Sachaufwand","[310] Büro- und Schulmaterialien, Drucksachen","3","3","31","310","7954.35"
"494","Gals","2009","[2] BILDUNG","","","2","","","[3] Aufwand","[3] AUFWAND","[31] Sachaufwand","[310] Büro- und Schulmaterialien, Drucksachen","3","3","31","310","22517.41"
"494","Gals","2009","[2] BILDUNG","","","2","","","[3] Aufwand","[3] AUFWAND","[31] Sachaufwand","[311] Anschaffung Mobilien, Maschinen, Fahrzeuge","3","3","31","311","3928.50"
"494","Gals","2009","[0] ALLGEMEINE VERWALTUNG","","","0","","","[3] Aufwand","[3] AUFWAND","[31] Sachaufwand","[312] Wasser, Energie, Heizmaterialien","3","3","31","312","18107.15"
"494","Gals","2009","[1] OEFFENTLICHE SICHERHEIT","","","1","","","[3] Aufwand","[3] AUFWAND","[31] Sachaufwand","[312] Wasser, Energie, Heizmaterialien","3","3","31","312","2767.15"
"494","Gals","2009","[3] KULTUR UND FREIZEIT","","","3","","","[3] Aufwand","[3] AUFWAND","[31] Sachaufwand","[312] Wasser, Energie, Heizmaterialien","3","3","31","312","888.15"
"494","Gals","2009","[6] VERKEHR","","","6","","","[3] Aufwand","[3] AUFWAND","[31] Sachaufwand","[312] Wasser, Energie, Heizmaterialien","3","3","31","312","20160.05"
"494","Gals","2009","[0] ALLGEMEINE VERWALTUNG","","","0","","","[3] Aufwand","[3] AUFWAND","[31] Sachaufwand","[313] Verbrauchsmaterialien","3","3","31","313","1983.60"
"494","Gals","2009","[2] BILDUNG","","","2","","","[3] Aufwand","[3] AUFWAND","[31] Sachaufwand","[313] Verbrauchsmaterialien","3","3","31","313","1473.95"
"494","Gals","2009","[7] UMWELT UND RAUMORDNUNG","","","7","","","[3] Aufwand","[3] AUFWAND","[31] Sachaufwand","[313] Verbrauchsmaterialien","3","3","31","313","954.05"
"494","Gals","2009","[1] OEFFENTLICHE SICHERHEIT","","","1","","","[3] Aufwand","[3] AUFWAND","[31] Sachaufwand","[314] Dienstleistungen Dritter für den baulichen Unterhalt","3","3","31","314","2552.85"
"494","Gals","2009","[6] VERKEHR","","","6","","","[3] Aufwand","[3] AUFWAND","[31] Sachaufwand","[314] Dienstleistungen Dritter für den baulichen Unterhalt","3","3","31","314","15753.40"
"494","Gals","2009","[7] UMWELT UND RAUMORDNUNG","","","7","","","[3] Aufwand","[3] AUFWAND","[31] Sachaufwand","[314] Dienstleistungen Dritter für den baulichen Unterhalt","3","3","31","314","38206.60"
"494","Gals","2009","[9] FINANZEN UND STEUERN","","","9","","","[3] Aufwand","[3] AUFWAND","[31] Sachaufwand","[314] Dienstleistungen Dritter für den baulichen Unterhalt","3","3","31","314","151.00"
"494","Gals","2009","[0] ALLGEMEINE VERWALTUNG","","","0","","","[3] Aufwand","[3] AUFWAND","[31] Sachaufwand","[315] Dienstleistungen Dritter für den übrigen Unterhalt","3","3","31","315","6223.45"
"494","Gals","2009","[6] VERKEHR","","","6","","","[3] Aufwand","[3] AUFWAND","[31] Sachaufwand","[315] Dienstleistungen Dritter für den übrigen Unterhalt","3","3","31","315","761.50"
"494","Gals","2009","[0] ALLGEMEINE VERWALTUNG","","","0","","","[3] Aufwand","[3] AUFWAND","[31] Sachaufwand","[318] Dienstleistungen und Honorare, allg. Verwaltungsaufwand","3","3","31","318","114073.49"
"494","Gals","2009","[2] BILDUNG","","","2","","","[3] Aufwand","[3] AUFWAND","[31] Sachaufwand","[318] Dienstleistungen und Honorare, allg. Verwaltungsaufwand","3","3","31","318","5091.00"
"494","Gals","2009","[3] KULTUR UND FREIZEIT","","","3","","","[3] Aufwand","[3] AUFWAND","[31] Sachaufwand","[318] Dienstleistungen und Honorare, allg. Verwaltungsaufwand","3","3","31","318","15269.10"
"494","Gals","2009","[7] UMWELT UND RAUMORDNUNG","","","7","","","[3] Aufwand","[3] AUFWAND","[31] Sachaufwand","[318] Dienstleistungen und Honorare, allg. Verwaltungsaufwand","3","3","31","318","50877.25"
"494","Gals","2009","[8] VOLKSWIRTSCHAFT","","","8","","","[3] Aufwand","[3] AUFWAND","[31] Sachaufwand","[318] Dienstleistungen und Honorare, allg. Verwaltungsaufwand","3","3","31","318","34.00"
"494","Gals","2009","[9] FINANZEN UND STEUERN","","","9","","","[3] Aufwand","[3] AUFWAND","[31] Sachaufwand","[319] Uebriger Sachaufwand","3","3","31","319","160.00"
"494","Gals","2009","[9] FINANZEN UND STEUERN","","","9","","","[3] Aufwand","[3] AUFWAND","[32] Passivzinsen","[322] Mittel- und langfirstige Schulden","3","3","32","322","60630.45"
"494","Gals","2009","[1] OEFFENTLICHE SICHERHEIT","","","1","","","[3] Aufwand","[3] AUFWAND","[33] Abschreibungen","[330] Finanzvermögen","3","3","33","330","991.75"
"494","Gals","2009","[9] FINANZEN UND STEUERN","","","9","","","[3] Aufwand","[3] AUFWAND","[33] Abschreibungen","[330] Finanzvermögen","3","3","33","330","13371.75"
"494","Gals","2009","[9] FINANZEN UND STEUERN","","","9","","","[3] Aufwand","[3] AUFWAND","[33] Abschreibungen","[332] Verwaltungsvermögen - übrige Abschreibungen","3","3","33","332","100000.00"
"494","Gals","2009","[3] KULTUR UND FREIZEIT","","","3","","","[3] Aufwand","[3] AUFWAND","[35] Entschädigungen an Gemeinwesen","[352] Gemeinden","3","3","35","352","24856.90"
"494","Gals","2009","[2] BILDUNG","","","2","","","[3] Aufwand","[3] AUFWAND","[36] Eigene Beiträge","[361] Kanton","3","3","36","361","14931.85"
"494","Gals","2009","[5] SOZIALE WOHLFAHRT","","","5","","","[3] Aufwand","[3] AUFWAND","[36] Eigene Beiträge","[361] Kanton","3","3","36","361","138992.00"
"494","Gals","2009","[7] UMWELT UND RAUMORDNUNG","","","7","","","[3] Aufwand","[3] AUFWAND","[36] Eigene Beiträge","[361] Kanton","3","3","36","361","46063.00"
"494","Gals","2009","[1] OEFFENTLICHE SICHERHEIT","","","1","","","[3] Aufwand","[3] AUFWAND","[36] Eigene Beiträge","[362] Gemeinden","3","3","36","362","43464.30"
"494","Gals","2009","[0] ALLGEMEINE VERWALTUNG","","","0","","","[3] Aufwand","[3] AUFWAND","[36] Eigene Beiträge","[365] Private Institutionen","3","3","36","365","3471.90"
"494","Gals","2009","[1] OEFFENTLICHE SICHERHEIT","","","1","","","[3] Aufwand","[3] AUFWAND","[36] Eigene Beiträge","[365] Private Institutionen","3","3","36","365","8051.40"
"494","Gals","2009","[3] KULTUR UND FREIZEIT","","","3","","","[3] Aufwand","[3] AUFWAND","[36] Eigene Beiträge","[365] Private Institutionen","3","3","36","365","11942.80"
"494","Gals","2009","[8] VOLKSWIRTSCHAFT","","","8","","","[3] Aufwand","[3] AUFWAND","[36] Eigene Beiträge","[365] Private Institutionen","3","3","36","365","5085.65"
"494","Gals","2009","[7] UMWELT UND RAUMORDNUNG","","","7","","","[3] Aufwand","[3] AUFWAND","[38] Einlagen in Spezialfinanzierungen","[380] Einlagen in Spezialfinanzierungen","3","3","38","380","174674.55"
"494","Gals","2009","[2] BILDUNG","","","2","","","[3] Aufwand","[3] AUFWAND","[39] Interne Verrechnungen","[390] Verrechneter Aufwand","3","3","39","390","3000.00"
"494","Gals","2009","[5] SOZIALE WOHLFAHRT","","","5","","","[3] Aufwand","[3] AUFWAND","[39] Interne Verrechnungen","[390] Verrechneter Aufwand","3","3","39","390","10000.00"
"494","Gals","2009","[7] UMWELT UND RAUMORDNUNG","","","7","","","[3] Aufwand","[3] AUFWAND","[39] Interne Verrechnungen","[390] Verrechneter Aufwand","3","3","39","390","8498.90"
"494","Gals","2009","[9] FINANZEN UND STEUERN","","","9","","","[3] Aufwand","[3] AUFWAND","[39] Interne Verrechnungen","[391] Verrechnete Zinsen","3","3","39","391","25621.65"
"494","Gals","2009","[9] FINANZEN UND STEUERN","","","9","","","[4] Ertrag","[4] ERTRAG","[40] Steuern","[401] Gewinn- und Kapitalsteuern","4","4","40","401","17096.40"
"494","Gals","2009","[9] FINANZEN UND STEUERN","","","9","","","[4] Ertrag","[4] ERTRAG","[40] Steuern","[402] Liegenschaftssteuern","4","4","40","402","165498.30"
"494","Gals","2009","[8] VOLKSWIRTSCHAFT","","","8","","","[4] Ertrag","[4] ERTRAG","[41] Regalien und Konzessionen","[410] Erträge aus Regalien und Konzessionen","4","4","41","410","28164.00"
"494","Gals","2009","[9] FINANZEN UND STEUERN","","","9","","","[4] Ertrag","[4] ERTRAG","[42] Vermögenserträge","[422] Anlagen des Finanzvermögens","4","4","42","422","1996.95"
"494","Gals","2009","[9] FINANZEN UND STEUERN","","","9","","","[4] Ertrag","[4] ERTRAG","[42] Vermögenserträge","[423] Liegenschaften des Finanzvermögens","4","4","42","423","99754.05"
"494","Gals","2009","[2] BILDUNG","","","2","","","[4] Ertrag","[4] ERTRAG","[42] Vermögenserträge","[427] Liegenschaften des Verwaltungsvermögens","4","4","42","427","13200.00"
"494","Gals","2009","[3] KULTUR UND FREIZEIT","","","3","","","[4] Ertrag","[4] ERTRAG","[42] Vermögenserträge","[428] Einnahmeüberschuss der Investitionsrechnung","4","4","42","428","2975.30"
"494","Gals","2009","[1] OEFFENTLICHE SICHERHEIT","","","1","","","[4] Ertrag","[4] ERTRAG","[43] Entgelte","[430] Ersatzabgaben","4","4","43","430","40678.10"
"494","Gals","2009","[0] ALLGEMEINE VERWALTUNG","","","0","","","[4] Ertrag","[4] ERTRAG","[43] Entgelte","[431] Gebühren für Amtshandlungen","4","4","43","431","120.00"
"494","Gals","2009","[1] OEFFENTLICHE SICHERHEIT","","","1","","","[4] Ertrag","[4] ERTRAG","[43] Entgelte","[431] Gebühren für Amtshandlungen","4","4","43","431","31914.25"
"494","Gals","2009","[6] VERKEHR","","","6","","","[4] Ertrag","[4] ERTRAG","[43] Entgelte","[431] Gebühren für Amtshandlungen","4","4","43","431","712.00"
"494","Gals","2009","[6] VERKEHR","","","6","","","[4] Ertrag","[4] ERTRAG","[43] Entgelte","[434] Andere Benützungsgebühren und Dienstleistungen","4","4","43","434","1750.95"
"494","Gals","2009","[7] UMWELT UND RAUMORDNUNG","","","7","","","[4] Ertrag","[4] ERTRAG","[43] Entgelte","[435] Uebrige Verkaufserlöse","4","4","43","435","119759.90"
"494","Gals","2009","[6] VERKEHR","","","6","","","[4] Ertrag","[4] ERTRAG","[43] Entgelte","[436] Rückerstattungen","4","4","43","436","1179.00"
"494","Gals","2009","[9] FINANZEN UND STEUERN","","","9","","","[4] Ertrag","[4] ERTRAG","[44] Anteile und Beiträge ohne Zweckbindungen","[441] Anteile an Kantonseinnahmen","4","4","44","441","17644.30"
"494","Gals","2009","[9] FINANZEN UND STEUERN","","","9","","","[4] Ertrag","[4] ERTRAG","[44] Anteile und Beiträge ohne Zweckbindungen","[444] Leistungen aus dem Finanzausgleich","4","4","44","444","131609.00"
"494","Gals","2009","[5] SOZIALE WOHLFAHRT","","","5","","","[4] Ertrag","[4] ERTRAG","[45] Rückerstattungen von Gemeinwesen","[451] Kanton","4","4","45","451","2781.35"
"494","Gals","2009","[8] VOLKSWIRTSCHAFT","","","8","","","[4] Ertrag","[4] ERTRAG","[46] Beiträge","[461] Kanton","4","4","46","461","14347.00"
"494","Gals","2009","[7] UMWELT UND RAUMORDNUNG","","","7","","","[4] Ertrag","[4] ERTRAG","[48] Entnahmen aus Spezialfinanzierungen","[480] Entnahmen aus Spezialfinanzierungen","4","4","48","480","45673.55"
"494","Gals","2009","[0] ALLGEMEINE VERWALTUNG","","","0","","","[4] Ertrag","[4] ERTRAG","[49] Interne Verrechnungen","[490] Verrechneter Aufwand","4","4","49","490","35000.00"
"494","Gals","2009","[7] UMWELT UND RAUMORDNUNG","","","7","","","[4] Ertrag","[4] ERTRAG","[49] Interne Verrechnungen","[491] Verrechnete Zinsen","4","4","49","491","21167.00"
"494","Gals","2009","[9] FINANZEN UND STEUERN","","","9","","","[4] Ertrag","[4] ERTRAG","[49] Interne Verrechnungen","[491] Verrechnete Zinsen","4","4","49","491","20857.25"
"494","Gals","2009","[0] ALLGEMEINE VERWALTUNG","","","0","","","[5] Ausgaben","[5] Ausgaben","[50] Sachgüter","[501] Tiefbauten","5","5","50","501","21992.20"
"494","Gals","2009","[9] FINANZEN UND STEUERN","","","9","","","[5] Ausgaben","[5] Ausgaben","[59] Passivierungen","[590] Passivierte Einnahmen","5","5","59","590","84224.45"
"494","Gals","2009","[9] FINANZEN UND STEUERN","","","9","","","[5] Ausgaben","[5] Ausgaben","[59] Passivierungen","[592] Uebertrag Einnahmenüberschuss in die Laufende Rechnung","5","5","59","592","59905.40"
"494","Gals","2009","[7] UMWELT UND RAUMORDNUNG","","","7","","","[6] Einnahmen","[6] Einnahmen","[61] Nutzungsabgaben und Vorteilsentgelte","[610] Beiträge Dritter für eigene Rechnung","6","6","61","610","91786.35"
"494","Gals","2009","[9] FINANZEN UND STEUERN","","","9","","","[6] Einnahmen","[6] Einnahmen","[66] Beiträge für eigene Rechnung","[669] Uebrige Beiträge für eigene Rechnung","6","6","66","669","5000.00"
"494","Gals","2009","[9] FINANZEN UND STEUERN","","","9","","","[6] Einnahmen","[6] Einnahmen","[69] Aktivierungen","[690] Aktivierte Ausgaben","6","6","69","690","261476.95"
"494","Gals","2010","[0] ALLGEMEINE VERWALTUNG","","","0","","","[3] Aufwand","[3] AUFWAND","[30] Personalaufwand","[300] Personalaufwand der Behörden und Kommissionen","3","3","30","300","18431.40"
"494","Gals","2010","[3] KULTUR UND FREIZEIT","","","3","","","[3] Aufwand","[3] AUFWAND","[30] Personalaufwand","[300] Personalaufwand der Behörden und Kommissionen","3","3","30","300","1260.00"
"494","Gals","2010","[0] ALLGEMEINE VERWALTUNG","","","0","","","[3] Aufwand","[3] AUFWAND","[30] Personalaufwand","[301] Löhne des Verwaltungs- + Betriebspersonals","3","3","30","301","118441.75"
"494","Gals","2010","[2] BILDUNG","","","2","","","[3] Aufwand","[3] AUFWAND","[30] Personalaufwand","[301] Löhne des Verwaltungs- + Betriebspersonals","3","3","30","301","44989.75"
"494","Gals","2010","[7] UMWELT UND RAUMORDNUNG","","","7","","","[3] Aufwand","[3] AUFWAND","[30] Personalaufwand","[301] Löhne des Verwaltungs- + Betriebspersonals","3","3","30","301","46495.25"
"494","Gals","2010","[8] VOLKSWIRTSCHAFT","","","8","","","[3] Aufwand","[3] AUFWAND","[30] Personalaufwand","[301] Löhne des Verwaltungs- + Betriebspersonals","3","3","30","301","3744.10"
"494","Gals","2010","[0] ALLGEMEINE VERWALTUNG","","","0","","","[3] Aufwand","[3] AUFWAND","[30] Personalaufwand","[303] Sozialversicherungsbeiträge","3","3","30","303","9265.20"
"494","Gals","2010","[3] KULTUR UND FREIZEIT","","","3","","","[3] Aufwand","[3] AUFWAND","[30] Personalaufwand","[303] Sozialversicherungsbeiträge","3","3","30","303","339.70"
"494","Gals","2010","[6] VERKEHR","","","6","","","[3] Aufwand","[3] AUFWAND","[30] Personalaufwand","[303] Sozialversicherungsbeiträge","3","3","30","303","1686.05"
"494","Gals","2010","[8] VOLKSWIRTSCHAFT","","","8","","","[3] Aufwand","[3] AUFWAND","[30] Personalaufwand","[303] Sozialversicherungsbeiträge","3","3","30","303","228.95"
"494","Gals","2010","[2] BILDUNG","","","2","","","[3] Aufwand","[3] AUFWAND","[30] Personalaufwand","[304] Personalversicherungsbeiträge","3","3","30","304","2243.65"
"494","Gals","2010","[6] VERKEHR","","","6","","","[3] Aufwand","[3] AUFWAND","[30] Personalaufwand","[305] Unfall- und Krankenversicherungsbeiträge","3","3","30","305","2742.40"
"494","Gals","2010","[2] BILDUNG","","","2","","","[3] Aufwand","[3] AUFWAND","[30] Personalaufwand","[309] Uebriger Personalaufwand","3","3","30","309","921.00"
"494","Gals","2010","[9] FINANZEN UND STEUERN","","","9","","","[3] Aufwand","[3] AUFWAND","[31] Sachaufwand","[310] Büro- und Schulmaterialien, Drucksachen","3","3","31","310","37.45"
"494","Gals","2010","[0] ALLGEMEINE VERWALTUNG","","","0","","","[3] Aufwand","[3] AUFWAND","[31] Sachaufwand","[311] Anschaffung Mobilien, Maschinen, Fahrzeuge","3","3","31","311","324.20"
"494","Gals","2010","[6] VERKEHR","","","6","","","[3] Aufwand","[3] AUFWAND","[31] Sachaufwand","[311] Anschaffung Mobilien, Maschinen, Fahrzeuge","3","3","31","311","367.65"
"494","Gals","2010","[2] BILDUNG","","","2","","","[3] Aufwand","[3] AUFWAND","[31] Sachaufwand","[312] Wasser, Energie, Heizmaterialien","3","3","31","312","16681.80"
"494","Gals","2010","[7] UMWELT UND RAUMORDNUNG","","","7","","","[3] Aufwand","[3] AUFWAND","[31] Sachaufwand","[312] Wasser, Energie, Heizmaterialien","3","3","31","312","113.40"
"494","Gals","2010","[6] VERKEHR","","","6","","","[3] Aufwand","[3] AUFWAND","[31] Sachaufwand","[313] Verbrauchsmaterialien","3","3","31","313","9099.50"
"494","Gals","2010","[0] ALLGEMEINE VERWALTUNG","","","0","","","[3] Aufwand","[3] AUFWAND","[31] Sachaufwand","[314] Dienstleistungen Dritter für den baulichen Unterhalt","3","3","31","314","3319.20"
"494","Gals","2010","[2] BILDUNG","","","2","","","[3] Aufwand","[3] AUFWAND","[31] Sachaufwand","[314] Dienstleistungen Dritter für den baulichen Unterhalt","3","3","31","314","2043.75"
"494","Gals","2010","[3] KULTUR UND FREIZEIT","","","3","","","[3] Aufwand","[3] AUFWAND","[31] Sachaufwand","[314] Dienstleistungen Dritter für den baulichen Unterhalt","3","3","31","314","4842.50"
"494","Gals","2010","[8] VOLKSWIRTSCHAFT","","","8","","","[3] Aufwand","[3] AUFWAND","[31] Sachaufwand","[314] Dienstleistungen Dritter für den baulichen Unterhalt","3","3","31","314","19513.55"
"494","Gals","2010","[2] BILDUNG","","","2","","","[3] Aufwand","[3] AUFWAND","[31] Sachaufwand","[315] Dienstleistungen Dritter für den übrigen Unterhalt","3","3","31","315","549.50"
"494","Gals","2010","[7] UMWELT UND RAUMORDNUNG","","","7","","","[3] Aufwand","[3] AUFWAND","[31] Sachaufwand","[315] Dienstleistungen Dritter für den übrigen Unterhalt","3","3","31","315","916.80"
"494","Gals","2010","[6] VERKEHR","","","6","","","[3] Aufwand","[3] AUFWAND","[31] Sachaufwand","[316] Mieten, Pachten, Benützungskosten","3","3","31","316","1000.00"
"494","Gals","2010","[0] ALLGEMEINE VERWALTUNG","","","0","","","[3] Aufwand","[3] AUFWAND","[31] Sachaufwand","[317] Spesenentschädigungen","3","3","31","317","8583.15"
"494","Gals","2010","[2] BILDUNG","","","2","","","[3] Aufwand","[3] AUFWAND","[31] Sachaufwand","[317] Spesenentschädigungen","3","3","31","317","5500.00"
"494","Gals","2010","[1] OEFFENTLICHE SICHERHEIT","","","1","","","[3] Aufwand","[3] AUFWAND","[31] Sachaufwand","[318] Dienstleistungen und Honorare, allg. Verwaltungsaufwand","3","3","31","318","39870.15"
"494","Gals","2010","[4] GESUNDHEIT","","","4","","","[3] Aufwand","[3] AUFWAND","[31] Sachaufwand","[318] Dienstleistungen und Honorare, allg. Verwaltungsaufwand","3","3","31","318","1997.40"
"494","Gals","2010","[6] VERKEHR","","","6","","","[3] Aufwand","[3] AUFWAND","[31] Sachaufwand","[318] Dienstleistungen und Honorare, allg. Verwaltungsaufwand","3","3","31","318","636.40"
"494","Gals","2010","[9] FINANZEN UND STEUERN","","","9","","","[3] Aufwand","[3] AUFWAND","[31] Sachaufwand","[318] Dienstleistungen und Honorare, allg. Verwaltungsaufwand","3","3","31","318","3365.40"
"494","Gals","2010","[8] VOLKSWIRTSCHAFT","","","8","","","[3] Aufwand","[3] AUFWAND","[31] Sachaufwand","[319] Uebriger Sachaufwand","3","3","31","319","194.80"
"494","Gals","2010","[9] FINANZEN UND STEUERN","","","9","","","[3] Aufwand","[3] AUFWAND","[32] Passivzinsen","[321] Kurzfristige Schulden","3","3","32","321","6532.75"
"494","Gals","2010","[7] UMWELT UND RAUMORDNUNG","","","7","","","[3] Aufwand","[3] AUFWAND","[33] Abschreibungen","[331] Verwaltungsvermögen - harmonisierte Abschreibungen","3","3","33","331","111595.45"
"494","Gals","2010","[9] FINANZEN UND STEUERN","","","9","","","[3] Aufwand","[3] AUFWAND","[33] Abschreibungen","[331] Verwaltungsvermögen - harmonisierte Abschreibungen","3","3","33","331","27330.95"
"494","Gals","2010","[0] ALLGEMEINE VERWALTUNG","","","0","","","[3] Aufwand","[3] AUFWAND","[35] Entschädigungen an Gemeinwesen","[351] Kanton","3","3","35","351","10277.45"
"494","Gals","2010","[2] BILDUNG","","","2","","","[3] Aufwand","[3] AUFWAND","[35] Entschädigungen an Gemeinwesen","[351] Kanton","3","3","35","351","253376.90"
"494","Gals","2010","[5] SOZIALE WOHLFAHRT","","","5","","","[3] Aufwand","[3] AUFWAND","[35] Entschädigungen an Gemeinwesen","[351] Kanton","3","3","35","351","292484.95"
"494","Gals","2010","[2] BILDUNG","","","2","","","[3] Aufwand","[3] AUFWAND","[35] Entschädigungen an Gemeinwesen","[352] Gemeinden","3","3","35","352","33243.00"
"494","Gals","2010","[7] UMWELT UND RAUMORDNUNG","","","7","","","[3] Aufwand","[3] AUFWAND","[35] Entschädigungen an Gemeinwesen","[352] Gemeinden","3","3","35","352","2393.90"
"494","Gals","2010","[6] VERKEHR","","","6","","","[3] Aufwand","[3] AUFWAND","[36] Eigene Beiträge","[361] Kanton","3","3","36","361","56734.00"
"494","Gals","2010","[9] FINANZEN UND STEUERN","","","9","","","[3] Aufwand","[3] AUFWAND","[36] Eigene Beiträge","[361] Kanton","3","3","36","361","11586.00"
"494","Gals","2010","[2] BILDUNG","","","2","","","[3] Aufwand","[3] AUFWAND","[36] Eigene Beiträge","[362] Gemeinden","3","3","36","362","126447.49"
"494","Gals","2010","[5] SOZIALE WOHLFAHRT","","","5","","","[3] Aufwand","[3] AUFWAND","[36] Eigene Beiträge","[362] Gemeinden","3","3","36","362","10487.35"
"494","Gals","2010","[7] UMWELT UND RAUMORDNUNG","","","7","","","[3] Aufwand","[3] AUFWAND","[36] Eigene Beiträge","[362] Gemeinden","3","3","36","362","223091.05"
"494","Gals","2010","[8] VOLKSWIRTSCHAFT","","","8","","","[3] Aufwand","[3] AUFWAND","[36] Eigene Beiträge","[362] Gemeinden","3","3","36","362","635.90"
"494","Gals","2010","[5] SOZIALE WOHLFAHRT","","","5","","","[3] Aufwand","[3] AUFWAND","[36] Eigene Beiträge","[365] Private Institutionen","3","3","36","365","3796.30"
"494","Gals","2010","[7] UMWELT UND RAUMORDNUNG","","","7","","","[3] Aufwand","[3] AUFWAND","[36] Eigene Beiträge","[365] Private Institutionen","3","3","36","365","4522.00"
"494","Gals","2010","[3] KULTUR UND FREIZEIT","","","3","","","[3] Aufwand","[3] AUFWAND","[36] Eigene Beiträge","[366] Private Haushalte","3","3","36","366","10817.00"
"494","Gals","2010","[0] ALLGEMEINE VERWALTUNG","","","0","","","[3] Aufwand","[3] AUFWAND","[39] Interne Verrechnungen","[390] Verrechneter Aufwand","3","3","39","390","3000.00"
"494","Gals","2010","[3] KULTUR UND FREIZEIT","","","3","","","[3] Aufwand","[3] AUFWAND","[39] Interne Verrechnungen","[390] Verrechneter Aufwand","3","3","39","390","3000.00"
"494","Gals","2010","[6] VERKEHR","","","6","","","[3] Aufwand","[3] AUFWAND","[39] Interne Verrechnungen","[390] Verrechneter Aufwand","3","3","39","390","3000.00"
"494","Gals","2010","[9] FINANZEN UND STEUERN","","","9","","","[3] Aufwand","[3] AUFWAND","[39] Interne Verrechnungen","[390] Verrechneter Aufwand","3","3","39","390","7000.00"
"494","Gals","2010","[7] UMWELT UND RAUMORDNUNG","","","7","","","[3] Aufwand","[3] AUFWAND","[39] Interne Verrechnungen","[391] Verrechnete Zinsen","3","3","39","391","17172.25"
"494","Gals","2010","[9] FINANZEN UND STEUERN","","","9","","","[3] Aufwand","[3] AUFWAND","[39] Interne Verrechnungen","[395] Verrechneter Ertrag","3","3","39","395","26442.70"
"494","Gals","2010","[9] FINANZEN UND STEUERN","","","9","","","[4] Ertrag","[4] ERTRAG","[40] Steuern","[400] Einkommens- und Vermögenssteuern","4","4","40","400","1740417.25"
"494","Gals","2010","[9] FINANZEN UND STEUERN","","","9","","","[4] Ertrag","[4] ERTRAG","[40] Steuern","[403] Vermögensgewinnsteuern","4","4","40","403","38093.50"
"494","Gals","2010","[9] FINANZEN UND STEUERN","","","9","","","[4] Ertrag","[4] ERTRAG","[40] Steuern","[406] Besitz- und Aufwandsteuern","4","4","40","406","4560.00"
"494","Gals","2010","[9] FINANZEN UND STEUERN","","","9","","","[4] Ertrag","[4] ERTRAG","[42] Vermögenserträge","[421] Flüssige Mittel und Guthaben","4","4","42","421","10084.40"
"494","Gals","2010","[0] ALLGEMEINE VERWALTUNG","","","0","","","[4] Ertrag","[4] ERTRAG","[42] Vermögenserträge","[427] Liegenschaften des Verwaltungsvermögens","4","4","42","427","16950.00"
"494","Gals","2010","[3] KULTUR UND FREIZEIT","","","3","","","[4] Ertrag","[4] ERTRAG","[42] Vermögenserträge","[427] Liegenschaften des Verwaltungsvermögens","4","4","42","427","2000.00"
"494","Gals","2010","[7] UMWELT UND RAUMORDNUNG","","","7","","","[4] Ertrag","[4] ERTRAG","[43] Entgelte","[431] Gebühren für Amtshandlungen","4","4","43","431","213.75"
"494","Gals","2010","[7] UMWELT UND RAUMORDNUNG","","","7","","","[4] Ertrag","[4] ERTRAG","[43] Entgelte","[434] Andere Benützungsgebühren und Dienstleistungen","4","4","43","434","281123.05"
"494","Gals","2010","[3] KULTUR UND FREIZEIT","","","3","","","[4] Ertrag","[4] ERTRAG","[43] Entgelte","[435] Uebrige Verkaufserlöse","4","4","43","435","44535.72"
"494","Gals","2010","[8] VOLKSWIRTSCHAFT","","","8","","","[4] Ertrag","[4] ERTRAG","[43] Entgelte","[435] Uebrige Verkaufserlöse","4","4","43","435","14274.65"
"494","Gals","2010","[0] ALLGEMEINE VERWALTUNG","","","0","","","[4] Ertrag","[4] ERTRAG","[43] Entgelte","[436] Rückerstattungen","4","4","43","436","25379.75"
"494","Gals","2010","[2] BILDUNG","","","2","","","[4] Ertrag","[4] ERTRAG","[43] Entgelte","[436] Rückerstattungen","4","4","43","436","2207.30"
"494","Gals","2010","[7] UMWELT UND RAUMORDNUNG","","","7","","","[4] Ertrag","[4] ERTRAG","[43] Entgelte","[436] Rückerstattungen","4","4","43","436","1777.50"
"494","Gals","2010","[0] ALLGEMEINE VERWALTUNG","","","0","","","[4] Ertrag","[4] ERTRAG","[45] Rückerstattungen von Gemeinwesen","[451] Kanton","4","4","45","451","651.00"
"494","Gals","2010","[6] VERKEHR","","","6","","","[4] Ertrag","[4] ERTRAG","[45] Rückerstattungen von Gemeinwesen","[451] Kanton","4","4","45","451","62433.60"
"494","Gals","2010","[1] OEFFENTLICHE SICHERHEIT","","","1","","","[4] Ertrag","[4] ERTRAG","[46] Beiträge","[461] Kanton","4","4","46","461","791.00"
"494","Gals","2010","[9] FINANZEN UND STEUERN","","","9","","","[4] Ertrag","[4] ERTRAG","[46] Beiträge","[469] Uebrige Beiträge für eigene Rechnung","4","4","46","469","86809.45"
"494","Gals","2010","[3] KULTUR UND FREIZEIT","","","3","","","[4] Ertrag","[4] ERTRAG","[48] Entnahmen aus Spezialfinanzierungen","[480] Entnahmen aus Spezialfinanzierungen","4","4","48","480","4158.98"
"494","Gals","2010","[7] UMWELT UND RAUMORDNUNG","","","7","","","[4] Ertrag","[4] ERTRAG","[49] Interne Verrechnungen","[490] Verrechneter Aufwand","4","4","49","490","2393.90"
"494","Gals","2010","[7] UMWELT UND RAUMORDNUNG","","","7","","","[4] Ertrag","[4] ERTRAG","[49] Interne Verrechnungen","[495] Verrechneter Ertrag","4","4","49","495","21616.00"
"494","Gals","2010","[3] KULTUR UND FREIZEIT","","","3","","","[5] Ausgaben","[5] Ausgaben","[50] Sachgüter","[501] Tiefbauten","5","5","50","501","3979.20"
"494","Gals","2010","[6] VERKEHR","","","6","","","[5] Ausgaben","[5] Ausgaben","[50] Sachgüter","[501] Tiefbauten","5","5","50","501","115794.75"
"494","Gals","2010","[3] KULTUR UND FREIZEIT","","","3","","","[6] Einnahmen","[6] Einnahmen","[61] Nutzungsabgaben und Vorteilsentgelte","[610] Beiträge Dritter für eigene Rechnung","6","6","61","610","3900.00"
"494","Gals","2010","[6] VERKEHR","","","6","","","[6] Einnahmen","[6] Einnahmen","[61] Nutzungsabgaben und Vorteilsentgelte","[610] Beiträge Dritter für eigene Rechnung","6","6","61","610","4848.70"
"494","Gals","2006","","","","","","","[1] Aktiven","[10] Finanzvermögen","[100] Flüssige Mittel","[1000] Kasse","1","10","100","1000","3262.14"
"494","Gals","2007","","","","","","","[1] Aktiven","[10] Finanzvermögen","[100] Flüssige Mittel","[1000] Kasse","1","10","100","1000","311.89"
"494","Gals","2008","","","","","","","[1] Aktiven","[10] Finanzvermögen","[100] Flüssige Mittel","[1000] Kasse","1","10","100","1000","1917.79"
"494","Gals","2010","","","","","","","[1] Aktiven","[10] Finanzvermögen","[100] Flüssige Mittel","[1000] Kasse","1","10","100","1000","2196.44"
"494","Gals","2006","","","","","","","[1] Aktiven","[10] Finanzvermögen","[100] Flüssige Mittel","[1001] Post","1","10","100","1001","451485.87"
"494","Gals","2008","","","","","","","[1] Aktiven","[10] Finanzvermögen","[100] Flüssige Mittel","[1001] Post","1","10","100","1001","496863.28"
"494","Gals","2009","","","","","","","[1] Aktiven","[10] Finanzvermögen","[100] Flüssige Mittel","[1001] Post","1","10","100","1001","881051.32"
"494","Gals","2010","","","","","","","[1] Aktiven","[10] Finanzvermögen","[100] Flüssige Mittel","[1001] Post","1","10","100","1001","1177746.92"
"494","Gals","2006","","","","","","","[1] Aktiven","[10] Finanzvermögen","[100] Flüssige Mittel","[1002] Banken","1","10","100","1002","274466.38"
"494","Gals","2009","","","","","","","[1] Aktiven","[10] Finanzvermögen","[100] Flüssige Mittel","[1002] Banken","1","10","100","1002","330492.25"
"494","Gals","2009","","","","","","","[1] Aktiven","[10] Finanzvermögen","[101] Guthaben","[1012] Steuerguthaben","1","10","101","1012","645864.80"
"494","Gals","2009","","","","","","","[1] Aktiven","[10] Finanzvermögen","[101] Guthaben","[1013] Rückerstattungen von Gemeinwesen","1","10","101","1013","179000.00"
"494","Gals","2006","","","","","","","[1] Aktiven","[10] Finanzvermögen","[101] Guthaben","[1015] Andere Debitoren","1","10","101","1015","173033.39"
"494","Gals","2007","","","","","","","[1] Aktiven","[10] Finanzvermögen","[101] Guthaben","[1015] Andere Debitoren","1","10","101","1015","189275.91"
"494","Gals","2008","","","","","","","[1] Aktiven","[10] Finanzvermögen","[101] Guthaben","[1015] Andere Debitoren","1","10","101","1015","145664.13"
"494","Gals","2010","","","","","","","[1] Aktiven","[10] Finanzvermögen","[101] Guthaben","[1015] Andere Debitoren","1","10","101","1015","170500.68"
"494","Gals","2008","","","","","","","[1] Aktiven","[10] Finanzvermögen","[101] Guthaben","[1016] Festgelder","1","10","101","1016","200000.00"
"494","Gals","2009","","","","","","","[1] Aktiven","[10] Finanzvermögen","[102] Anlagen","[1021] Aktien und Anteilscheine","1","10","102","1021","1000.00"
"494","Gals","2007","","","","","","","[1] Aktiven","[10] Finanzvermögen","[102] Anlagen","[1023] Liegenschaften","1","10","102","1023","1871042.20"
"494","Gals","2008","","","","","","","[1] Aktiven","[10] Finanzvermögen","[102] Anlagen","[1023] Liegenschaften","1","10","102","1023","1871042.20"
"494","Gals","2010","","","","","","","[1] Aktiven","[10] Finanzvermögen","[102] Anlagen","[1023] Liegenschaften","1","10","102","1023","1871042.20"
"494","Gals","2007","","","","","","","[1] Aktiven","[10] Finanzvermögen","[103] Transitorische Aktiven","[1030] Transitorische Aktiven","1","10","103","1030","3208.65"
"494","Gals","2006","","","","","","","[1] Aktiven","[11] Verwaltungsvermögen","[114] Sachgüter","[1140] Grundstücke","1","11","114","1140","1.50"
"494","Gals","2007","","","","","","","[1] Aktiven","[11] Verwaltungsvermögen","[114] Sachgüter","[1140] Grundstücke","1","11","114","1140","1.50"
"494","Gals","2008","","","","","","","[1] Aktiven","[11] Verwaltungsvermögen","[114] Sachgüter","[1140] Grundstücke","1","11","114","1140","1.50"
"494","Gals","2010","","","","","","","[1] Aktiven","[11] Verwaltungsvermögen","[114] Sachgüter","[1140] Grundstücke","1","11","114","1140","1.50"
"494","Gals","2006","","","","","","","[1] Aktiven","[11] Verwaltungsvermögen","[114] Sachgüter","[1141] Tiefbauten","1","11","114","1141","1042691.80"
"494","Gals","2007","","","","","","","[1] Aktiven","[11] Verwaltungsvermögen","[114] Sachgüter","[1141] Tiefbauten","1","11","114","1141","834866.85"
"494","Gals","2008","","","","","","","[1] Aktiven","[11] Verwaltungsvermögen","[114] Sachgüter","[1141] Tiefbauten","1","11","114","1141","684632.15"
"494","Gals","2010","","","","","","","[1] Aktiven","[11] Verwaltungsvermögen","[114] Sachgüter","[1141] Tiefbauten","1","11","114","1141","564089.90"
"494","Gals","2006","","","","","","","[1] Aktiven","[11] Verwaltungsvermögen","[114] Sachgüter","[1143] Hochbauten","1","11","114","1143","209565.10"
"494","Gals","2008","","","","","","","[1] Aktiven","[11] Verwaltungsvermögen","[114] Sachgüter","[1143] Hochbauten","1","11","114","1143","80427.15"
"494","Gals","2010","","","","","","","[1] Aktiven","[11] Verwaltungsvermögen","[114] Sachgüter","[1143] Hochbauten","1","11","114","1143","1.00"
"494","Gals","2009","","","","","","","[1] Aktiven","[11] Verwaltungsvermögen","[114] Sachgüter","[1146] Mobilien, Maschinen, Fahrzeuge ","1","11","114","1146","2.00"
"494","Gals","2006","","","","","","","[1] Aktiven","[11] Verwaltungsvermögen","[114] Sachgüter","[1149] Uebrige Sachgüter","1","11","114","1149","1.00"
"494","Gals","2007","","","","","","","[1] Aktiven","[11] Verwaltungsvermögen","[114] Sachgüter","[1149] Uebrige Sachgüter","1","11","114","1149","1.00"
"494","Gals","2008","","","","","","","[1] Aktiven","[11] Verwaltungsvermögen","[114] Sachgüter","[1149] Uebrige Sachgüter","1","11","114","1149","1.00"
"494","Gals","2010","","","","","","","[1] Aktiven","[11] Verwaltungsvermögen","[114] Sachgüter","[1149] Uebrige Sachgüter","1","11","114","1149","1.00"
"494","Gals","2009","","","","","","","[1] Aktiven","[11] Verwaltungsvermögen","[115] Darlehen und Beteiligungen","[1154] Gemischtwirtschaftliche Unternehmungen","1","11","115","1154","5024.00"
"494","Gals","2009","","","","","","","[1] Aktiven","[11] Verwaltungsvermögen","[115] Darlehen und Beteiligungen","[1155] Private Institutionen","1","11","115","1155","8100.00"
"494","Gals","2009","","","","","","","[1] Aktiven","[11] Verwaltungsvermögen","[117] Uebrige aktiverte Ausgaben","[1171] Raumplanung","1","11","117","1171","1.00"
"494","Gals","2009","","","","","","","[1] Aktiven","[12] Spezialfinanzierungen","[128] Vorschüsse für Spezialfinanzierungen","[1280] Vorschüsse für Spezialfinanzierungen gestützt auf übergeordnetes Recht","1","12","128","1280","251682.44"
"494","Gals","2007","","","","","","","[2] Passiven","[20] Fremdkapital","[200] Laufende Verpflichtungen","[2000] Kreditoren","2","20","200","2000","429712.15"
"494","Gals","2006","","","","","","","[2] Passiven","[20] Fremdkapital","[200] Laufende Verpflichtungen","[2001] Depotgelder","2","20","200","2001","3000.00"
"494","Gals","2007","","","","","","","[2] Passiven","[20] Fremdkapital","[200] Laufende Verpflichtungen","[2001] Depotgelder","2","20","200","2001","3000.00"
"494","Gals","2008","","","","","","","[2] Passiven","[20] Fremdkapital","[200] Laufende Verpflichtungen","[2001] Depotgelder","2","20","200","2001","3000.00"
"494","Gals","2010","","","","","","","[2] Passiven","[20] Fremdkapital","[200] Laufende Verpflichtungen","[2001] Depotgelder","2","20","200","2001","2834.50"
"494","Gals","2009","","","","","","","[2] Passiven","[20] Fremdkapital","[200] Laufende Verpflichtungen","[2005] Durchlaufende Beiträge","2","20","200","2005","5715.53"
"494","Gals","2007","","","","","","","[2] Passiven","[20] Fremdkapital","[200] Laufende Verpflichtungen","[2009] Uebrige laufende Verpflichtungen","2","20","200","2009","18104.70"
"494","Gals","2008","","","","","","","[2] Passiven","[20] Fremdkapital","[200] Laufende Verpflichtungen","[2009] Uebrige laufende Verpflichtungen","2","20","200","2009","17656.90"
"494","Gals","2010","","","","","","","[2] Passiven","[20] Fremdkapital","[200] Laufende Verpflichtungen","[2009] Uebrige laufende Verpflichtungen","2","20","200","2009","12536.70"
"494","Gals","2006","","","","","","","[2] Passiven","[20] Fremdkapital","[201] Kurzfristige Schulden","[2010] Banken","2","20","201","2010","-22524.77"
"494","Gals","2007","","","","","","","[2] Passiven","[20] Fremdkapital","[201] Kurzfristige Schulden","[2010] Banken","2","20","201","2010","139944.93"
"494","Gals","2008","","","","","","","[2] Passiven","[20] Fremdkapital","[201] Kurzfristige Schulden","[2010] Banken","2","20","201","2010","-31389.17"
"494","Gals","2006","","","","","","","[2] Passiven","[20] Fremdkapital","[202] Mittel- und langfristige Schulden","[2021] Schuldscheine","2","20","202","2021","44888.80"
"494","Gals","2009","","","","","","","[2] Passiven","[20] Fremdkapital","[202] Mittel- und langfristige Schulden","[2021] Schuldscheine","2","20","202","2021","44888.80"
"494","Gals","2010","","","","","","","[2] Passiven","[20] Fremdkapital","[202] Mittel- und langfristige Schulden","[2021] Schuldscheine","2","20","202","2021","44888.80"
"494","Gals","2009","","","","","","","[2] Passiven","[20] Fremdkapital","[202] Mittel- und langfristige Schulden","[2023] Obligationenanleihen","2","20","202","2023","1850000.00"
"494","Gals","2007","","","","","","","[2] Passiven","[20] Fremdkapital","[205] Transitorische Passiven","[2050] Transitorische Passiven","2","20","205","2050","3460.00"
"494","Gals","2006","","","","","","","[2] Passiven","[22] Spezialfinanzierungen","[228] Verpflichtungen für Spezialfinanzierungen","[2280] Spezialfinanzierungen gestützt auf übergeordnetes Recht","2","22","228","2280","1205417.55"
"494","Gals","2008","","","","","","","[2] Passiven","[22] Spezialfinanzierungen","[228] Verpflichtungen für Spezialfinanzierungen","[2280] Spezialfinanzierungen gestützt auf übergeordnetes Recht","2","22","228","2280","1305708.55"
"494","Gals","2009","","","","","","","[2] Passiven","[22] Spezialfinanzierungen","[228] Verpflichtungen für Spezialfinanzierungen","[2280] Spezialfinanzierungen gestützt auf übergeordnetes Recht","2","22","228","2280","1328156.70"
"494","Gals","2010","","","","","","","[2] Passiven","[22] Spezialfinanzierungen","[228] Verpflichtungen für Spezialfinanzierungen","[2280] Spezialfinanzierungen gestützt auf übergeordnetes Recht","2","22","228","2280","1238711.35"
"494","Gals","2009","","","","","","","[2] Passiven","[22] Spezialfinanzierungen","[228] Verpflichtungen für Spezialfinanzierungen","[2281] Spezialfinanzierungen gestützt auf Gemeindereglemente","2","22","228","2281","320821.47"
"494","Gals","2009","","","","","","","[2] Passiven","[23] Eigenkapital","[239] Eigenkapital","[2390] Eigenkapital","2","23","239","2390","1103175.36"
"494","Gals","2009","","","","","","","[1] Aktiven","[10] Finanzvermögen","[100] Flüssige Mittel","[1000] Kasse","1","10","100","1000","2555.94"
"494","Gals","2007","","","","","","","[1] Aktiven","[10] Finanzvermögen","[100] Flüssige Mittel","[1001] Post","1","10","100","1001","764385.71"
"494","Gals","2007","","","","","","","[1] Aktiven","[10] Finanzvermögen","[100] Flüssige Mittel","[1002] Banken","1","10","100","1002","-2007.17"
"494","Gals","2008","","","","","","","[1] Aktiven","[10] Finanzvermögen","[100] Flüssige Mittel","[1002] Banken","1","10","100","1002","7532.78"
"494","Gals","2010","","","","","","","[1] Aktiven","[10] Finanzvermögen","[100] Flüssige Mittel","[1002] Banken","1","10","100","1002","452274.95"
"494","Gals","2006","","","","","","","[1] Aktiven","[10] Finanzvermögen","[101] Guthaben","[1012] Steuerguthaben","1","10","101","1012","665921.80"
"494","Gals","2007","","","","","","","[1] Aktiven","[10] Finanzvermögen","[101] Guthaben","[1012] Steuerguthaben","1","10","101","1012","744816.15"
"494","Gals","2008","","","","","","","[1] Aktiven","[10] Finanzvermögen","[101] Guthaben","[1012] Steuerguthaben","1","10","101","1012","808554.60"
"494","Gals","2010","","","","","","","[1] Aktiven","[10] Finanzvermögen","[101] Guthaben","[1012] Steuerguthaben","1","10","101","1012","716021.30"
"494","Gals","2006","","","","","","","[1] Aktiven","[10] Finanzvermögen","[101] Guthaben","[1013] Rückerstattungen von Gemeinwesen","1","10","101","1013","167000.00"
"494","Gals","2007","","","","","","","[1] Aktiven","[10] Finanzvermögen","[101] Guthaben","[1013] Rückerstattungen von Gemeinwesen","1","10","101","1013","179000.00"
"494","Gals","2008","","","","","","","[1] Aktiven","[10] Finanzvermögen","[101] Guthaben","[1013] Rückerstattungen von Gemeinwesen","1","10","101","1013","182000.00"
"494","Gals","2010","","","","","","","[1] Aktiven","[10] Finanzvermögen","[101] Guthaben","[1013] Rückerstattungen von Gemeinwesen","1","10","101","1013","195000.00"
"494","Gals","2009","","","","","","","[1] Aktiven","[10] Finanzvermögen","[101] Guthaben","[1015] Andere Debitoren","1","10","101","1015","201527.36"
"494","Gals","2007","","","","","","","[1] Aktiven","[10] Finanzvermögen","[101] Guthaben","[1019] Uebrige Guthaben","1","10","101","1019","18429.60"
"494","Gals","2010","","","","","","","[1] Aktiven","[10] Finanzvermögen","[101] Guthaben","[1019] Uebrige Guthaben","1","10","101","1019","23753.30"
"494","Gals","2006","","","","","","","[1] Aktiven","[10] Finanzvermögen","[102] Anlagen","[1021] Aktien und Anteilscheine","1","10","102","1021","1000.00"
"494","Gals","2007","","","","","","","[1] Aktiven","[10] Finanzvermögen","[102] Anlagen","[1021] Aktien und Anteilscheine","1","10","102","1021","1000.00"
"494","Gals","2008","","","","","","","[1] Aktiven","[10] Finanzvermögen","[102] Anlagen","[1021] Aktien und Anteilscheine","1","10","102","1021","1000.00"
"494","Gals","2010","","","","","","","[1] Aktiven","[10] Finanzvermögen","[102] Anlagen","[1021] Aktien und Anteilscheine","1","10","102","1021","1000.00"
"494","Gals","2006","","","","","","","[1] Aktiven","[10] Finanzvermögen","[102] Anlagen","[1023] Liegenschaften","1","10","102","1023","1867500.00"
"494","Gals","2009","","","","","","","[1] Aktiven","[10] Finanzvermögen","[102] Anlagen","[1023] Liegenschaften","1","10","102","1023","1871042.20"
"494","Gals","2008","","","","","","","[1] Aktiven","[10] Finanzvermögen","[103] Transitorische Aktiven","[1030] Transitorische Aktiven","1","10","103","1030","40339.05"
"494","Gals","2010","","","","","","","[1] Aktiven","[10] Finanzvermögen","[103] Transitorische Aktiven","[1030] Transitorische Aktiven","1","10","103","1030","3259.00"
"494","Gals","2009","","","","","","","[1] Aktiven","[11] Verwaltungsvermögen","[114] Sachgüter","[1140] Grundstücke","1","11","114","1140","1.50"
"494","Gals","2009","","","","","","","[1] Aktiven","[11] Verwaltungsvermögen","[114] Sachgüter","[1141] Tiefbauten","1","11","114","1141","638326.70"
"494","Gals","2007","","","","","","","[1] Aktiven","[11] Verwaltungsvermögen","[114] Sachgüter","[1143] Hochbauten","1","11","114","1143","88608.60"
"494","Gals","2009","","","","","","","[1] Aktiven","[11] Verwaltungsvermögen","[114] Sachgüter","[1143] Hochbauten","1","11","114","1143","131888.40"
"494","Gals","2006","","","","","","","[1] Aktiven","[11] Verwaltungsvermögen","[114] Sachgüter","[1146] Mobilien, Maschinen, Fahrzeuge ","1","11","114","1146","2.00"
"494","Gals","2007","","","","","","","[1] Aktiven","[11] Verwaltungsvermögen","[114] Sachgüter","[1146] Mobilien, Maschinen, Fahrzeuge ","1","11","114","1146","2.00"
"494","Gals","2008","","","","","","","[1] Aktiven","[11] Verwaltungsvermögen","[114] Sachgüter","[1146] Mobilien, Maschinen, Fahrzeuge ","1","11","114","1146","2.00"
"494","Gals","2010","","","","","","","[1] Aktiven","[11] Verwaltungsvermögen","[114] Sachgüter","[1146] Mobilien, Maschinen, Fahrzeuge ","1","11","114","1146","2.00"
"494","Gals","2009","","","","","","","[1] Aktiven","[11] Verwaltungsvermögen","[114] Sachgüter","[1149] Uebrige Sachgüter","1","11","114","1149","1.00"
"494","Gals","2006","","","","","","","[1] Aktiven","[11] Verwaltungsvermögen","[115] Darlehen und Beteiligungen","[1154] Gemischtwirtschaftliche Unternehmungen","1","11","115","1154","5024.00"
"494","Gals","2007","","","","","","","[1] Aktiven","[11] Verwaltungsvermögen","[115] Darlehen und Beteiligungen","[1154] Gemischtwirtschaftliche Unternehmungen","1","11","115","1154","5024.00"
"494","Gals","2008","","","","","","","[1] Aktiven","[11] Verwaltungsvermögen","[115] Darlehen und Beteiligungen","[1154] Gemischtwirtschaftliche Unternehmungen","1","11","115","1154","5024.00"
"494","Gals","2010","","","","","","","[1] Aktiven","[11] Verwaltungsvermögen","[115] Darlehen und Beteiligungen","[1154] Gemischtwirtschaftliche Unternehmungen","1","11","115","1154","5024.00"
"494","Gals","2006","","","","","","","[1] Aktiven","[11] Verwaltungsvermögen","[115] Darlehen und Beteiligungen","[1155] Private Institutionen","1","11","115","1155","8100.00"
"494","Gals","2007","","","","","","","[1] Aktiven","[11] Verwaltungsvermögen","[115] Darlehen und Beteiligungen","[1155] Private Institutionen","1","11","115","1155","8100.00"
"494","Gals","2008","","","","","","","[1] Aktiven","[11] Verwaltungsvermögen","[115] Darlehen und Beteiligungen","[1155] Private Institutionen","1","11","115","1155","8100.00"
"494","Gals","2010","","","","","","","[1] Aktiven","[11] Verwaltungsvermögen","[115] Darlehen und Beteiligungen","[1155] Private Institutionen","1","11","115","1155","8100.00"
"494","Gals","2006","","","","","","","[1] Aktiven","[11] Verwaltungsvermögen","[117] Uebrige aktiverte Ausgaben","[1171] Raumplanung","1","11","117","1171","1.00"
"494","Gals","2007","","","","","","","[1] Aktiven","[11] Verwaltungsvermögen","[117] Uebrige aktiverte Ausgaben","[1171] Raumplanung","1","11","117","1171","1.00"
"494","Gals","2008","","","","","","","[1] Aktiven","[11] Verwaltungsvermögen","[117] Uebrige aktiverte Ausgaben","[1171] Raumplanung","1","11","117","1171","1.00"
"494","Gals","2010","","","","","","","[1] Aktiven","[11] Verwaltungsvermögen","[117] Uebrige aktiverte Ausgaben","[1171] Raumplanung","1","11","117","1171","1.00"
"494","Gals","2006","","","","","","","[1] Aktiven","[12] Spezialfinanzierungen","[128] Vorschüsse für Spezialfinanzierungen","[1280] Vorschüsse für Spezialfinanzierungen gestützt auf übergeordnetes Recht","1","12","128","1280","316586.59"
"494","Gals","2007","","","","","","","[1] Aktiven","[12] Spezialfinanzierungen","[128] Vorschüsse für Spezialfinanzierungen","[1280] Vorschüsse für Spezialfinanzierungen gestützt auf übergeordnetes Recht","1","12","128","1280","369624.79"
"494","Gals","2008","","","","","","","[1] Aktiven","[12] Spezialfinanzierungen","[128] Vorschüsse für Spezialfinanzierungen","[1280] Vorschüsse für Spezialfinanzierungen gestützt auf übergeordnetes Recht","1","12","128","1280","358235.29"
"494","Gals","2010","","","","","","","[1] Aktiven","[12] Spezialfinanzierungen","[128] Vorschüsse für Spezialfinanzierungen","[1280] Vorschüsse für Spezialfinanzierungen gestützt auf übergeordnetes Recht","1","12","128","1280","230857.34"
"494","Gals","2006","","","","","","","[2] Passiven","[20] Fremdkapital","[200] Laufende Verpflichtungen","[2000] Kreditoren","2","20","200","2000","302276.55"
"494","Gals","2008","","","","","","","[2] Passiven","[20] Fremdkapital","[200] Laufende Verpflichtungen","[2000] Kreditoren","2","20","200","2000","166237.50"
"494","Gals","2009","","","","","","","[2] Passiven","[20] Fremdkapital","[200] Laufende Verpflichtungen","[2000] Kreditoren","2","20","200","2000","487003.55"
"494","Gals","2010","","","","","","","[2] Passiven","[20] Fremdkapital","[200] Laufende Verpflichtungen","[2000] Kreditoren","2","20","200","2000","475712.19"
"494","Gals","2009","","","","","","","[2] Passiven","[20] Fremdkapital","[200] Laufende Verpflichtungen","[2001] Depotgelder","2","20","200","2001","2939.50"
"494","Gals","2006","","","","","","","[2] Passiven","[20] Fremdkapital","[200] Laufende Verpflichtungen","[2005] Durchlaufende Beiträge","2","20","200","2005","16791.38"
"494","Gals","2007","","","","","","","[2] Passiven","[20] Fremdkapital","[200] Laufende Verpflichtungen","[2005] Durchlaufende Beiträge","2","20","200","2005","15985.93"
"494","Gals","2008","","","","","","","[2] Passiven","[20] Fremdkapital","[200] Laufende Verpflichtungen","[2005] Durchlaufende Beiträge","2","20","200","2005","5953.53"
"494","Gals","2006","","","","","","","[2] Passiven","[20] Fremdkapital","[200] Laufende Verpflichtungen","[2006] Kontokorrente","2","20","200","2006","772.20"
"494","Gals","2006","","","","","","","[2] Passiven","[20] Fremdkapital","[200] Laufende Verpflichtungen","[2009] Uebrige laufende Verpflichtungen","2","20","200","2009","18715.20"
"494","Gals","2007","","","","","","","[2] Passiven","[20] Fremdkapital","[202] Mittel- und langfristige Schulden","[2021] Schuldscheine","2","20","202","2021","44888.80"
"494","Gals","2008","","","","","","","[2] Passiven","[20] Fremdkapital","[202] Mittel- und langfristige Schulden","[2021] Schuldscheine","2","20","202","2021","44888.80"
"494","Gals","2006","","","","","","","[2] Passiven","[20] Fremdkapital","[202] Mittel- und langfristige Schulden","[2023] Obligationenanleihen","2","20","202","2023","2500000.00"
"494","Gals","2007","","","","","","","[2] Passiven","[20] Fremdkapital","[202] Mittel- und langfristige Schulden","[2023] Obligationenanleihen","2","20","202","2023","2000000.00"
"494","Gals","2008","","","","","","","[2] Passiven","[20] Fremdkapital","[202] Mittel- und langfristige Schulden","[2023] Obligationenanleihen","2","20","202","2023","1950000.00"
"494","Gals","2010","","","","","","","[2] Passiven","[20] Fremdkapital","[202] Mittel- und langfristige Schulden","[2023] Obligationenanleihen","2","20","202","2023","1750000.00"
"494","Gals","2010","","","","","","","[2] Passiven","[20] Fremdkapital","[204] Rückstellungen","[2049] Wertberichtigung auf Guthaben","2","20","204","2049","100000.00"
"494","Gals","2006","","","","","","","[2] Passiven","[20] Fremdkapital","[205] Transitorische Passiven","[2050] Transitorische Passiven","2","20","205","2050","3350.00"
"494","Gals","2008","","","","","","","[2] Passiven","[20] Fremdkapital","[205] Transitorische Passiven","[2050] Transitorische Passiven","2","20","205","2050","133460.00"
"494","Gals","2009","","","","","","","[2] Passiven","[20] Fremdkapital","[205] Transitorische Passiven","[2050] Transitorische Passiven","2","20","205","2050","4860.00"
"494","Gals","2010","","","","","","","[2] Passiven","[20] Fremdkapital","[205] Transitorische Passiven","[2050] Transitorische Passiven","2","20","205","2050","4560.00"
"494","Gals","2007","","","","","","","[2] Passiven","[22] Spezialfinanzierungen","[228] Verpflichtungen für Spezialfinanzierungen","[2280] Spezialfinanzierungen gestützt auf übergeordnetes Recht","2","22","228","2280","1270442.60"
"494","Gals","2006","","","","","","","[2] Passiven","[22] Spezialfinanzierungen","[228] Verpflichtungen für Spezialfinanzierungen","[2281] Spezialfinanzierungen gestützt auf Gemeindereglemente","2","22","228","2281","246538.60"
"494","Gals","2007","","","","","","","[2] Passiven","[22] Spezialfinanzierungen","[228] Verpflichtungen für Spezialfinanzierungen","[2281] Spezialfinanzierungen gestützt auf Gemeindereglemente","2","22","228","2281","281552.85"
"494","Gals","2008","","","","","","","[2] Passiven","[22] Spezialfinanzierungen","[228] Verpflichtungen für Spezialfinanzierungen","[2281] Spezialfinanzierungen gestützt auf Gemeindereglemente","2","22","228","2281","302233.55"
"494","Gals","2010","","","","","","","[2] Passiven","[22] Spezialfinanzierungen","[228] Verpflichtungen für Spezialfinanzierungen","[2281] Spezialfinanzierungen gestützt auf Gemeindereglemente","2","22","228","2281","316662.49"
"494","Gals","2006","","","","","","","[2] Passiven","[23] Eigenkapital","[239] Eigenkapital","[2390] Eigenkapital","2","23","239","2390","866417.06"
"494","Gals","2007","","","","","","","[2] Passiven","[23] Eigenkapital","[239] Eigenkapital","[2390] Eigenkapital","2","23","239","2390","868600.72"
"494","Gals","2008","","","","","","","[2] Passiven","[23] Eigenkapital","[239] Eigenkapital","[2390] Eigenkapital","2","23","239","2390","993588.26"
"494","Gals","2010","","","","","","","[2] Passiven","[23] Eigenkapital","[239] Eigenkapital","[2390] Eigenkapital","2","23","239","2390","1474966.50"
"494","Gals","2006","[0] ALLGEMEINE VERWALTUNG","[01] Legislative und Exekutive","[012] Exekutive","0","1","12","[3] Aufwand","[3] AUFWAND","[30] Personalaufwand","[300] Personalaufwand der Behörden und Kommissionen","3","3","30","300","25538.60"
"494","Gals","2006","[2] BILDUNG","[21] Volksschule","[210] Primarstufe (1. - 6. Schuljahr)","2","21","210","[3] Aufwand","[3] AUFWAND","[30] Personalaufwand","[300] Personalaufwand der Behörden und Kommissionen","3","3","30","300","3800.00"
"494","Gals","2006","[0] ALLGEMEINE VERWALTUNG","[02] Allgemeine Verwaltung","[029] Allgemeine Verwaltung","0","2","29","[3] Aufwand","[3] AUFWAND","[30] Personalaufwand","[301] Löhne des Verwaltungs- + Betriebspersonals","3","3","30","301","153126.10"
"494","Gals","2006","[1] OEFFENTLICHE SICHERHEIT","[16] Zivile Landesverteidigung","[160] Zivilschutz","1","16","160","[3] Aufwand","[3] AUFWAND","[30] Personalaufwand","[301] Löhne des Verwaltungs- + Betriebspersonals","3","3","30","301","1708.35"
"494","Gals","2006","[2] BILDUNG","[21] Volksschule","[217] Schulliegenschaften (Ki.garten sofern nicht zuteilbar, Prim + Sek 1)","2","21","217","[3] Aufwand","[3] AUFWAND","[30] Personalaufwand","[301] Löhne des Verwaltungs- + Betriebspersonals","3","3","30","301","34187.15"
"494","Gals","2006","[4] GESUNDHEIT","[47] Lebensmittelkontrolle","[470] Lebensmittelkontrolle","4","47","470","[3] Aufwand","[3] AUFWAND","[30] Personalaufwand","[301] Löhne des Verwaltungs- + Betriebspersonals","3","3","30","301","1010.00"
"494","Gals","2006","[6] VERKEHR","[62] Gemeindestrassen","[620] Gemeindestrassennetz","6","62","620","[3] Aufwand","[3] AUFWAND","[30] Personalaufwand","[301] Löhne des Verwaltungs- + Betriebspersonals","3","3","30","301","13620.65"
"494","Gals","2006","[7] UMWELT UND RAUMORDNUNG","[74] Friedhof und Bestattung","[740] Friedhof und Bestattung","7","74","740","[3] Aufwand","[3] AUFWAND","[30] Personalaufwand","[301] Löhne des Verwaltungs- + Betriebspersonals","3","3","30","301","8293.10"
"494","Gals","2006","[7] UMWELT UND RAUMORDNUNG","[75] Gewässerverbauungen","[750] Gewässerverbauungen","7","75","750","[3] Aufwand","[3] AUFWAND","[30] Personalaufwand","[301] Löhne des Verwaltungs- + Betriebspersonals","3","3","30","301","849.75"
"494","Gals","2006","[8] VOLKSWIRTSCHAFT","[80] Landwirtschaft","[800] Landwirtschaft","8","80","800","[3] Aufwand","[3] AUFWAND","[30] Personalaufwand","[301] Löhne des Verwaltungs- + Betriebspersonals","3","3","30","301","687.40"
"494","Gals","2006","[8] VOLKSWIRTSCHAFT","[81] Forstwirtschaft","[810] Forstverwaltung","8","81","810","[3] Aufwand","[3] AUFWAND","[30] Personalaufwand","[301] Löhne des Verwaltungs- + Betriebspersonals","3","3","30","301","100.60"
"494","Gals","2006","[8] VOLKSWIRTSCHAFT","[81] Forstwirtschaft","[812] Holzernte","8","81","812","[3] Aufwand","[3] AUFWAND","[30] Personalaufwand","[301] Löhne des Verwaltungs- + Betriebspersonals","3","3","30","301","2019.45"
"494","Gals","2006","[8] VOLKSWIRTSCHAFT","[81] Forstwirtschaft","[815] Nebennutzungen","8","81","815","[3] Aufwand","[3] AUFWAND","[30] Personalaufwand","[301] Löhne des Verwaltungs- + Betriebspersonals","3","3","30","301","344.95"
"494","Gals","2006","[1] OEFFENTLICHE SICHERHEIT","[11] Polizei","[113] Gemeindepolizei","1","11","113","[3] Aufwand","[3] AUFWAND","[30] Personalaufwand","[303] Sozialversicherungsbeiträge","3","3","30","303","465.40"
"494","Gals","2006","[1] OEFFENTLICHE SICHERHEIT","[16] Zivile Landesverteidigung","[160] Zivilschutz","1","16","160","[3] Aufwand","[3] AUFWAND","[30] Personalaufwand","[303] Sozialversicherungsbeiträge","3","3","30","303","108.80"
"494","Gals","2006","[6] VERKEHR","[62] Gemeindestrassen","[620] Gemeindestrassennetz","6","62","620","[3] Aufwand","[3] AUFWAND","[30] Personalaufwand","[303] Sozialversicherungsbeiträge","3","3","30","303","867.35"
"494","Gals","2006","[7] UMWELT UND RAUMORDNUNG","[71] Abwasserentsorgung","[710] Abwasserentsorgung","7","71","710","[3] Aufwand","[3] AUFWAND","[30] Personalaufwand","[303] Sozialversicherungsbeiträge","3","3","30","303","305.40"
"494","Gals","2006","[7] UMWELT UND RAUMORDNUNG","[72] Abfallentsorgung","[720] Abfallentsorgung","7","72","720","[3] Aufwand","[3] AUFWAND","[30] Personalaufwand","[303] Sozialversicherungsbeiträge","3","3","30","303","392.20"
"494","Gals","2006","[8] VOLKSWIRTSCHAFT","[81] Forstwirtschaft","[813] Strassen- und Wegunterhalt","8","81","813","[3] Aufwand","[3] AUFWAND","[30] Personalaufwand","[303] Sozialversicherungsbeiträge","3","3","30","303","63.30"
"494","Gals","2006","[8] VOLKSWIRTSCHAFT","[81] Forstwirtschaft","[815] Nebennutzungen","8","81","815","[3] Aufwand","[3] AUFWAND","[30] Personalaufwand","[303] Sozialversicherungsbeiträge","3","3","30","303","21.95"
"494","Gals","2006","[9] FINANZEN UND STEUERN","[94] Vermögens- und Schuldenverwaltung","[942] Liegenschaften des Finanzvermögens","9","94","942","[3] Aufwand","[3] AUFWAND","[30] Personalaufwand","[303] Sozialversicherungsbeiträge","3","3","30","303","248.00"
"494","Gals","2006","[0] ALLGEMEINE VERWALTUNG","[02] Allgemeine Verwaltung","[029] Allgemeine Verwaltung","0","2","29","[3] Aufwand","[3] AUFWAND","[30] Personalaufwand","[304] Personalversicherungsbeiträge","3","3","30","304","13957.75"
"494","Gals","2006","[0] ALLGEMEINE VERWALTUNG","[09] Nicht aufteilbare Aufgaben","[090] Verwaltungsliegenschaften","0","9","90","[3] Aufwand","[3] AUFWAND","[30] Personalaufwand","[304] Personalversicherungsbeiträge","3","3","30","304","3889.20"
"494","Gals","2006","[6] VERKEHR","[62] Gemeindestrassen","[620] Gemeindestrassennetz","6","62","620","[3] Aufwand","[3] AUFWAND","[30] Personalaufwand","[304] Personalversicherungsbeiträge","3","3","30","304","2319.40"
"494","Gals","2006","[2] BILDUNG","[21] Volksschule","[210] Primarstufe (1. - 6. Schuljahr)","2","21","210","[3] Aufwand","[3] AUFWAND","[30] Personalaufwand","[305] Unfall- und Krankenversicherungsbeiträge","3","3","30","305","218.00"
"494","Gals","2006","[2] BILDUNG","[21] Volksschule","[217] Schulliegenschaften (Ki.garten sofern nicht zuteilbar, Prim + Sek 1)","2","21","217","[3] Aufwand","[3] AUFWAND","[30] Personalaufwand","[309] Uebriger Personalaufwand","3","3","30","309","512.40"
"494","Gals","2006","[0] ALLGEMEINE VERWALTUNG","[01] Legislative und Exekutive","[011] Legislative","0","1","11","[3] Aufwand","[3] AUFWAND","[31] Sachaufwand","[310] Büro- und Schulmaterialien, Drucksachen","3","3","31","310","3214.70"
"494","Gals","2006","[2] BILDUNG","[21] Volksschule","[219] Nicht Aufteilbares, Volksschule, Tagesschule","2","21","219","[3] Aufwand","[3] AUFWAND","[31] Sachaufwand","[310] Büro- und Schulmaterialien, Drucksachen","3","3","31","310","1344.70"
"494","Gals","2006","[7] UMWELT UND RAUMORDNUNG","[74] Friedhof und Bestattung","[740] Friedhof und Bestattung","7","74","740","[3] Aufwand","[3] AUFWAND","[31] Sachaufwand","[310] Büro- und Schulmaterialien, Drucksachen","3","3","31","310","79.40"
"494","Gals","2006","[2] BILDUNG","[21] Volksschule","[210] Primarstufe (1. - 6. Schuljahr)","2","21","210","[3] Aufwand","[3] AUFWAND","[31] Sachaufwand","[311] Anschaffung Mobilien, Maschinen, Fahrzeuge","3","3","31","311","98.00"
"494","Gals","2006","[6] VERKEHR","[62] Gemeindestrassen","[620] Gemeindestrassennetz","6","62","620","[3] Aufwand","[3] AUFWAND","[31] Sachaufwand","[311] Anschaffung Mobilien, Maschinen, Fahrzeuge","3","3","31","311","2003.70"
"494","Gals","2006","[7] UMWELT UND RAUMORDNUNG","[72] Abfallentsorgung","[720] Abfallentsorgung","7","72","720","[3] Aufwand","[3] AUFWAND","[31] Sachaufwand","[311] Anschaffung Mobilien, Maschinen, Fahrzeuge","3","3","31","311","684.00"
"494","Gals","2006","[0] ALLGEMEINE VERWALTUNG","[09] Nicht aufteilbare Aufgaben","[090] Verwaltungsliegenschaften","0","9","90","[3] Aufwand","[3] AUFWAND","[31] Sachaufwand","[312] Wasser, Energie, Heizmaterialien","3","3","31","312","22770.70"
"494","Gals","2006","[2] BILDUNG","[21] Volksschule","[217] Schulliegenschaften (Ki.garten sofern nicht zuteilbar, Prim + Sek 1)","2","21","217","[3] Aufwand","[3] AUFWAND","[31] Sachaufwand","[312] Wasser, Energie, Heizmaterialien","3","3","31","312","13914.85"
"494","Gals","2006","[3] KULTUR UND FREIZEIT","[32] Massenmedien","[321] Antennen- + Kabelanlagen","3","32","321","[3] Aufwand","[3] AUFWAND","[31] Sachaufwand","[312] Wasser, Energie, Heizmaterialien","3","3","31","312","1632.50"
"494","Gals","2006","[3] KULTUR UND FREIZEIT","[34] Sport","[340] Sport","3","34","340","[3] Aufwand","[3] AUFWAND","[31] Sachaufwand","[312] Wasser, Energie, Heizmaterialien","3","3","31","312","9.00"
"494","Gals","2006","[6] VERKEHR","[62] Gemeindestrassen","[620] Gemeindestrassennetz","6","62","620","[3] Aufwand","[3] AUFWAND","[31] Sachaufwand","[312] Wasser, Energie, Heizmaterialien","3","3","31","312","11790.75"
"494","Gals","2006","[0] ALLGEMEINE VERWALTUNG","[09] Nicht aufteilbare Aufgaben","[090] Verwaltungsliegenschaften","0","9","90","[3] Aufwand","[3] AUFWAND","[31] Sachaufwand","[313] Verbrauchsmaterialien","3","3","31","313","3502.05"
"494","Gals","2006","[8] VOLKSWIRTSCHAFT","[81] Forstwirtschaft","[811] Kulturen, Pflegemassnahmen","8","81","811","[3] Aufwand","[3] AUFWAND","[31] Sachaufwand","[313] Verbrauchsmaterialien","3","3","31","313","849.30"
"494","Gals","2006","[9] FINANZEN UND STEUERN","[94] Vermögens- und Schuldenverwaltung","[942] Liegenschaften des Finanzvermögens","9","94","942","[3] Aufwand","[3] AUFWAND","[31] Sachaufwand","[313] Verbrauchsmaterialien","3","3","31","313","112.50"
"494","Gals","2006","[2] BILDUNG","[21] Volksschule","[217] Schulliegenschaften (Ki.garten sofern nicht zuteilbar, Prim + Sek 1)","2","21","217","[3] Aufwand","[3] AUFWAND","[31] Sachaufwand","[314] Dienstleistungen Dritter für den baulichen Unterhalt","3","3","31","314","2066.00"
"494","Gals","2006","[6] VERKEHR","[62] Gemeindestrassen","[620] Gemeindestrassennetz","6","62","620","[3] Aufwand","[3] AUFWAND","[31] Sachaufwand","[314] Dienstleistungen Dritter für den baulichen Unterhalt","3","3","31","314","12865.70"
"494","Gals","2006","[7] UMWELT UND RAUMORDNUNG","[70] Wasserversorgung","[700] Wasserversorgung","7","70","700","[3] Aufwand","[3] AUFWAND","[31] Sachaufwand","[314] Dienstleistungen Dritter für den baulichen Unterhalt","3","3","31","314","5260.35"
"494","Gals","2006","[7] UMWELT UND RAUMORDNUNG","[71] Abwasserentsorgung","[710] Abwasserentsorgung","7","71","710","[3] Aufwand","[3] AUFWAND","[31] Sachaufwand","[314] Dienstleistungen Dritter für den baulichen Unterhalt","3","3","31","314","1263.00"
"494","Gals","2006","[7] UMWELT UND RAUMORDNUNG","[75] Gewässerverbauungen","[750] Gewässerverbauungen","7","75","750","[3] Aufwand","[3] AUFWAND","[31] Sachaufwand","[314] Dienstleistungen Dritter für den baulichen Unterhalt","3","3","31","314","4000.00"
"494","Gals","2006","[8] VOLKSWIRTSCHAFT","[81] Forstwirtschaft","[812] Holzernte","8","81","812","[3] Aufwand","[3] AUFWAND","[31] Sachaufwand","[314] Dienstleistungen Dritter für den baulichen Unterhalt","3","3","31","314","11061.72"
"494","Gals","2006","[8] VOLKSWIRTSCHAFT","[81] Forstwirtschaft","[813] Strassen- und Wegunterhalt","8","81","813","[3] Aufwand","[3] AUFWAND","[31] Sachaufwand","[314] Dienstleistungen Dritter für den baulichen Unterhalt","3","3","31","314","1618.05"
"494","Gals","2006","[9] FINANZEN UND STEUERN","[94] Vermögens- und Schuldenverwaltung","[942] Liegenschaften des Finanzvermögens","9","94","942","[3] Aufwand","[3] AUFWAND","[31] Sachaufwand","[314] Dienstleistungen Dritter für den baulichen Unterhalt","3","3","31","314","1034.30"
"494","Gals","2006","[0] ALLGEMEINE VERWALTUNG","[09] Nicht aufteilbare Aufgaben","[090] Verwaltungsliegenschaften","0","9","90","[3] Aufwand","[3] AUFWAND","[31] Sachaufwand","[315] Dienstleistungen Dritter für den übrigen Unterhalt","3","3","31","315","2553.80"
"494","Gals","2006","[2] BILDUNG","[21] Volksschule","[217] Schulliegenschaften (Ki.garten sofern nicht zuteilbar, Prim + Sek 1)","2","21","217","[3] Aufwand","[3] AUFWAND","[31] Sachaufwand","[315] Dienstleistungen Dritter für den übrigen Unterhalt","3","3","31","315","1822.50"
"494","Gals","2006","[5] SOZIALE WOHLFAHRT","[58] Sozialhilfe","[583] Asylwesen","5","58","583","[3] Aufwand","[3] AUFWAND","[31] Sachaufwand","[316] Mieten, Pachten, Benützungskosten","3","3","31","316","5650.00"
"494","Gals","2006","[0] ALLGEMEINE VERWALTUNG","[01] Legislative und Exekutive","[012] Exekutive","0","1","12","[3] Aufwand","[3] AUFWAND","[31] Sachaufwand","[317] Spesenentschädigungen","3","3","31","317","5687.60"
"494","Gals","2006","[0] ALLGEMEINE VERWALTUNG","[01] Legislative und Exekutive","[011] Legislative","0","1","11","[3] Aufwand","[3] AUFWAND","[31] Sachaufwand","[318] Dienstleistungen und Honorare, allg. Verwaltungsaufwand","3","3","31","318","973.75"
"494","Gals","2006","[0] ALLGEMEINE VERWALTUNG","[09] Nicht aufteilbare Aufgaben","[090] Verwaltungsliegenschaften","0","9","90","[3] Aufwand","[3] AUFWAND","[31] Sachaufwand","[318] Dienstleistungen und Honorare, allg. Verwaltungsaufwand","3","3","31","318","829.25"
"494","Gals","2006","[1] OEFFENTLICHE SICHERHEIT","[10] Rechtsaufsicht","[101] Uebrige Rechtspflege","1","10","101","[3] Aufwand","[3] AUFWAND","[31] Sachaufwand","[318] Dienstleistungen und Honorare, allg. Verwaltungsaufwand","3","3","31","318","26159.05"
"494","Gals","2006","[3] KULTUR UND FREIZEIT","[30] Kulturförderung","[309] Uebrige Kulturförderung","3","30","309","[3] Aufwand","[3] AUFWAND","[31] Sachaufwand","[318] Dienstleistungen und Honorare, allg. Verwaltungsaufwand","3","3","31","318","2466.05"
"494","Gals","2006","[3] KULTUR UND FREIZEIT","[32] Massenmedien","[321] Antennen- + Kabelanlagen","3","32","321","[3] Aufwand","[3] AUFWAND","[31] Sachaufwand","[318] Dienstleistungen und Honorare, allg. Verwaltungsaufwand","3","3","31","318","2117.95"
"494","Gals","2006","[4] GESUNDHEIT","[46] Schulgesundheitsdienst","[460] Schulärztliche Pflege","4","46","460","[3] Aufwand","[3] AUFWAND","[31] Sachaufwand","[318] Dienstleistungen und Honorare, allg. Verwaltungsaufwand","3","3","31","318","480.00"
"494","Gals","2006","[7] UMWELT UND RAUMORDNUNG","[72] Abfallentsorgung","[720] Abfallentsorgung","7","72","720","[3] Aufwand","[3] AUFWAND","[31] Sachaufwand","[318] Dienstleistungen und Honorare, allg. Verwaltungsaufwand","3","3","31","318","25265.15"
"494","Gals","2006","[7] UMWELT UND RAUMORDNUNG","[74] Friedhof und Bestattung","[740] Friedhof und Bestattung","7","74","740","[3] Aufwand","[3] AUFWAND","[31] Sachaufwand","[318] Dienstleistungen und Honorare, allg. Verwaltungsaufwand","3","3","31","318","224.30"
"494","Gals","2006","[7] UMWELT UND RAUMORDNUNG","[78] Uebriger Umweltschutz","[789] Uebrige Immissionen","7","78","789","[3] Aufwand","[3] AUFWAND","[31] Sachaufwand","[318] Dienstleistungen und Honorare, allg. Verwaltungsaufwand","3","3","31","318","90.70"
"494","Gals","2006","[7] UMWELT UND RAUMORDNUNG","[79] Raumordnung","[790] Raumplanung","7","79","790","[3] Aufwand","[3] AUFWAND","[31] Sachaufwand","[318] Dienstleistungen und Honorare, allg. Verwaltungsaufwand","3","3","31","318","20404.55"
"494","Gals","2006","[8] VOLKSWIRTSCHAFT","[81] Forstwirtschaft","[810] Forstverwaltung","8","81","810","[3] Aufwand","[3] AUFWAND","[31] Sachaufwand","[319] Uebriger Sachaufwand","3","3","31","319","115.00"
"494","Gals","2006","[8] VOLKSWIRTSCHAFT","[81] Forstwirtschaft","[812] Holzernte","8","81","812","[3] Aufwand","[3] AUFWAND","[31] Sachaufwand","[319] Uebriger Sachaufwand","3","3","31","319","202.05"
"494","Gals","2006","[9] FINANZEN UND STEUERN","[94] Vermögens- und Schuldenverwaltung","[940] Zinsen","9","94","940","[3] Aufwand","[3] AUFWAND","[32] Passivzinsen","[321] Kurzfristige Schulden","3","3","32","321","4352.65"
"494","Gals","2006","[9] FINANZEN UND STEUERN","[90] Steuern","[903] Steuerabschreibungen","9","90","903","[3] Aufwand","[3] AUFWAND","[33] Abschreibungen","[330] Finanzvermögen","3","3","33","330","8539.00"
"494","Gals","2006","[9] FINANZEN UND STEUERN","[99] Nicht aufgeteilte Posten","[990] Abschreibungen","9","99","990","[3] Aufwand","[3] AUFWAND","[33] Abschreibungen","[332] Verwaltungsvermögen - übrige Abschreibungen","3","3","33","332","200000.00"
"494","Gals","2006","[3] KULTUR UND FREIZEIT","[32] Massenmedien","[321] Antennen- + Kabelanlagen","3","32","321","[3] Aufwand","[3] AUFWAND","[33] Abschreibungen","[336] ...","3","3","33","336","60.00"
"494","Gals","2006","[0] ALLGEMEINE VERWALTUNG","[02] Allgemeine Verwaltung","[029] Allgemeine Verwaltung","0","2","29","[3] Aufwand","[3] AUFWAND","[35] Entschädigungen an Gemeinwesen","[351] Kanton","3","3","35","351","13115.00"
"494","Gals","2006","[2] BILDUNG","[20] Kindergarten","[200] Kindergarten","2","20","200","[3] Aufwand","[3] AUFWAND","[35] Entschädigungen an Gemeinwesen","[351] Kanton","3","3","35","351","17581.20"
"494","Gals","2006","[2] BILDUNG","[21] Volksschule","[210] Primarstufe (1. - 6. Schuljahr)","2","21","210","[3] Aufwand","[3] AUFWAND","[35] Entschädigungen an Gemeinwesen","[351] Kanton","3","3","35","351","113339.70"
"494","Gals","2006","[2] BILDUNG","[21] Volksschule","[212] Sekundarstufe 1 (7. - 9. Schuljahr, Real- + Sekundarschule)","2","21","212","[3] Aufwand","[3] AUFWAND","[35] Entschädigungen an Gemeinwesen","[351] Kanton","3","3","35","351","51049.35"
"494","Gals","2006","[3] KULTUR UND FREIZEIT","[32] Massenmedien","[321] Antennen- + Kabelanlagen","3","32","321","[3] Aufwand","[3] AUFWAND","[35] Entschädigungen an Gemeinwesen","[352] Gemeinden","3","3","35","352","20958.25"
"494","Gals","2006","[7] UMWELT UND RAUMORDNUNG","[78] Uebriger Umweltschutz","[781] Tierkörperbeseitigung","7","78","781","[3] Aufwand","[3] AUFWAND","[35] Entschädigungen an Gemeinwesen","[352] Gemeinden","3","3","35","352","4451.15"
"494","Gals","2006","[2] BILDUNG","[22] Sonderschulen","[220] Sonderschulen","2","22","220","[3] Aufwand","[3] AUFWAND","[36] Eigene Beiträge","[361] Kanton","3","3","36","361","18816.85"
"494","Gals","2006","[5] SOZIALE WOHLFAHRT","[50] Altersversicherung","[501] Gemeindeanteil am Beitrag des Kantons für die AHV","5","50","501","[3] Aufwand","[3] AUFWAND","[36] Eigene Beiträge","[361] Kanton","3","3","36","361","42780.00"
"494","Gals","2006","[5] SOZIALE WOHLFAHRT","[53] Sonstige Sozialversicherungen","[530] Ergänzungsleistungen der AHV, IV","5","53","530","[3] Aufwand","[3] AUFWAND","[36] Eigene Beiträge","[361] Kanton","3","3","36","361","98445.00"
"494","Gals","2006","[6] VERKEHR","[65] Regionalverkehr","[650] Regionalverkehrsbetriebe","6","65","650","[3] Aufwand","[3] AUFWAND","[36] Eigene Beiträge","[361] Kanton","3","3","36","361","31101.00"
"494","Gals","2006","[7] UMWELT UND RAUMORDNUNG","[71] Abwasserentsorgung","[710] Abwasserentsorgung","7","71","710","[3] Aufwand","[3] AUFWAND","[36] Eigene Beiträge","[361] Kanton","3","3","36","361","9504.00"
"494","Gals","2006","[9] FINANZEN UND STEUERN","[94] Vermögens- und Schuldenverwaltung","[942] Liegenschaften des Finanzvermögens","9","94","942","[3] Aufwand","[3] AUFWAND","[36] Eigene Beiträge","[361] Kanton","3","3","36","361","11586.00"
"494","Gals","2006","[1] OEFFENTLICHE SICHERHEIT","[14] Wehrdienste","[140] Wehrdienste","1","14","140","[3] Aufwand","[3] AUFWAND","[36] Eigene Beiträge","[362] Gemeinden","3","3","36","362","41542.40"
"494","Gals","2006","[1] OEFFENTLICHE SICHERHEIT","[16] Zivile Landesverteidigung","[160] Zivilschutz","1","16","160","[3] Aufwand","[3] AUFWAND","[36] Eigene Beiträge","[362] Gemeinden","3","3","36","362","1573.20"
"494","Gals","2006","[2] BILDUNG","[21] Volksschule","[212] Sekundarstufe 1 (7. - 9. Schuljahr, Real- + Sekundarschule)","2","21","212","[3] Aufwand","[3] AUFWAND","[36] Eigene Beiträge","[362] Gemeinden","3","3","36","362","88252.30"
"494","Gals","2006","[2] BILDUNG","[21] Volksschule","[214] Musikschulen","2","21","214","[3] Aufwand","[3] AUFWAND","[36] Eigene Beiträge","[362] Gemeinden","3","3","36","362","26483.25"
"494","Gals","2006","[2] BILDUNG","[25] Allgemeinbildende Schulen","[250] Gymnasium","2","25","250","[3] Aufwand","[3] AUFWAND","[36] Eigene Beiträge","[362] Gemeinden","3","3","36","362","3030.00"
"494","Gals","2006","[5] SOZIALE WOHLFAHRT","[58] Sozialhilfe","[582] Weitere Wohlfahrts-, Vor- + Fürsorgeeinrichtungen","5","58","582","[3] Aufwand","[3] AUFWAND","[36] Eigene Beiträge","[362] Gemeinden","3","3","36","362","15205.10"
"494","Gals","2006","[7] UMWELT UND RAUMORDNUNG","[70] Wasserversorgung","[700] Wasserversorgung","7","70","700","[3] Aufwand","[3] AUFWAND","[36] Eigene Beiträge","[362] Gemeinden","3","3","36","362","110561.15"
"494","Gals","2006","[8] VOLKSWIRTSCHAFT","[81] Forstwirtschaft","[815] Nebennutzungen","8","81","815","[3] Aufwand","[3] AUFWAND","[36] Eigene Beiträge","[362] Gemeinden","3","3","36","362","506.90"
"494","Gals","2006","[0] ALLGEMEINE VERWALTUNG","[02] Allgemeine Verwaltung","[029] Allgemeine Verwaltung","0","2","29","[3] Aufwand","[3] AUFWAND","[36] Eigene Beiträge","[365] Private Institutionen","3","3","36","365","2460.00"
"494","Gals","2006","[3] KULTUR UND FREIZEIT","[30] Kulturförderung","[300] Bibliothek","3","30","300","[3] Aufwand","[3] AUFWAND","[36] Eigene Beiträge","[365] Private Institutionen","3","3","36","365","1988.15"
"494","Gals","2006","[3] KULTUR UND FREIZEIT","[30] Kulturförderung","[302] Theater, Konzerte","3","30","302","[3] Aufwand","[3] AUFWAND","[36] Eigene Beiträge","[365] Private Institutionen","3","3","36","365","3000.00"
"494","Gals","2006","[3] KULTUR UND FREIZEIT","[35] Uebrige Freizeitgestaltung","[350] Uebrige Freizeitgestaltung","3","35","350","[3] Aufwand","[3] AUFWAND","[36] Eigene Beiträge","[365] Private Institutionen","3","3","36","365","78.90"
"494","Gals","2006","[5] SOZIALE WOHLFAHRT","[58] Sozialhilfe","[582] Weitere Wohlfahrts-, Vor- + Fürsorgeeinrichtungen","5","58","582","[3] Aufwand","[3] AUFWAND","[36] Eigene Beiträge","[365] Private Institutionen","3","3","36","365","350.00"
"494","Gals","2006","[8] VOLKSWIRTSCHAFT","[80] Landwirtschaft","[800] Landwirtschaft","8","80","800","[3] Aufwand","[3] AUFWAND","[36] Eigene Beiträge","[365] Private Institutionen","3","3","36","365","4352.70"
"494","Gals","2006","[1] OEFFENTLICHE SICHERHEIT","[16] Zivile Landesverteidigung","[160] Zivilschutz","1","16","160","[3] Aufwand","[3] AUFWAND","[38] Einlagen in Spezialfinanzierungen","[380] Einlagen in Spezialfinanzierungen","3","3","38","380","17225.00"
"494","Gals","2006","[7] UMWELT UND RAUMORDNUNG","[70] Wasserversorgung","[700] Wasserversorgung","7","70","700","[3] Aufwand","[3] AUFWAND","[38] Einlagen in Spezialfinanzierungen","[380] Einlagen in Spezialfinanzierungen","3","3","38","380","19500.00"
"494","Gals","2006","[3] KULTUR UND FREIZEIT","[35] Uebrige Freizeitgestaltung","[350] Uebrige Freizeitgestaltung","3","35","350","[3] Aufwand","[3] AUFWAND","[30] Personalaufwand","[300] Personalaufwand der Behörden und Kommissionen","3","3","30","300","1833.30"
"494","Gals","2006","[0] ALLGEMEINE VERWALTUNG","[09] Nicht aufteilbare Aufgaben","[090] Verwaltungsliegenschaften","0","9","90","[3] Aufwand","[3] AUFWAND","[30] Personalaufwand","[301] Löhne des Verwaltungs- + Betriebspersonals","3","3","30","301","43743.50"
"494","Gals","2006","[1] OEFFENTLICHE SICHERHEIT","[11] Polizei","[113] Gemeindepolizei","1","11","113","[3] Aufwand","[3] AUFWAND","[30] Personalaufwand","[301] Löhne des Verwaltungs- + Betriebspersonals","3","3","30","301","7308.40"
"494","Gals","2006","[3] KULTUR UND FREIZEIT","[34] Sport","[340] Sport","3","34","340","[3] Aufwand","[3] AUFWAND","[30] Personalaufwand","[301] Löhne des Verwaltungs- + Betriebspersonals","3","3","30","301","4000.00"
"494","Gals","2006","[7] UMWELT UND RAUMORDNUNG","[70] Wasserversorgung","[700] Wasserversorgung","7","70","700","[3] Aufwand","[3] AUFWAND","[30] Personalaufwand","[301] Löhne des Verwaltungs- + Betriebspersonals","3","3","30","301","13279.95"
"494","Gals","2006","[7] UMWELT UND RAUMORDNUNG","[71] Abwasserentsorgung","[710] Abwasserentsorgung","7","71","710","[3] Aufwand","[3] AUFWAND","[30] Personalaufwand","[301] Löhne des Verwaltungs- + Betriebspersonals","3","3","30","301","4795.50"
"494","Gals","2006","[7] UMWELT UND RAUMORDNUNG","[72] Abfallentsorgung","[720] Abfallentsorgung","7","72","720","[3] Aufwand","[3] AUFWAND","[30] Personalaufwand","[301] Löhne des Verwaltungs- + Betriebspersonals","3","3","30","301","6158.75"
"494","Gals","2006","[8] VOLKSWIRTSCHAFT","[81] Forstwirtschaft","[811] Kulturen, Pflegemassnahmen","8","81","811","[3] Aufwand","[3] AUFWAND","[30] Personalaufwand","[301] Löhne des Verwaltungs- + Betriebspersonals","3","3","30","301","301.90"
"494","Gals","2006","[8] VOLKSWIRTSCHAFT","[81] Forstwirtschaft","[813] Strassen- und Wegunterhalt","8","81","813","[3] Aufwand","[3] AUFWAND","[30] Personalaufwand","[301] Löhne des Verwaltungs- + Betriebspersonals","3","3","30","301","994.00"
"494","Gals","2006","[9] FINANZEN UND STEUERN","[94] Vermögens- und Schuldenverwaltung","[942] Liegenschaften des Finanzvermögens","9","94","942","[3] Aufwand","[3] AUFWAND","[30] Personalaufwand","[301] Löhne des Verwaltungs- + Betriebspersonals","3","3","30","301","3894.05"
"494","Gals","2006","[0] ALLGEMEINE VERWALTUNG","[02] Allgemeine Verwaltung","[029] Allgemeine Verwaltung","0","2","29","[3] Aufwand","[3] AUFWAND","[30] Personalaufwand","[303] Sozialversicherungsbeiträge","3","3","30","303","9478.60"
"494","Gals","2006","[0] ALLGEMEINE VERWALTUNG","[09] Nicht aufteilbare Aufgaben","[090] Verwaltungsliegenschaften","0","9","90","[3] Aufwand","[3] AUFWAND","[30] Personalaufwand","[303] Sozialversicherungsbeiträge","3","3","30","303","2541.10"
"494","Gals","2006","[2] BILDUNG","[21] Volksschule","[217] Schulliegenschaften (Ki.garten sofern nicht zuteilbar, Prim + Sek 1)","2","21","217","[3] Aufwand","[3] AUFWAND","[30] Personalaufwand","[303] Sozialversicherungsbeiträge","3","3","30","303","1939.30"
"494","Gals","2006","[3] KULTUR UND FREIZEIT","[34] Sport","[340] Sport","3","34","340","[3] Aufwand","[3] AUFWAND","[30] Personalaufwand","[303] Sozialversicherungsbeiträge","3","3","30","303","254.70"
"494","Gals","2006","[4] GESUNDHEIT","[47] Lebensmittelkontrolle","[470] Lebensmittelkontrolle","4","47","470","[3] Aufwand","[3] AUFWAND","[30] Personalaufwand","[303] Sozialversicherungsbeiträge","3","3","30","303","64.30"
"494","Gals","2006","[7] UMWELT UND RAUMORDNUNG","[70] Wasserversorgung","[700] Wasserversorgung","7","70","700","[3] Aufwand","[3] AUFWAND","[30] Personalaufwand","[303] Sozialversicherungsbeiträge","3","3","30","303","845.70"
"494","Gals","2006","[7] UMWELT UND RAUMORDNUNG","[74] Friedhof und Bestattung","[740] Friedhof und Bestattung","7","74","740","[3] Aufwand","[3] AUFWAND","[30] Personalaufwand","[303] Sozialversicherungsbeiträge","3","3","30","303","528.10"
"494","Gals","2006","[7] UMWELT UND RAUMORDNUNG","[75] Gewässerverbauungen","[750] Gewässerverbauungen","7","75","750","[3] Aufwand","[3] AUFWAND","[30] Personalaufwand","[303] Sozialversicherungsbeiträge","3","3","30","303","54.10"
"494","Gals","2006","[0] ALLGEMEINE VERWALTUNG","[02] Allgemeine Verwaltung","[029] Allgemeine Verwaltung","0","2","29","[3] Aufwand","[3] AUFWAND","[30] Personalaufwand","[305] Unfall- und Krankenversicherungsbeiträge","3","3","30","305","3648.25"
"494","Gals","2006","[6] VERKEHR","[62] Gemeindestrassen","[620] Gemeindestrassennetz","6","62","620","[3] Aufwand","[3] AUFWAND","[30] Personalaufwand","[305] Unfall- und Krankenversicherungsbeiträge","3","3","30","305","1388.45"
"494","Gals","2006","[2] BILDUNG","[21] Volksschule","[210] Primarstufe (1. - 6. Schuljahr)","2","21","210","[3] Aufwand","[3] AUFWAND","[30] Personalaufwand","[309] Uebriger Personalaufwand","3","3","30","309","340.00"
"494","Gals","2006","[0] ALLGEMEINE VERWALTUNG","[02] Allgemeine Verwaltung","[029] Allgemeine Verwaltung","0","2","29","[3] Aufwand","[3] AUFWAND","[31] Sachaufwand","[310] Büro- und Schulmaterialien, Drucksachen","3","3","31","310","7042.25"
"494","Gals","2006","[2] BILDUNG","[21] Volksschule","[210] Primarstufe (1. - 6. Schuljahr)","2","21","210","[3] Aufwand","[3] AUFWAND","[31] Sachaufwand","[310] Büro- und Schulmaterialien, Drucksachen","3","3","31","310","18123.85"
"494","Gals","2006","[4] GESUNDHEIT","[47] Lebensmittelkontrolle","[470] Lebensmittelkontrolle","4","47","470","[3] Aufwand","[3] AUFWAND","[31] Sachaufwand","[310] Büro- und Schulmaterialien, Drucksachen","3","3","31","310","162.85"
"494","Gals","2006","[7] UMWELT UND RAUMORDNUNG","[70] Wasserversorgung","[700] Wasserversorgung","7","70","700","[3] Aufwand","[3] AUFWAND","[31] Sachaufwand","[310] Büro- und Schulmaterialien, Drucksachen","3","3","31","310","453.65"
"494","Gals","2006","[0] ALLGEMEINE VERWALTUNG","[02] Allgemeine Verwaltung","[029] Allgemeine Verwaltung","0","2","29","[3] Aufwand","[3] AUFWAND","[31] Sachaufwand","[311] Anschaffung Mobilien, Maschinen, Fahrzeuge","3","3","31","311","1872.20"
"494","Gals","2006","[0] ALLGEMEINE VERWALTUNG","[09] Nicht aufteilbare Aufgaben","[090] Verwaltungsliegenschaften","0","9","90","[3] Aufwand","[3] AUFWAND","[31] Sachaufwand","[311] Anschaffung Mobilien, Maschinen, Fahrzeuge","3","3","31","311","5255.95"
"494","Gals","2006","[2] BILDUNG","[21] Volksschule","[217] Schulliegenschaften (Ki.garten sofern nicht zuteilbar, Prim + Sek 1)","2","21","217","[3] Aufwand","[3] AUFWAND","[31] Sachaufwand","[311] Anschaffung Mobilien, Maschinen, Fahrzeuge","3","3","31","311","151.80"
"494","Gals","2006","[1] OEFFENTLICHE SICHERHEIT","[16] Zivile Landesverteidigung","[160] Zivilschutz","1","16","160","[3] Aufwand","[3] AUFWAND","[31] Sachaufwand","[312] Wasser, Energie, Heizmaterialien","3","3","31","312","2482.20"
"494","Gals","2006","[2] BILDUNG","[21] Volksschule","[217] Schulliegenschaften (Ki.garten sofern nicht zuteilbar, Prim + Sek 1)","2","21","217","[3] Aufwand","[3] AUFWAND","[31] Sachaufwand","[313] Verbrauchsmaterialien","3","3","31","313","2139.95"
"494","Gals","2006","[6] VERKEHR","[62] Gemeindestrassen","[620] Gemeindestrassennetz","6","62","620","[3] Aufwand","[3] AUFWAND","[31] Sachaufwand","[313] Verbrauchsmaterialien","3","3","31","313","14388.35"
"494","Gals","2006","[0] ALLGEMEINE VERWALTUNG","[09] Nicht aufteilbare Aufgaben","[090] Verwaltungsliegenschaften","0","9","90","[3] Aufwand","[3] AUFWAND","[31] Sachaufwand","[314] Dienstleistungen Dritter für den baulichen Unterhalt","3","3","31","314","33607.05"
"494","Gals","2006","[3] KULTUR UND FREIZEIT","[32] Massenmedien","[321] Antennen- + Kabelanlagen","3","32","321","[3] Aufwand","[3] AUFWAND","[31] Sachaufwand","[314] Dienstleistungen Dritter für den baulichen Unterhalt","3","3","31","314","4914.90"
"494","Gals","2006","[3] KULTUR UND FREIZEIT","[34] Sport","[340] Sport","3","34","340","[3] Aufwand","[3] AUFWAND","[31] Sachaufwand","[314] Dienstleistungen Dritter für den baulichen Unterhalt","3","3","31","314","114.30"
"494","Gals","2006","[7] UMWELT UND RAUMORDNUNG","[72] Abfallentsorgung","[720] Abfallentsorgung","7","72","720","[3] Aufwand","[3] AUFWAND","[31] Sachaufwand","[314] Dienstleistungen Dritter für den baulichen Unterhalt","3","3","31","314","1428.85"
"494","Gals","2006","[7] UMWELT UND RAUMORDNUNG","[74] Friedhof und Bestattung","[740] Friedhof und Bestattung","7","74","740","[3] Aufwand","[3] AUFWAND","[31] Sachaufwand","[314] Dienstleistungen Dritter für den baulichen Unterhalt","3","3","31","314","2576.45"
"494","Gals","2006","[8] VOLKSWIRTSCHAFT","[81] Forstwirtschaft","[811] Kulturen, Pflegemassnahmen","8","81","811","[3] Aufwand","[3] AUFWAND","[31] Sachaufwand","[314] Dienstleistungen Dritter für den baulichen Unterhalt","3","3","31","314","176.60"
"494","Gals","2006","[0] ALLGEMEINE VERWALTUNG","[02] Allgemeine Verwaltung","[029] Allgemeine Verwaltung","0","2","29","[3] Aufwand","[3] AUFWAND","[31] Sachaufwand","[315] Dienstleistungen Dritter für den übrigen Unterhalt","3","3","31","315","1586.30"
"494","Gals","2006","[2] BILDUNG","[21] Volksschule","[210] Primarstufe (1. - 6. Schuljahr)","2","21","210","[3] Aufwand","[3] AUFWAND","[31] Sachaufwand","[315] Dienstleistungen Dritter für den übrigen Unterhalt","3","3","31","315","493.65"
"494","Gals","2006","[6] VERKEHR","[62] Gemeindestrassen","[620] Gemeindestrassennetz","6","62","620","[3] Aufwand","[3] AUFWAND","[31] Sachaufwand","[315] Dienstleistungen Dritter für den übrigen Unterhalt","3","3","31","315","478.95"
"494","Gals","2006","[6] VERKEHR","[62] Gemeindestrassen","[620] Gemeindestrassennetz","6","62","620","[3] Aufwand","[3] AUFWAND","[31] Sachaufwand","[316] Mieten, Pachten, Benützungskosten","3","3","31","316","1800.00"
"494","Gals","2006","[2] BILDUNG","[21] Volksschule","[210] Primarstufe (1. - 6. Schuljahr)","2","21","210","[3] Aufwand","[3] AUFWAND","[31] Sachaufwand","[317] Spesenentschädigungen","3","3","31","317","5172.10"
"494","Gals","2006","[0] ALLGEMEINE VERWALTUNG","[02] Allgemeine Verwaltung","[029] Allgemeine Verwaltung","0","2","29","[3] Aufwand","[3] AUFWAND","[31] Sachaufwand","[318] Dienstleistungen und Honorare, allg. Verwaltungsaufwand","3","3","31","318","56092.10"
"494","Gals","2006","[1] OEFFENTLICHE SICHERHEIT","[10] Rechtsaufsicht","[100] Mass und Gewicht","1","10","100","[3] Aufwand","[3] AUFWAND","[31] Sachaufwand","[318] Dienstleistungen und Honorare, allg. Verwaltungsaufwand","3","3","31","318","5248.30"
"494","Gals","2006","[1] OEFFENTLICHE SICHERHEIT","[15] Militärische Landesverteidigung","[151] Militär","1","15","151","[3] Aufwand","[3] AUFWAND","[31] Sachaufwand","[318] Dienstleistungen und Honorare, allg. Verwaltungsaufwand","3","3","31","318","184.30"
"494","Gals","2006","[1] OEFFENTLICHE SICHERHEIT","[16] Zivile Landesverteidigung","[160] Zivilschutz","1","16","160","[3] Aufwand","[3] AUFWAND","[31] Sachaufwand","[318] Dienstleistungen und Honorare, allg. Verwaltungsaufwand","3","3","31","318","846.30"
"494","Gals","2006","[2] BILDUNG","[21] Volksschule","[210] Primarstufe (1. - 6. Schuljahr)","2","21","210","[3] Aufwand","[3] AUFWAND","[31] Sachaufwand","[318] Dienstleistungen und Honorare, allg. Verwaltungsaufwand","3","3","31","318","1134.90"
"494","Gals","2006","[2] BILDUNG","[21] Volksschule","[217] Schulliegenschaften (Ki.garten sofern nicht zuteilbar, Prim + Sek 1)","2","21","217","[3] Aufwand","[3] AUFWAND","[31] Sachaufwand","[318] Dienstleistungen und Honorare, allg. Verwaltungsaufwand","3","3","31","318","2222.50"
"494","Gals","2006","[4] GESUNDHEIT","[46] Schulgesundheitsdienst","[461] Schulzahnärztliche Pflege","4","46","461","[3] Aufwand","[3] AUFWAND","[31] Sachaufwand","[318] Dienstleistungen und Honorare, allg. Verwaltungsaufwand","3","3","31","318","1139.00"
"494","Gals","2006","[6] VERKEHR","[62] Gemeindestrassen","[620] Gemeindestrassennetz","6","62","620","[3] Aufwand","[3] AUFWAND","[31] Sachaufwand","[318] Dienstleistungen und Honorare, allg. Verwaltungsaufwand","3","3","31","318","1213.90"
"494","Gals","2006","[7] UMWELT UND RAUMORDNUNG","[70] Wasserversorgung","[700] Wasserversorgung","7","70","700","[3] Aufwand","[3] AUFWAND","[31] Sachaufwand","[318] Dienstleistungen und Honorare, allg. Verwaltungsaufwand","3","3","31","318","99.75"
"494","Gals","2006","[7] UMWELT UND RAUMORDNUNG","[71] Abwasserentsorgung","[710] Abwasserentsorgung","7","71","710","[3] Aufwand","[3] AUFWAND","[31] Sachaufwand","[318] Dienstleistungen und Honorare, allg. Verwaltungsaufwand","3","3","31","318","7140.90"
"494","Gals","2006","[8] VOLKSWIRTSCHAFT","[81] Forstwirtschaft","[810] Forstverwaltung","8","81","810","[3] Aufwand","[3] AUFWAND","[31] Sachaufwand","[318] Dienstleistungen und Honorare, allg. Verwaltungsaufwand","3","3","31","318","60.00"
"494","Gals","2006","[9] FINANZEN UND STEUERN","[94] Vermögens- und Schuldenverwaltung","[942] Liegenschaften des Finanzvermögens","9","94","942","[3] Aufwand","[3] AUFWAND","[31] Sachaufwand","[318] Dienstleistungen und Honorare, allg. Verwaltungsaufwand","3","3","31","318","3227.80"
"494","Gals","2006","[9] FINANZEN UND STEUERN","[94] Vermögens- und Schuldenverwaltung","[940] Zinsen","9","94","940","[3] Aufwand","[3] AUFWAND","[32] Passivzinsen","[322] Mittel- und langfirstige Schulden","3","3","32","322","94914.30"
"494","Gals","2006","[1] OEFFENTLICHE SICHERHEIT","[14] Wehrdienste","[140] Wehrdienste","1","14","140","[3] Aufwand","[3] AUFWAND","[33] Abschreibungen","[330] Finanzvermögen","3","3","33","330","1262.95"
"494","Gals","2006","[9] FINANZEN UND STEUERN","[99] Nicht aufgeteilte Posten","[990] Abschreibungen","9","99","990","[3] Aufwand","[3] AUFWAND","[33] Abschreibungen","[330] Finanzvermögen","3","3","33","330","263.88"
"494","Gals","2006","[7] UMWELT UND RAUMORDNUNG","[71] Abwasserentsorgung","[710] Abwasserentsorgung","7","71","710","[3] Aufwand","[3] AUFWAND","[33] Abschreibungen","[331] Verwaltungsvermögen - harmonisierte Abschreibungen","3","3","33","331","42843.00"
"494","Gals","2006","[9] FINANZEN UND STEUERN","[99] Nicht aufgeteilte Posten","[990] Abschreibungen","9","99","990","[3] Aufwand","[3] AUFWAND","[33] Abschreibungen","[331] Verwaltungsvermögen - harmonisierte Abschreibungen","3","3","33","331","67187.65"
"494","Gals","2006","[7] UMWELT UND RAUMORDNUNG","[70] Wasserversorgung","[700] Wasserversorgung","7","70","700","[3] Aufwand","[3] AUFWAND","[33] Abschreibungen","[336] ...","3","3","33","336","420.00"
"494","Gals","2006","[5] SOZIALE WOHLFAHRT","[58] Sozialhilfe","[587] Lastenausgleich","5","58","587","[3] Aufwand","[3] AUFWAND","[35] Entschädigungen an Gemeinwesen","[351] Kanton","3","3","35","351","155934.05"
"494","Gals","2006","[2] BILDUNG","[20] Kindergarten","[200] Kindergarten","2","20","200","[3] Aufwand","[3] AUFWAND","[35] Entschädigungen an Gemeinwesen","[352] Gemeinden","3","3","35","352","22973.25"
"494","Gals","2006","[5] SOZIALE WOHLFAHRT","[51] Invalidenversicherung","[510] Gemeindeanteil am Beitrag des Kantons für die IV","5","51","510","[3] Aufwand","[3] AUFWAND","[36] Eigene Beiträge","[361] Kanton","3","3","36","361","40074.00"
"494","Gals","2006","[7] UMWELT UND RAUMORDNUNG","[75] Gewässerverbauungen","[750] Gewässerverbauungen","7","75","750","[3] Aufwand","[3] AUFWAND","[36] Eigene Beiträge","[361] Kanton","3","3","36","361","28749.00"
"494","Gals","2006","[7] UMWELT UND RAUMORDNUNG","[71] Abwasserentsorgung","[710] Abwasserentsorgung","7","71","710","[3] Aufwand","[3] AUFWAND","[36] Eigene Beiträge","[362] Gemeinden","3","3","36","362","122223.10"
"494","Gals","2006","[1] OEFFENTLICHE SICHERHEIT","[16] Zivile Landesverteidigung","[160] Zivilschutz","1","16","160","[3] Aufwand","[3] AUFWAND","[36] Eigene Beiträge","[365] Private Institutionen","3","3","36","365","4256.80"
"494","Gals","2006","[1] OEFFENTLICHE SICHERHEIT","[16] Zivile Landesverteidigung","[161] Uebrige zivile Landesverteidigung","1","16","161","[3] Aufwand","[3] AUFWAND","[36] Eigene Beiträge","[365] Private Institutionen","3","3","36","365","1200.00"
"494","Gals","2006","[3] KULTUR UND FREIZEIT","[33] Parkanlagen und Wanderwege","[330] Parkanlagen und Wanderwege","3","33","330","[3] Aufwand","[3] AUFWAND","[36] Eigene Beiträge","[365] Private Institutionen","3","3","36","365","210.00"
"494","Gals","2006","[5] SOZIALE WOHLFAHRT","[54] Jugendschutz","[540] Jugendschutz","5","54","540","[3] Aufwand","[3] AUFWAND","[36] Eigene Beiträge","[365] Private Institutionen","3","3","36","365","1385.75"
"494","Gals","2006","[7] UMWELT UND RAUMORDNUNG","[79] Raumordnung","[790] Raumplanung","7","79","790","[3] Aufwand","[3] AUFWAND","[36] Eigene Beiträge","[365] Private Institutionen","3","3","36","365","4338.60"
"494","Gals","2006","[3] KULTUR UND FREIZEIT","[35] Uebrige Freizeitgestaltung","[350] Uebrige Freizeitgestaltung","3","35","350","[3] Aufwand","[3] AUFWAND","[36] Eigene Beiträge","[366] Private Haushalte","3","3","36","366","8190.30"
"494","Gals","2006","[5] SOZIALE WOHLFAHRT","[58] Sozialhilfe","[583] Asylwesen","5","58","583","[3] Aufwand","[3] AUFWAND","[36] Eigene Beiträge","[366] Private Haushalte","3","3","36","366","3438.15"
"494","Gals","2006","[3] KULTUR UND FREIZEIT","[32] Massenmedien","[321] Antennen- + Kabelanlagen","3","32","321","[3] Aufwand","[3] AUFWAND","[38] Einlagen in Spezialfinanzierungen","[380] Einlagen in Spezialfinanzierungen","3","3","38","380","29948.10"
"494","Gals","2006","[7] UMWELT UND RAUMORDNUNG","[72] Abfallentsorgung","[720] Abfallentsorgung","7","72","720","[3] Aufwand","[3] AUFWAND","[38] Einlagen in Spezialfinanzierungen","[380] Einlagen in Spezialfinanzierungen","3","3","38","380","6331.20"
"494","Gals","2006","[0] ALLGEMEINE VERWALTUNG","[09] Nicht aufteilbare Aufgaben","[090] Verwaltungsliegenschaften","0","9","90","[3] Aufwand","[3] AUFWAND","[39] Interne Verrechnungen","[390] Verrechneter Aufwand","3","3","39","390","3000.00"
"494","Gals","2006","[2] BILDUNG","[21] Volksschule","[217] Schulliegenschaften (Ki.garten sofern nicht zuteilbar, Prim + Sek 1)","2","21","217","[3] Aufwand","[3] AUFWAND","[39] Interne Verrechnungen","[390] Verrechneter Aufwand","3","3","39","390","3000.00"
"494","Gals","2006","[3] KULTUR UND FREIZEIT","[32] Massenmedien","[321] Antennen- + Kabelanlagen","3","32","321","[3] Aufwand","[3] AUFWAND","[39] Interne Verrechnungen","[390] Verrechneter Aufwand","3","3","39","390","3000.00"
"494","Gals","2006","[5] SOZIALE WOHLFAHRT","[50] Altersversicherung","[500] AHV-Zweigstelle","5","50","500","[3] Aufwand","[3] AUFWAND","[39] Interne Verrechnungen","[390] Verrechneter Aufwand","3","3","39","390","10000.00"
"494","Gals","2006","[6] VERKEHR","[62] Gemeindestrassen","[620] Gemeindestrassennetz","6","62","620","[3] Aufwand","[3] AUFWAND","[39] Interne Verrechnungen","[390] Verrechneter Aufwand","3","3","39","390","3000.00"
"494","Gals","2006","[7] UMWELT UND RAUMORDNUNG","[70] Wasserversorgung","[700] Wasserversorgung","7","70","700","[3] Aufwand","[3] AUFWAND","[39] Interne Verrechnungen","[390] Verrechneter Aufwand","3","3","39","390","3000.00"
"494","Gals","2006","[7] UMWELT UND RAUMORDNUNG","[71] Abwasserentsorgung","[710] Abwasserentsorgung","7","71","710","[3] Aufwand","[3] AUFWAND","[39] Interne Verrechnungen","[391] Verrechnete Zinsen","3","3","39","391","25267.85"
"494","Gals","2006","[9] FINANZEN UND STEUERN","[90] Steuern","[900] Obligatorische periodische Steuern","9","90","900","[4] Ertrag","[4] ERTRAG","[40] Steuern","[400] Einkommens- und Vermögenssteuern","4","4","40","400","1093631.55"
"494","Gals","2006","[9] FINANZEN UND STEUERN","[90] Steuern","[901] Obligatorische aperiodische Steuern","9","90","901","[4] Ertrag","[4] ERTRAG","[40] Steuern","[400] Einkommens- und Vermögenssteuern","4","4","40","400","1973.55"
"494","Gals","2006","[9] FINANZEN UND STEUERN","[90] Steuern","[903] Steuerabschreibungen","9","90","903","[4] Ertrag","[4] ERTRAG","[40] Steuern","[400] Einkommens- und Vermögenssteuern","4","4","40","400","1084.95"
"494","Gals","2006","[9] FINANZEN UND STEUERN","[90] Steuern","[900] Obligatorische periodische Steuern","9","90","900","[4] Ertrag","[4] ERTRAG","[40] Steuern","[401] Gewinn- und Kapitalsteuern","4","4","40","401","21466.20"
"494","Gals","2006","[9] FINANZEN UND STEUERN","[94] Vermögens- und Schuldenverwaltung","[940] Zinsen","9","94","940","[4] Ertrag","[4] ERTRAG","[42] Vermögenserträge","[422] Anlagen des Finanzvermögens","4","4","42","422","3635.10"
"494","Gals","2006","[9] FINANZEN UND STEUERN","[94] Vermögens- und Schuldenverwaltung","[942] Liegenschaften des Finanzvermögens","9","94","942","[4] Ertrag","[4] ERTRAG","[42] Vermögenserträge","[423] Liegenschaften des Finanzvermögens","4","4","42","423","106371.35"
"494","Gals","2006","[2] BILDUNG","[21] Volksschule","[217] Schulliegenschaften (Ki.garten sofern nicht zuteilbar, Prim + Sek 1)","2","21","217","[4] Ertrag","[4] ERTRAG","[42] Vermögenserträge","[427] Liegenschaften des Verwaltungsvermögens","4","4","42","427","13950.00"
"494","Gals","2006","[3] KULTUR UND FREIZEIT","[32] Massenmedien","[321] Antennen- + Kabelanlagen","3","32","321","[4] Ertrag","[4] ERTRAG","[42] Vermögenserträge","[428] Einnahmeüberschuss der Investitionsrechnung","4","4","42","428","465.35"
"494","Gals","2006","[1] OEFFENTLICHE SICHERHEIT","[14] Wehrdienste","[140] Wehrdienste","1","14","140","[4] Ertrag","[4] ERTRAG","[43] Entgelte","[430] Ersatzabgaben","4","4","43","430","42805.35"
"494","Gals","2006","[1] OEFFENTLICHE SICHERHEIT","[10] Rechtsaufsicht","[101] Uebrige Rechtspflege","1","10","101","[4] Ertrag","[4] ERTRAG","[43] Entgelte","[431] Gebühren für Amtshandlungen","4","4","43","431","51049.00"
"494","Gals","2006","[7] UMWELT UND RAUMORDNUNG","[71] Abwasserentsorgung","[710] Abwasserentsorgung","7","71","710","[4] Ertrag","[4] ERTRAG","[43] Entgelte","[434] Andere Benützungsgebühren und Dienstleistungen","4","4","43","434","247372.45"
"494","Gals","2006","[7] UMWELT UND RAUMORDNUNG","[72] Abfallentsorgung","[720] Abfallentsorgung","7","72","720","[4] Ertrag","[4] ERTRAG","[43] Entgelte","[434] Andere Benützungsgebühren und Dienstleistungen","4","4","43","434","41031.95"
"494","Gals","2006","[3] KULTUR UND FREIZEIT","[32] Massenmedien","[321] Antennen- + Kabelanlagen","3","32","321","[4] Ertrag","[4] ERTRAG","[43] Entgelte","[435] Uebrige Verkaufserlöse","4","4","43","435","59424.25"
"494","Gals","2006","[7] UMWELT UND RAUMORDNUNG","[70] Wasserversorgung","[700] Wasserversorgung","7","70","700","[4] Ertrag","[4] ERTRAG","[43] Entgelte","[435] Uebrige Verkaufserlöse","4","4","43","435","95582.35"
"494","Gals","2006","[8] VOLKSWIRTSCHAFT","[81] Forstwirtschaft","[812] Holzernte","8","81","812","[4] Ertrag","[4] ERTRAG","[43] Entgelte","[435] Uebrige Verkaufserlöse","4","4","43","435","16642.40"
"494","Gals","2006","[8] VOLKSWIRTSCHAFT","[81] Forstwirtschaft","[815] Nebennutzungen","8","81","815","[4] Ertrag","[4] ERTRAG","[43] Entgelte","[435] Uebrige Verkaufserlöse","4","4","43","435","765.00"
"494","Gals","2006","[0] ALLGEMEINE VERWALTUNG","[09] Nicht aufteilbare Aufgaben","[090] Verwaltungsliegenschaften","0","9","90","[4] Ertrag","[4] ERTRAG","[43] Entgelte","[436] Rückerstattungen","4","4","43","436","11910.80"
"494","Gals","2006","[7] UMWELT UND RAUMORDNUNG","[79] Raumordnung","[790] Raumplanung","7","79","790","[4] Ertrag","[4] ERTRAG","[43] Entgelte","[439] Uebrige Entgelte","4","4","43","439","113460.00"
"494","Gals","2006","[9] FINANZEN UND STEUERN","[93] Anteile an kantonalen Steuern und Abgaben","[930] Anteile an kantonalen Steuern und Abgaben","9","93","930","[4] Ertrag","[4] ERTRAG","[44] Anteile und Beiträge ohne Zweckbindungen","[441] Anteile an Kantonseinnahmen","4","4","44","441","260.75"
"494","Gals","2006","[9] FINANZEN UND STEUERN","[92] Finanzausgleich","[920] Finanzausgleich","9","92","920","[4] Ertrag","[4] ERTRAG","[44] Anteile und Beiträge ohne Zweckbindungen","[444] Leistungen aus dem Finanzausgleich","4","4","44","444","124064.00"
"494","Gals","2006","[0] ALLGEMEINE VERWALTUNG","[02] Allgemeine Verwaltung","[029] Allgemeine Verwaltung","0","2","29","[4] Ertrag","[4] ERTRAG","[45] Rückerstattungen von Gemeinwesen","[451] Kanton","4","4","45","451","688.00"
"494","Gals","2006","[5] SOZIALE WOHLFAHRT","[58] Sozialhilfe","[583] Asylwesen","5","58","583","[4] Ertrag","[4] ERTRAG","[45] Rückerstattungen von Gemeinwesen","[451] Kanton","4","4","45","451","9504.45"
"494","Gals","2006","[1] OEFFENTLICHE SICHERHEIT","[16] Zivile Landesverteidigung","[160] Zivilschutz","1","16","160","[4] Ertrag","[4] ERTRAG","[46] Beiträge","[461] Kanton","4","4","46","461","1400.00"
"494","Gals","2006","[7] UMWELT UND RAUMORDNUNG","[70] Wasserversorgung","[700] Wasserversorgung","7","70","700","[4] Ertrag","[4] ERTRAG","[48] Entnahmen aus Spezialfinanzierungen","[480] Entnahmen aus Spezialfinanzierungen","4","4","48","480","6076.65"
"494","Gals","2006","[0] ALLGEMEINE VERWALTUNG","[02] Allgemeine Verwaltung","[029] Allgemeine Verwaltung","0","2","29","[4] Ertrag","[4] ERTRAG","[49] Interne Verrechnungen","[490] Verrechneter Aufwand","4","4","49","490","35000.00"
"494","Gals","2006","[9] FINANZEN UND STEUERN","[94] Vermögens- und Schuldenverwaltung","[940] Zinsen","9","94","940","[4] Ertrag","[4] ERTRAG","[49] Interne Verrechnungen","[491] Verrechnete Zinsen","4","4","49","491","25267.85"
"494","Gals","2006","[7] UMWELT UND RAUMORDNUNG","[70] Wasserversorgung","[700] Wasserversorgung","7","70","700","[4] Ertrag","[4] ERTRAG","[49] Interne Verrechnungen","[495] Verrechneter Ertrag","4","4","49","495","16219.55"
"494","Gals","2006","[7] UMWELT UND RAUMORDNUNG","[72] Abfallentsorgung","[720] Abfallentsorgung","7","72","720","[4] Ertrag","[4] ERTRAG","[49] Interne Verrechnungen","[495] Verrechneter Ertrag","4","4","49","495","2864.55"
"494","Gals","2006","[9] FINANZEN UND STEUERN","[99] Nicht aufgeteilte Posten","[999] Abschluss","9","99","999","[5] Ausgaben","[5] Ausgaben","[59] Passivierungen","[592] Uebertrag Einnahmenüberschuss in die Laufende Rechnung","5","5","59","592","31580.35"
"494","Gals","2006","[3] KULTUR UND FREIZEIT","[32] Massenmedien","[321] Antennen- + Kabelanlagen","3","32","321","[6] Einnahmen","[6] Einnahmen","[61] Nutzungsabgaben und Vorteilsentgelte","[610] Beiträge Dritter für eigene Rechnung","6","6","61","610","7800.00"
"494","Gals","2006","[9] FINANZEN UND STEUERN","[99] Nicht aufgeteilte Posten","[999] Abschluss","9","99","999","[6] Einnahmen","[6] Einnahmen","[69] Aktivierungen","[690] Aktivierte Ausgaben","6","6","69","690","7334.65"
"494","Gals","2007","[0] ALLGEMEINE VERWALTUNG","[01] Legislative und Exekutive","[012] Exekutive","0","1","12","[3] Aufwand","[3] AUFWAND","[30] Personalaufwand","[300] Personalaufwand der Behörden und Kommissionen","3","3","30","300","21957.00"
"494","Gals","2007","[2] BILDUNG","[21] Volksschule","[210] Primarstufe (1. - 6. Schuljahr)","2","21","210","[3] Aufwand","[3] AUFWAND","[30] Personalaufwand","[300] Personalaufwand der Behörden und Kommissionen","3","3","30","300","7160.00"
"494","Gals","2007","[0] ALLGEMEINE VERWALTUNG","[02] Allgemeine Verwaltung","[029] Allgemeine Verwaltung","0","2","29","[3] Aufwand","[3] AUFWAND","[30] Personalaufwand","[301] Löhne des Verwaltungs- + Betriebspersonals","3","3","30","301","170180.40"
"494","Gals","2007","[1] OEFFENTLICHE SICHERHEIT","[16] Zivile Landesverteidigung","[160] Zivilschutz","1","16","160","[3] Aufwand","[3] AUFWAND","[30] Personalaufwand","[301] Löhne des Verwaltungs- + Betriebspersonals","3","3","30","301","2495.40"
"494","Gals","2007","[2] BILDUNG","[21] Volksschule","[217] Schulliegenschaften (Ki.garten sofern nicht zuteilbar, Prim + Sek 1)","2","21","217","[3] Aufwand","[3] AUFWAND","[30] Personalaufwand","[301] Löhne des Verwaltungs- + Betriebspersonals","3","3","30","301","33229.25"
"494","Gals","2007","[6] VERKEHR","[62] Gemeindestrassen","[620] Gemeindestrassennetz","6","62","620","[3] Aufwand","[3] AUFWAND","[30] Personalaufwand","[301] Löhne des Verwaltungs- + Betriebspersonals","3","3","30","301","19769.95"
"494","Gals","2007","[7] UMWELT UND RAUMORDNUNG","[71] Abwasserentsorgung","[710] Abwasserentsorgung","7","71","710","[3] Aufwand","[3] AUFWAND","[30] Personalaufwand","[301] Löhne des Verwaltungs- + Betriebspersonals","3","3","30","301","2958.80"
"494","Gals","2007","[7] UMWELT UND RAUMORDNUNG","[72] Abfallentsorgung","[720] Abfallentsorgung","7","72","720","[3] Aufwand","[3] AUFWAND","[30] Personalaufwand","[301] Löhne des Verwaltungs- + Betriebspersonals","3","3","30","301","6862.90"
"494","Gals","2007","[8] VOLKSWIRTSCHAFT","[81] Forstwirtschaft","[810] Forstverwaltung","8","81","810","[3] Aufwand","[3] AUFWAND","[30] Personalaufwand","[301] Löhne des Verwaltungs- + Betriebspersonals","3","3","30","301","263.60"
"494","Gals","2007","[8] VOLKSWIRTSCHAFT","[81] Forstwirtschaft","[811] Kulturen, Pflegemassnahmen","8","81","811","[3] Aufwand","[3] AUFWAND","[30] Personalaufwand","[301] Löhne des Verwaltungs- + Betriebspersonals","3","3","30","301","263.60"
"494","Gals","2007","[8] VOLKSWIRTSCHAFT","[81] Forstwirtschaft","[813] Strassen- und Wegunterhalt","8","81","813","[3] Aufwand","[3] AUFWAND","[30] Personalaufwand","[301] Löhne des Verwaltungs- + Betriebspersonals","3","3","30","301","1041.60"
"494","Gals","2007","[9] FINANZEN UND STEUERN","[94] Vermögens- und Schuldenverwaltung","[942] Liegenschaften des Finanzvermögens","9","94","942","[3] Aufwand","[3] AUFWAND","[30] Personalaufwand","[301] Löhne des Verwaltungs- + Betriebspersonals","3","3","30","301","5212.85"
"494","Gals","2007","[0] ALLGEMEINE VERWALTUNG","[01] Legislative und Exekutive","[012] Exekutive","0","1","12","[3] Aufwand","[3] AUFWAND","[30] Personalaufwand","[303] Sozialversicherungsbeiträge","3","3","30","303","198.90"
"494","Gals","2007","[0] ALLGEMEINE VERWALTUNG","[02] Allgemeine Verwaltung","[029] Allgemeine Verwaltung","0","2","29","[3] Aufwand","[3] AUFWAND","[30] Personalaufwand","[303] Sozialversicherungsbeiträge","3","3","30","303","8264.45"
"494","Gals","2007","[1] OEFFENTLICHE SICHERHEIT","[16] Zivile Landesverteidigung","[160] Zivilschutz","1","16","160","[3] Aufwand","[3] AUFWAND","[30] Personalaufwand","[303] Sozialversicherungsbeiträge","3","3","30","303","124.15"
"494","Gals","2007","[6] VERKEHR","[62] Gemeindestrassen","[620] Gemeindestrassennetz","6","62","620","[3] Aufwand","[3] AUFWAND","[30] Personalaufwand","[303] Sozialversicherungsbeiträge","3","3","30","303","948.00"
"494","Gals","2007","[7] UMWELT UND RAUMORDNUNG","[72] Abfallentsorgung","[720] Abfallentsorgung","7","72","720","[3] Aufwand","[3] AUFWAND","[30] Personalaufwand","[303] Sozialversicherungsbeiträge","3","3","30","303","341.40"
"494","Gals","2007","[7] UMWELT UND RAUMORDNUNG","[74] Friedhof und Bestattung","[740] Friedhof und Bestattung","7","74","740","[3] Aufwand","[3] AUFWAND","[30] Personalaufwand","[303] Sozialversicherungsbeiträge","3","3","30","303","365.55"
"494","Gals","2007","[0] ALLGEMEINE VERWALTUNG","[02] Allgemeine Verwaltung","[029] Allgemeine Verwaltung","0","2","29","[3] Aufwand","[3] AUFWAND","[30] Personalaufwand","[304] Personalversicherungsbeiträge","3","3","30","304","17405.80"
"494","Gals","2007","[0] ALLGEMEINE VERWALTUNG","[09] Nicht aufteilbare Aufgaben","[090] Verwaltungsliegenschaften","0","9","90","[3] Aufwand","[3] AUFWAND","[30] Personalaufwand","[304] Personalversicherungsbeiträge","3","3","30","304","1201.95"
"494","Gals","2007","[2] BILDUNG","[21] Volksschule","[210] Primarstufe (1. - 6. Schuljahr)","2","21","210","[3] Aufwand","[3] AUFWAND","[30] Personalaufwand","[305] Unfall- und Krankenversicherungsbeiträge","3","3","30","305","218.00"
"494","Gals","2007","[2] BILDUNG","[21] Volksschule","[217] Schulliegenschaften (Ki.garten sofern nicht zuteilbar, Prim + Sek 1)","2","21","217","[3] Aufwand","[3] AUFWAND","[30] Personalaufwand","[309] Uebriger Personalaufwand","3","3","30","309","980.90"
"494","Gals","2007","[2] BILDUNG","[21] Volksschule","[219] Nicht Aufteilbares, Volksschule, Tagesschule","2","21","219","[3] Aufwand","[3] AUFWAND","[31] Sachaufwand","[310] Büro- und Schulmaterialien, Drucksachen","3","3","31","310","143.00"
"494","Gals","2007","[7] UMWELT UND RAUMORDNUNG","[70] Wasserversorgung","[700] Wasserversorgung","7","70","700","[3] Aufwand","[3] AUFWAND","[31] Sachaufwand","[310] Büro- und Schulmaterialien, Drucksachen","3","3","31","310","349.70"
"494","Gals","2007","[0] ALLGEMEINE VERWALTUNG","[02] Allgemeine Verwaltung","[029] Allgemeine Verwaltung","0","2","29","[3] Aufwand","[3] AUFWAND","[31] Sachaufwand","[311] Anschaffung Mobilien, Maschinen, Fahrzeuge","3","3","31","311","1853.65"
"494","Gals","2007","[2] BILDUNG","[21] Volksschule","[210] Primarstufe (1. - 6. Schuljahr)","2","21","210","[3] Aufwand","[3] AUFWAND","[31] Sachaufwand","[311] Anschaffung Mobilien, Maschinen, Fahrzeuge","3","3","31","311","6735.25"
"494","Gals","2007","[2] BILDUNG","[21] Volksschule","[217] Schulliegenschaften (Ki.garten sofern nicht zuteilbar, Prim + Sek 1)","2","21","217","[3] Aufwand","[3] AUFWAND","[31] Sachaufwand","[311] Anschaffung Mobilien, Maschinen, Fahrzeuge","3","3","31","311","1832.00"
"494","Gals","2007","[6] VERKEHR","[62] Gemeindestrassen","[620] Gemeindestrassennetz","6","62","620","[3] Aufwand","[3] AUFWAND","[31] Sachaufwand","[311] Anschaffung Mobilien, Maschinen, Fahrzeuge","3","3","31","311","525.50"
"494","Gals","2007","[0] ALLGEMEINE VERWALTUNG","[09] Nicht aufteilbare Aufgaben","[090] Verwaltungsliegenschaften","0","9","90","[3] Aufwand","[3] AUFWAND","[31] Sachaufwand","[312] Wasser, Energie, Heizmaterialien","3","3","31","312","17291.50"
"494","Gals","2007","[2] BILDUNG","[21] Volksschule","[217] Schulliegenschaften (Ki.garten sofern nicht zuteilbar, Prim + Sek 1)","2","21","217","[3] Aufwand","[3] AUFWAND","[31] Sachaufwand","[312] Wasser, Energie, Heizmaterialien","3","3","31","312","15082.50"
"494","Gals","2007","[3] KULTUR UND FREIZEIT","[32] Massenmedien","[321] Antennen- + Kabelanlagen","3","32","321","[3] Aufwand","[3] AUFWAND","[31] Sachaufwand","[312] Wasser, Energie, Heizmaterialien","3","3","31","312","762.15"
"494","Gals","2007","[7] UMWELT UND RAUMORDNUNG","[70] Wasserversorgung","[700] Wasserversorgung","7","70","700","[3] Aufwand","[3] AUFWAND","[31] Sachaufwand","[312] Wasser, Energie, Heizmaterialien","3","3","31","312","112.10"
"494","Gals","2007","[1] OEFFENTLICHE SICHERHEIT","[16] Zivile Landesverteidigung","[160] Zivilschutz","1","16","160","[3] Aufwand","[3] AUFWAND","[31] Sachaufwand","[314] Dienstleistungen Dritter für den baulichen Unterhalt","3","3","31","314","653.45"
"494","Gals","2007","[2] BILDUNG","[21] Volksschule","[217] Schulliegenschaften (Ki.garten sofern nicht zuteilbar, Prim + Sek 1)","2","21","217","[3] Aufwand","[3] AUFWAND","[31] Sachaufwand","[314] Dienstleistungen Dritter für den baulichen Unterhalt","3","3","31","314","9003.75"
"494","Gals","2007","[6] VERKEHR","[62] Gemeindestrassen","[620] Gemeindestrassennetz","6","62","620","[3] Aufwand","[3] AUFWAND","[31] Sachaufwand","[314] Dienstleistungen Dritter für den baulichen Unterhalt","3","3","31","314","73264.45"
"494","Gals","2007","[7] UMWELT UND RAUMORDNUNG","[71] Abwasserentsorgung","[710] Abwasserentsorgung","7","71","710","[3] Aufwand","[3] AUFWAND","[31] Sachaufwand","[314] Dienstleistungen Dritter für den baulichen Unterhalt","3","3","31","314","12722.30"
"494","Gals","2007","[7] UMWELT UND RAUMORDNUNG","[72] Abfallentsorgung","[720] Abfallentsorgung","7","72","720","[3] Aufwand","[3] AUFWAND","[31] Sachaufwand","[314] Dienstleistungen Dritter für den baulichen Unterhalt","3","3","31","314","717.50"
"494","Gals","2007","[8] VOLKSWIRTSCHAFT","[81] Forstwirtschaft","[811] Kulturen, Pflegemassnahmen","8","81","811","[3] Aufwand","[3] AUFWAND","[31] Sachaufwand","[314] Dienstleistungen Dritter für den baulichen Unterhalt","3","3","31","314","1121.25"
"494","Gals","2007","[8] VOLKSWIRTSCHAFT","[81] Forstwirtschaft","[813] Strassen- und Wegunterhalt","8","81","813","[3] Aufwand","[3] AUFWAND","[31] Sachaufwand","[314] Dienstleistungen Dritter für den baulichen Unterhalt","3","3","31","314","-485.20"
"494","Gals","2007","[9] FINANZEN UND STEUERN","[94] Vermögens- und Schuldenverwaltung","[942] Liegenschaften des Finanzvermögens","9","94","942","[3] Aufwand","[3] AUFWAND","[31] Sachaufwand","[314] Dienstleistungen Dritter für den baulichen Unterhalt","3","3","31","314","421.00"
"494","Gals","2007","[0] ALLGEMEINE VERWALTUNG","[09] Nicht aufteilbare Aufgaben","[090] Verwaltungsliegenschaften","0","9","90","[3] Aufwand","[3] AUFWAND","[31] Sachaufwand","[315] Dienstleistungen Dritter für den übrigen Unterhalt","3","3","31","315","541.55"
"494","Gals","2007","[6] VERKEHR","[62] Gemeindestrassen","[620] Gemeindestrassennetz","6","62","620","[3] Aufwand","[3] AUFWAND","[31] Sachaufwand","[316] Mieten, Pachten, Benützungskosten","3","3","31","316","1700.00"
"494","Gals","2007","[0] ALLGEMEINE VERWALTUNG","[01] Legislative und Exekutive","[011] Legislative","0","1","11","[3] Aufwand","[3] AUFWAND","[31] Sachaufwand","[317] Spesenentschädigungen","3","3","31","317","507.80"
"494","Gals","2007","[0] ALLGEMEINE VERWALTUNG","[02] Allgemeine Verwaltung","[029] Allgemeine Verwaltung","0","2","29","[3] Aufwand","[3] AUFWAND","[31] Sachaufwand","[317] Spesenentschädigungen","3","3","31","317","300.00"
"494","Gals","2007","[0] ALLGEMEINE VERWALTUNG","[09] Nicht aufteilbare Aufgaben","[090] Verwaltungsliegenschaften","0","9","90","[3] Aufwand","[3] AUFWAND","[31] Sachaufwand","[318] Dienstleistungen und Honorare, allg. Verwaltungsaufwand","3","3","31","318","1015.75"
"494","Gals","2007","[1] OEFFENTLICHE SICHERHEIT","[10] Rechtsaufsicht","[101] Uebrige Rechtspflege","1","10","101","[3] Aufwand","[3] AUFWAND","[31] Sachaufwand","[318] Dienstleistungen und Honorare, allg. Verwaltungsaufwand","3","3","31","318","37149.15"
"494","Gals","2007","[1] OEFFENTLICHE SICHERHEIT","[15] Militärische Landesverteidigung","[151] Militär","1","15","151","[3] Aufwand","[3] AUFWAND","[31] Sachaufwand","[318] Dienstleistungen und Honorare, allg. Verwaltungsaufwand","3","3","31","318","188.00"
"494","Gals","2007","[2] BILDUNG","[21] Volksschule","[210] Primarstufe (1. - 6. Schuljahr)","2","21","210","[3] Aufwand","[3] AUFWAND","[31] Sachaufwand","[318] Dienstleistungen und Honorare, allg. Verwaltungsaufwand","3","3","31","318","1288.45"
"494","Gals","2007","[3] KULTUR UND FREIZEIT","[30] Kulturförderung","[309] Uebrige Kulturförderung","3","30","309","[3] Aufwand","[3] AUFWAND","[31] Sachaufwand","[318] Dienstleistungen und Honorare, allg. Verwaltungsaufwand","3","3","31","318","2285.90"
"494","Gals","2007","[3] KULTUR UND FREIZEIT","[32] Massenmedien","[321] Antennen- + Kabelanlagen","3","32","321","[3] Aufwand","[3] AUFWAND","[31] Sachaufwand","[318] Dienstleistungen und Honorare, allg. Verwaltungsaufwand","3","3","31","318","2134.00"
"494","Gals","2007","[7] UMWELT UND RAUMORDNUNG","[70] Wasserversorgung","[700] Wasserversorgung","7","70","700","[3] Aufwand","[3] AUFWAND","[31] Sachaufwand","[318] Dienstleistungen und Honorare, allg. Verwaltungsaufwand","3","3","31","318","2.40"
"494","Gals","2007","[7] UMWELT UND RAUMORDNUNG","[74] Friedhof und Bestattung","[740] Friedhof und Bestattung","7","74","740","[3] Aufwand","[3] AUFWAND","[31] Sachaufwand","[318] Dienstleistungen und Honorare, allg. Verwaltungsaufwand","3","3","31","318","335.60"
"494","Gals","2007","[7] UMWELT UND RAUMORDNUNG","[78] Uebriger Umweltschutz","[789] Uebrige Immissionen","7","78","789","[3] Aufwand","[3] AUFWAND","[31] Sachaufwand","[318] Dienstleistungen und Honorare, allg. Verwaltungsaufwand","3","3","31","318","2300.00"
"494","Gals","2007","[8] VOLKSWIRTSCHAFT","[81] Forstwirtschaft","[810] Forstverwaltung","8","81","810","[3] Aufwand","[3] AUFWAND","[31] Sachaufwand","[318] Dienstleistungen und Honorare, allg. Verwaltungsaufwand","3","3","31","318","70.20"
"494","Gals","2007","[9] FINANZEN UND STEUERN","[94] Vermögens- und Schuldenverwaltung","[940] Zinsen","9","94","940","[3] Aufwand","[3] AUFWAND","[32] Passivzinsen","[322] Mittel- und langfirstige Schulden","3","3","32","322","93972.70"
"494","Gals","2007","[1] OEFFENTLICHE SICHERHEIT","[14] Wehrdienste","[140] Wehrdienste","1","14","140","[3] Aufwand","[3] AUFWAND","[33] Abschreibungen","[330] Finanzvermögen","3","3","33","330","1518.70"
"494","Gals","2007","[9] FINANZEN UND STEUERN","[99] Nicht aufgeteilte Posten","[990] Abschreibungen","9","99","990","[3] Aufwand","[3] AUFWAND","[33] Abschreibungen","[330] Finanzvermögen","3","3","33","330","5190.10"
"494","Gals","2007","[7] UMWELT UND RAUMORDNUNG","[71] Abwasserentsorgung","[710] Abwasserentsorgung","7","71","710","[3] Aufwand","[3] AUFWAND","[33] Abschreibungen","[331] Verwaltungsvermögen - harmonisierte Abschreibungen","3","3","33","331","42843.00"
"494","Gals","2007","[3] KULTUR UND FREIZEIT","[32] Massenmedien","[321] Antennen- + Kabelanlagen","3","32","321","[3] Aufwand","[3] AUFWAND","[33] Abschreibungen","[336] ...","3","3","33","336","420.00"
"494","Gals","2007","[0] ALLGEMEINE VERWALTUNG","[02] Allgemeine Verwaltung","[029] Allgemeine Verwaltung","0","2","29","[3] Aufwand","[3] AUFWAND","[35] Entschädigungen an Gemeinwesen","[351] Kanton","3","3","35","351","13703.80"
"494","Gals","2007","[2] BILDUNG","[20] Kindergarten","[200] Kindergarten","2","20","200","[3] Aufwand","[3] AUFWAND","[35] Entschädigungen an Gemeinwesen","[351] Kanton","3","3","35","351","23365.15"
"494","Gals","2007","[2] BILDUNG","[21] Volksschule","[210] Primarstufe (1. - 6. Schuljahr)","2","21","210","[3] Aufwand","[3] AUFWAND","[35] Entschädigungen an Gemeinwesen","[351] Kanton","3","3","35","351","126439.90"
"494","Gals","2007","[2] BILDUNG","[21] Volksschule","[212] Sekundarstufe 1 (7. - 9. Schuljahr, Real- + Sekundarschule)","2","21","212","[3] Aufwand","[3] AUFWAND","[35] Entschädigungen an Gemeinwesen","[351] Kanton","3","3","35","351","76992.65"
"494","Gals","2007","[3] KULTUR UND FREIZEIT","[32] Massenmedien","[321] Antennen- + Kabelanlagen","3","32","321","[3] Aufwand","[3] AUFWAND","[35] Entschädigungen an Gemeinwesen","[352] Gemeinden","3","3","35","352","21388.40"
"494","Gals","2007","[2] BILDUNG","[22] Sonderschulen","[220] Sonderschulen","2","22","220","[3] Aufwand","[3] AUFWAND","[36] Eigene Beiträge","[361] Kanton","3","3","36","361","13625.60"
"494","Gals","2007","[5] SOZIALE WOHLFAHRT","[50] Altersversicherung","[501] Gemeindeanteil am Beitrag des Kantons für die AHV","5","50","501","[3] Aufwand","[3] AUFWAND","[36] Eigene Beiträge","[361] Kanton","3","3","36","361","45267.00"
"494","Gals","2007","[5] SOZIALE WOHLFAHRT","[53] Sonstige Sozialversicherungen","[530] Ergänzungsleistungen der AHV, IV","5","53","530","[3] Aufwand","[3] AUFWAND","[36] Eigene Beiträge","[361] Kanton","3","3","36","361","108437.00"
"494","Gals","2007","[6] VERKEHR","[65] Regionalverkehr","[650] Regionalverkehrsbetriebe","6","65","650","[3] Aufwand","[3] AUFWAND","[36] Eigene Beiträge","[361] Kanton","3","3","36","361","28766.00"
"494","Gals","2007","[7] UMWELT UND RAUMORDNUNG","[75] Gewässerverbauungen","[750] Gewässerverbauungen","7","75","750","[3] Aufwand","[3] AUFWAND","[36] Eigene Beiträge","[361] Kanton","3","3","36","361","32335.00"
"494","Gals","2007","[1] OEFFENTLICHE SICHERHEIT","[14] Wehrdienste","[140] Wehrdienste","1","14","140","[3] Aufwand","[3] AUFWAND","[36] Eigene Beiträge","[362] Gemeinden","3","3","36","362","48492.45"
"494","Gals","2007","[1] OEFFENTLICHE SICHERHEIT","[16] Zivile Landesverteidigung","[160] Zivilschutz","1","16","160","[3] Aufwand","[3] AUFWAND","[36] Eigene Beiträge","[362] Gemeinden","3","3","36","362","1652.70"
"494","Gals","2007","[2] BILDUNG","[21] Volksschule","[212] Sekundarstufe 1 (7. - 9. Schuljahr, Real- + Sekundarschule)","2","21","212","[3] Aufwand","[3] AUFWAND","[36] Eigene Beiträge","[362] Gemeinden","3","3","36","362","94625.10"
"494","Gals","2007","[2] BILDUNG","[21] Volksschule","[214] Musikschulen","2","21","214","[3] Aufwand","[3] AUFWAND","[36] Eigene Beiträge","[362] Gemeinden","3","3","36","362","32459.50"
"494","Gals","2007","[5] SOZIALE WOHLFAHRT","[58] Sozialhilfe","[582] Weitere Wohlfahrts-, Vor- + Fürsorgeeinrichtungen","5","58","582","[3] Aufwand","[3] AUFWAND","[36] Eigene Beiträge","[362] Gemeinden","3","3","36","362","6737.85"
"494","Gals","2007","[7] UMWELT UND RAUMORDNUNG","[70] Wasserversorgung","[700] Wasserversorgung","7","70","700","[3] Aufwand","[3] AUFWAND","[36] Eigene Beiträge","[362] Gemeinden","3","3","36","362","99985.95"
"494","Gals","2007","[7] UMWELT UND RAUMORDNUNG","[71] Abwasserentsorgung","[710] Abwasserentsorgung","7","71","710","[3] Aufwand","[3] AUFWAND","[36] Eigene Beiträge","[362] Gemeinden","3","3","36","362","142494.70"
"494","Gals","2007","[0] ALLGEMEINE VERWALTUNG","[02] Allgemeine Verwaltung","[029] Allgemeine Verwaltung","0","2","29","[3] Aufwand","[3] AUFWAND","[36] Eigene Beiträge","[365] Private Institutionen","3","3","36","365","2841.00"
"494","Gals","2007","[3] KULTUR UND FREIZEIT","[30] Kulturförderung","[302] Theater, Konzerte","3","30","302","[3] Aufwand","[3] AUFWAND","[36] Eigene Beiträge","[365] Private Institutionen","3","3","36","365","2000.00"
"494","Gals","2007","[5] SOZIALE WOHLFAHRT","[58] Sozialhilfe","[582] Weitere Wohlfahrts-, Vor- + Fürsorgeeinrichtungen","5","58","582","[3] Aufwand","[3] AUFWAND","[36] Eigene Beiträge","[365] Private Institutionen","3","3","36","365","250.00"
"494","Gals","2007","[8] VOLKSWIRTSCHAFT","[80] Landwirtschaft","[800] Landwirtschaft","8","80","800","[3] Aufwand","[3] AUFWAND","[36] Eigene Beiträge","[365] Private Institutionen","3","3","36","365","5438.60"
"494","Gals","2006","[7] UMWELT UND RAUMORDNUNG","[71] Abwasserentsorgung","[710] Abwasserentsorgung","7","71","710","[3] Aufwand","[3] AUFWAND","[38] Einlagen in Spezialfinanzierungen","[380] Einlagen in Spezialfinanzierungen","3","3","38","380","73872.70"
"494","Gals","2006","[7] UMWELT UND RAUMORDNUNG","[71] Abwasserentsorgung","[710] Abwasserentsorgung","7","71","710","[3] Aufwand","[3] AUFWAND","[39] Interne Verrechnungen","[390] Verrechneter Aufwand","3","3","39","390","3000.00"
"494","Gals","2006","[7] UMWELT UND RAUMORDNUNG","[72] Abfallentsorgung","[720] Abfallentsorgung","7","72","720","[3] Aufwand","[3] AUFWAND","[39] Interne Verrechnungen","[390] Verrechneter Aufwand","3","3","39","390","3636.35"
"494","Gals","2006","[9] FINANZEN UND STEUERN","[94] Vermögens- und Schuldenverwaltung","[942] Liegenschaften des Finanzvermögens","9","94","942","[3] Aufwand","[3] AUFWAND","[39] Interne Verrechnungen","[390] Verrechneter Aufwand","3","3","39","390","7000.00"
"494","Gals","2006","[9] FINANZEN UND STEUERN","[94] Vermögens- und Schuldenverwaltung","[940] Zinsen","9","94","940","[3] Aufwand","[3] AUFWAND","[39] Interne Verrechnungen","[395] Verrechneter Ertrag","3","3","39","395","21826.20"
"494","Gals","2006","[9] FINANZEN UND STEUERN","[90] Steuern","[902] Liegenschaftssteuern","9","90","902","[4] Ertrag","[4] ERTRAG","[40] Steuern","[402] Liegenschaftssteuern","4","4","40","402","133383.50"
"494","Gals","2006","[9] FINANZEN UND STEUERN","[90] Steuern","[901] Obligatorische aperiodische Steuern","9","90","901","[4] Ertrag","[4] ERTRAG","[40] Steuern","[403] Vermögensgewinnsteuern","4","4","40","403","94778.30"
"494","Gals","2006","[9] FINANZEN UND STEUERN","[90] Steuern","[904] Fakultative Steuern und Abgaben","9","90","904","[4] Ertrag","[4] ERTRAG","[40] Steuern","[406] Besitz- und Aufwandsteuern","4","4","40","406","3255.25"
"494","Gals","2006","[8] VOLKSWIRTSCHAFT","[86] Energie","[860] Elektrizität","8","86","860","[4] Ertrag","[4] ERTRAG","[41] Regalien und Konzessionen","[410] Erträge aus Regalien und Konzessionen","4","4","41","410","27057.00"
"494","Gals","2006","[9] FINANZEN UND STEUERN","[94] Vermögens- und Schuldenverwaltung","[940] Zinsen","9","94","940","[4] Ertrag","[4] ERTRAG","[42] Vermögenserträge","[421] Flüssige Mittel und Guthaben","4","4","42","421","6575.55"
"494","Gals","2006","[0] ALLGEMEINE VERWALTUNG","[09] Nicht aufteilbare Aufgaben","[090] Verwaltungsliegenschaften","0","9","90","[4] Ertrag","[4] ERTRAG","[42] Vermögenserträge","[427] Liegenschaften des Verwaltungsvermögens","4","4","42","427","18805.00"
"494","Gals","2006","[3] KULTUR UND FREIZEIT","[34] Sport","[340] Sport","3","34","340","[4] Ertrag","[4] ERTRAG","[42] Vermögenserträge","[427] Liegenschaften des Verwaltungsvermögens","4","4","42","427","1000.00"
"494","Gals","2006","[7] UMWELT UND RAUMORDNUNG","[70] Wasserversorgung","[700] Wasserversorgung","7","70","700","[4] Ertrag","[4] ERTRAG","[42] Vermögenserträge","[428] Einnahmeüberschuss der Investitionsrechnung","4","4","42","428","31115.00"
"494","Gals","2006","[1] OEFFENTLICHE SICHERHEIT","[16] Zivile Landesverteidigung","[160] Zivilschutz","1","16","160","[4] Ertrag","[4] ERTRAG","[43] Entgelte","[430] Ersatzabgaben","4","4","43","430","17225.00"
"494","Gals","2006","[7] UMWELT UND RAUMORDNUNG","[78] Uebriger Umweltschutz","[781] Tierkörperbeseitigung","7","78","781","[4] Ertrag","[4] ERTRAG","[43] Entgelte","[431] Gebühren für Amtshandlungen","4","4","43","431","814.80"
"494","Gals","2006","[6] VERKEHR","[62] Gemeindestrassen","[620] Gemeindestrassennetz","6","62","620","[4] Ertrag","[4] ERTRAG","[43] Entgelte","[434] Andere Benützungsgebühren und Dienstleistungen","4","4","43","434","3770.00"
"494","Gals","2006","[7] UMWELT UND RAUMORDNUNG","[74] Friedhof und Bestattung","[740] Friedhof und Bestattung","7","74","740","[4] Ertrag","[4] ERTRAG","[43] Entgelte","[434] Andere Benützungsgebühren und Dienstleistungen","4","4","43","434","1855.10"
"494","Gals","2006","[6] VERKEHR","[62] Gemeindestrassen","[620] Gemeindestrassennetz","6","62","620","[4] Ertrag","[4] ERTRAG","[43] Entgelte","[435] Uebrige Verkaufserlöse","4","4","43","435","1291.20"
"494","Gals","2006","[0] ALLGEMEINE VERWALTUNG","[02] Allgemeine Verwaltung","[029] Allgemeine Verwaltung","0","2","29","[4] Ertrag","[4] ERTRAG","[43] Entgelte","[436] Rückerstattungen","4","4","43","436","-290.60"
"494","Gals","2006","[5] SOZIALE WOHLFAHRT","[58] Sozialhilfe","[583] Asylwesen","5","58","583","[4] Ertrag","[4] ERTRAG","[43] Entgelte","[436] Rückerstattungen","4","4","43","436","971.50"
"494","Gals","2006","[7] UMWELT UND RAUMORDNUNG","[70] Wasserversorgung","[700] Wasserversorgung","7","70","700","[4] Ertrag","[4] ERTRAG","[43] Entgelte","[436] Rückerstattungen","4","4","43","436","4427.00"
"494","Gals","2006","[0] ALLGEMEINE VERWALTUNG","[01] Legislative und Exekutive","[011] Legislative","0","1","11","[4] Ertrag","[4] ERTRAG","[43] Entgelte","[437] Bussen","4","4","43","437","100.00"
"494","Gals","2006","[6] VERKEHR","[62] Gemeindestrassen","[620] Gemeindestrassennetz","6","62","620","[4] Ertrag","[4] ERTRAG","[45] Rückerstattungen von Gemeinwesen","[451] Kanton","4","4","45","451","54745.85"
"494","Gals","2006","[3] KULTUR UND FREIZEIT","[35] Uebrige Freizeitgestaltung","[350] Uebrige Freizeitgestaltung","3","35","350","[4] Ertrag","[4] ERTRAG","[45] Rückerstattungen von Gemeinwesen","[452] Gemeinden","4","4","45","452","3452.00"
"494","Gals","2006","[8] VOLKSWIRTSCHAFT","[81] Forstwirtschaft","[811] Kulturen, Pflegemassnahmen","8","81","811","[4] Ertrag","[4] ERTRAG","[46] Beiträge","[461] Kanton","4","4","46","461","459.20"
"494","Gals","2006","[7] UMWELT UND RAUMORDNUNG","[71] Abwasserentsorgung","[710] Abwasserentsorgung","7","71","710","[4] Ertrag","[4] ERTRAG","[48] Entnahmen aus Spezialfinanzierungen","[480] Entnahmen aus Spezialfinanzierungen","4","4","48","480","42843.00"
"494","Gals","2006","[7] UMWELT UND RAUMORDNUNG","[78] Uebriger Umweltschutz","[781] Tierkörperbeseitigung","7","78","781","[4] Ertrag","[4] ERTRAG","[49] Interne Verrechnungen","[490] Verrechneter Aufwand","4","4","49","490","3636.35"
"494","Gals","2006","[3] KULTUR UND FREIZEIT","[32] Massenmedien","[321] Antennen- + Kabelanlagen","3","32","321","[4] Ertrag","[4] ERTRAG","[49] Interne Verrechnungen","[495] Verrechneter Ertrag","4","4","49","495","2742.10"
"494","Gals","2006","[3] KULTUR UND FREIZEIT","[32] Massenmedien","[321] Antennen- + Kabelanlagen","3","32","321","[5] Ausgaben","[5] Ausgaben","[50] Sachgüter","[501] Tiefbauten","5","5","50","501","7334.65"
"494","Gals","2006","[9] FINANZEN UND STEUERN","[99] Nicht aufgeteilte Posten","[999] Abschluss","9","99","999","[5] Ausgaben","[5] Ausgaben","[59] Passivierungen","[590] Passivierte Einnahmen","5","5","59","590","32703.65"
"494","Gals","2006","[7] UMWELT UND RAUMORDNUNG","[70] Wasserversorgung","[700] Wasserversorgung","7","70","700","[6] Einnahmen","[6] Einnahmen","[61] Nutzungsabgaben und Vorteilsentgelte","[610] Beiträge Dritter für eigene Rechnung","6","6","61","610","31115.00"
"494","Gals","2006","[7] UMWELT UND RAUMORDNUNG","[71] Abwasserentsorgung","[710] Abwasserentsorgung","7","71","710","[6] Einnahmen","[6] Einnahmen","[61] Nutzungsabgaben und Vorteilsentgelte","[610] Beiträge Dritter für eigene Rechnung","6","6","61","610","25369.00"
"494","Gals","2007","[3] KULTUR UND FREIZEIT","[35] Uebrige Freizeitgestaltung","[350] Uebrige Freizeitgestaltung","3","35","350","[3] Aufwand","[3] AUFWAND","[30] Personalaufwand","[300] Personalaufwand der Behörden und Kommissionen","3","3","30","300","1683.40"
"494","Gals","2007","[0] ALLGEMEINE VERWALTUNG","[09] Nicht aufteilbare Aufgaben","[090] Verwaltungsliegenschaften","0","9","90","[3] Aufwand","[3] AUFWAND","[30] Personalaufwand","[301] Löhne des Verwaltungs- + Betriebspersonals","3","3","30","301","39924.10"
"494","Gals","2007","[1] OEFFENTLICHE SICHERHEIT","[11] Polizei","[113] Gemeindepolizei","1","11","113","[3] Aufwand","[3] AUFWAND","[30] Personalaufwand","[301] Löhne des Verwaltungs- + Betriebspersonals","3","3","30","301","8068.25"
"494","Gals","2007","[3] KULTUR UND FREIZEIT","[34] Sport","[340] Sport","3","34","340","[3] Aufwand","[3] AUFWAND","[30] Personalaufwand","[301] Löhne des Verwaltungs- + Betriebspersonals","3","3","30","301","4000.00"
"494","Gals","2007","[7] UMWELT UND RAUMORDNUNG","[70] Wasserversorgung","[700] Wasserversorgung","7","70","700","[3] Aufwand","[3] AUFWAND","[30] Personalaufwand","[301] Löhne des Verwaltungs- + Betriebspersonals","3","3","30","301","10274.95"
"494","Gals","2007","[7] UMWELT UND RAUMORDNUNG","[74] Friedhof und Bestattung","[740] Friedhof und Bestattung","7","74","740","[3] Aufwand","[3] AUFWAND","[30] Personalaufwand","[301] Löhne des Verwaltungs- + Betriebspersonals","3","3","30","301","7348.00"
"494","Gals","2007","[7] UMWELT UND RAUMORDNUNG","[75] Gewässerverbauungen","[750] Gewässerverbauungen","7","75","750","[3] Aufwand","[3] AUFWAND","[30] Personalaufwand","[301] Löhne des Verwaltungs- + Betriebspersonals","3","3","30","301","589.35"
"494","Gals","2007","[8] VOLKSWIRTSCHAFT","[80] Landwirtschaft","[800] Landwirtschaft","8","80","800","[3] Aufwand","[3] AUFWAND","[30] Personalaufwand","[301] Löhne des Verwaltungs- + Betriebspersonals","3","3","30","301","713.00"
"494","Gals","2007","[8] VOLKSWIRTSCHAFT","[81] Forstwirtschaft","[812] Holzernte","8","81","812","[3] Aufwand","[3] AUFWAND","[30] Personalaufwand","[301] Löhne des Verwaltungs- + Betriebspersonals","3","3","30","301","1737.70"
"494","Gals","2007","[8] VOLKSWIRTSCHAFT","[81] Forstwirtschaft","[815] Nebennutzungen","8","81","815","[3] Aufwand","[3] AUFWAND","[30] Personalaufwand","[301] Löhne des Verwaltungs- + Betriebspersonals","3","3","30","301","266.45"
"494","Gals","2007","[0] ALLGEMEINE VERWALTUNG","[09] Nicht aufteilbare Aufgaben","[090] Verwaltungsliegenschaften","0","9","90","[3] Aufwand","[3] AUFWAND","[30] Personalaufwand","[303] Sozialversicherungsbeiträge","3","3","30","303","1986.05"
"494","Gals","2007","[1] OEFFENTLICHE SICHERHEIT","[11] Polizei","[113] Gemeindepolizei","1","11","113","[3] Aufwand","[3] AUFWAND","[30] Personalaufwand","[303] Sozialversicherungsbeiträge","3","3","30","303","401.35"
"494","Gals","2007","[2] BILDUNG","[21] Volksschule","[217] Schulliegenschaften (Ki.garten sofern nicht zuteilbar, Prim + Sek 1)","2","21","217","[3] Aufwand","[3] AUFWAND","[30] Personalaufwand","[303] Sozialversicherungsbeiträge","3","3","30","303","1653.00"
"494","Gals","2007","[3] KULTUR UND FREIZEIT","[34] Sport","[340] Sport","3","34","340","[3] Aufwand","[3] AUFWAND","[30] Personalaufwand","[303] Sozialversicherungsbeiträge","3","3","30","303","199.00"
"494","Gals","2007","[7] UMWELT UND RAUMORDNUNG","[70] Wasserversorgung","[700] Wasserversorgung","7","70","700","[3] Aufwand","[3] AUFWAND","[30] Personalaufwand","[303] Sozialversicherungsbeiträge","3","3","30","303","511.15"
"494","Gals","2007","[7] UMWELT UND RAUMORDNUNG","[71] Abwasserentsorgung","[710] Abwasserentsorgung","7","71","710","[3] Aufwand","[3] AUFWAND","[30] Personalaufwand","[303] Sozialversicherungsbeiträge","3","3","30","303","147.20"
"494","Gals","2007","[7] UMWELT UND RAUMORDNUNG","[75] Gewässerverbauungen","[750] Gewässerverbauungen","7","75","750","[3] Aufwand","[3] AUFWAND","[30] Personalaufwand","[303] Sozialversicherungsbeiträge","3","3","30","303","29.35"
"494","Gals","2007","[8] VOLKSWIRTSCHAFT","[80] Landwirtschaft","[800] Landwirtschaft","8","80","800","[3] Aufwand","[3] AUFWAND","[30] Personalaufwand","[303] Sozialversicherungsbeiträge","3","3","30","303","35.45"
"494","Gals","2007","[9] FINANZEN UND STEUERN","[94] Vermögens- und Schuldenverwaltung","[942] Liegenschaften des Finanzvermögens","9","94","942","[3] Aufwand","[3] AUFWAND","[30] Personalaufwand","[303] Sozialversicherungsbeiträge","3","3","30","303","259.30"
"494","Gals","2007","[6] VERKEHR","[62] Gemeindestrassen","[620] Gemeindestrassennetz","6","62","620","[3] Aufwand","[3] AUFWAND","[30] Personalaufwand","[304] Personalversicherungsbeiträge","3","3","30","304","3867.65"
"494","Gals","2007","[0] ALLGEMEINE VERWALTUNG","[02] Allgemeine Verwaltung","[029] Allgemeine Verwaltung","0","2","29","[3] Aufwand","[3] AUFWAND","[30] Personalaufwand","[305] Unfall- und Krankenversicherungsbeiträge","3","3","30","305","7236.65"
"494","Gals","2007","[0] ALLGEMEINE VERWALTUNG","[09] Nicht aufteilbare Aufgaben","[090] Verwaltungsliegenschaften","0","9","90","[3] Aufwand","[3] AUFWAND","[30] Personalaufwand","[305] Unfall- und Krankenversicherungsbeiträge","3","3","30","305","260.00"
"494","Gals","2007","[6] VERKEHR","[62] Gemeindestrassen","[620] Gemeindestrassennetz","6","62","620","[3] Aufwand","[3] AUFWAND","[30] Personalaufwand","[305] Unfall- und Krankenversicherungsbeiträge","3","3","30","305","3333.15"
"494","Gals","2007","[2] BILDUNG","[21] Volksschule","[210] Primarstufe (1. - 6. Schuljahr)","2","21","210","[3] Aufwand","[3] AUFWAND","[30] Personalaufwand","[309] Uebriger Personalaufwand","3","3","30","309","798.00"
"494","Gals","2007","[0] ALLGEMEINE VERWALTUNG","[01] Legislative und Exekutive","[011] Legislative","0","1","11","[3] Aufwand","[3] AUFWAND","[31] Sachaufwand","[310] Büro- und Schulmaterialien, Drucksachen","3","3","31","310","1214.55"
"494","Gals","2007","[0] ALLGEMEINE VERWALTUNG","[02] Allgemeine Verwaltung","[029] Allgemeine Verwaltung","0","2","29","[3] Aufwand","[3] AUFWAND","[31] Sachaufwand","[310] Büro- und Schulmaterialien, Drucksachen","3","3","31","310","10740.80"
"494","Gals","2007","[2] BILDUNG","[21] Volksschule","[210] Primarstufe (1. - 6. Schuljahr)","2","21","210","[3] Aufwand","[3] AUFWAND","[31] Sachaufwand","[310] Büro- und Schulmaterialien, Drucksachen","3","3","31","310","20750.85"
"494","Gals","2007","[9] FINANZEN UND STEUERN","[94] Vermögens- und Schuldenverwaltung","[942] Liegenschaften des Finanzvermögens","9","94","942","[3] Aufwand","[3] AUFWAND","[31] Sachaufwand","[310] Büro- und Schulmaterialien, Drucksachen","3","3","31","310","86.45"
"494","Gals","2007","[0] ALLGEMEINE VERWALTUNG","[09] Nicht aufteilbare Aufgaben","[090] Verwaltungsliegenschaften","0","9","90","[3] Aufwand","[3] AUFWAND","[31] Sachaufwand","[311] Anschaffung Mobilien, Maschinen, Fahrzeuge","3","3","31","311","290.50"
"494","Gals","2007","[1] OEFFENTLICHE SICHERHEIT","[16] Zivile Landesverteidigung","[160] Zivilschutz","1","16","160","[3] Aufwand","[3] AUFWAND","[31] Sachaufwand","[312] Wasser, Energie, Heizmaterialien","3","3","31","312","1680.80"
"494","Gals","2007","[6] VERKEHR","[62] Gemeindestrassen","[620] Gemeindestrassennetz","6","62","620","[3] Aufwand","[3] AUFWAND","[31] Sachaufwand","[312] Wasser, Energie, Heizmaterialien","3","3","31","312","22131.15"
"494","Gals","2007","[0] ALLGEMEINE VERWALTUNG","[09] Nicht aufteilbare Aufgaben","[090] Verwaltungsliegenschaften","0","9","90","[3] Aufwand","[3] AUFWAND","[31] Sachaufwand","[313] Verbrauchsmaterialien","3","3","31","313","655.15"
"494","Gals","2007","[2] BILDUNG","[21] Volksschule","[217] Schulliegenschaften (Ki.garten sofern nicht zuteilbar, Prim + Sek 1)","2","21","217","[3] Aufwand","[3] AUFWAND","[31] Sachaufwand","[313] Verbrauchsmaterialien","3","3","31","313","1592.05"
"494","Gals","2007","[6] VERKEHR","[62] Gemeindestrassen","[620] Gemeindestrassennetz","6","62","620","[3] Aufwand","[3] AUFWAND","[31] Sachaufwand","[313] Verbrauchsmaterialien","3","3","31","313","7776.95"
"494","Gals","2007","[7] UMWELT UND RAUMORDNUNG","[70] Wasserversorgung","[700] Wasserversorgung","7","70","700","[3] Aufwand","[3] AUFWAND","[31] Sachaufwand","[313] Verbrauchsmaterialien","3","3","31","313","2034.45"
"494","Gals","2007","[8] VOLKSWIRTSCHAFT","[81] Forstwirtschaft","[811] Kulturen, Pflegemassnahmen","8","81","811","[3] Aufwand","[3] AUFWAND","[31] Sachaufwand","[313] Verbrauchsmaterialien","3","3","31","313","273.75"
"494","Gals","2007","[0] ALLGEMEINE VERWALTUNG","[09] Nicht aufteilbare Aufgaben","[090] Verwaltungsliegenschaften","0","9","90","[3] Aufwand","[3] AUFWAND","[31] Sachaufwand","[314] Dienstleistungen Dritter für den baulichen Unterhalt","3","3","31","314","1321.69"
"494","Gals","2007","[3] KULTUR UND FREIZEIT","[32] Massenmedien","[321] Antennen- + Kabelanlagen","3","32","321","[3] Aufwand","[3] AUFWAND","[31] Sachaufwand","[314] Dienstleistungen Dritter für den baulichen Unterhalt","3","3","31","314","3456.00"
"494","Gals","2007","[3] KULTUR UND FREIZEIT","[34] Sport","[340] Sport","3","34","340","[3] Aufwand","[3] AUFWAND","[31] Sachaufwand","[314] Dienstleistungen Dritter für den baulichen Unterhalt","3","3","31","314","25.00"
"494","Gals","2007","[7] UMWELT UND RAUMORDNUNG","[70] Wasserversorgung","[700] Wasserversorgung","7","70","700","[3] Aufwand","[3] AUFWAND","[31] Sachaufwand","[314] Dienstleistungen Dritter für den baulichen Unterhalt","3","3","31","314","6743.45"
"494","Gals","2007","[7] UMWELT UND RAUMORDNUNG","[74] Friedhof und Bestattung","[740] Friedhof und Bestattung","7","74","740","[3] Aufwand","[3] AUFWAND","[31] Sachaufwand","[314] Dienstleistungen Dritter für den baulichen Unterhalt","3","3","31","314","1386.15"
"494","Gals","2007","[8] VOLKSWIRTSCHAFT","[81] Forstwirtschaft","[810] Forstverwaltung","8","81","810","[3] Aufwand","[3] AUFWAND","[31] Sachaufwand","[314] Dienstleistungen Dritter für den baulichen Unterhalt","3","3","31","314","108.00"
"494","Gals","2007","[8] VOLKSWIRTSCHAFT","[81] Forstwirtschaft","[812] Holzernte","8","81","812","[3] Aufwand","[3] AUFWAND","[31] Sachaufwand","[314] Dienstleistungen Dritter für den baulichen Unterhalt","3","3","31","314","10934.55"
"494","Gals","2007","[0] ALLGEMEINE VERWALTUNG","[02] Allgemeine Verwaltung","[029] Allgemeine Verwaltung","0","2","29","[3] Aufwand","[3] AUFWAND","[31] Sachaufwand","[315] Dienstleistungen Dritter für den übrigen Unterhalt","3","3","31","315","1200.80"
"494","Gals","2007","[2] BILDUNG","[21] Volksschule","[210] Primarstufe (1. - 6. Schuljahr)","2","21","210","[3] Aufwand","[3] AUFWAND","[31] Sachaufwand","[315] Dienstleistungen Dritter für den übrigen Unterhalt","3","3","31","315","797.60"
"494","Gals","2007","[2] BILDUNG","[21] Volksschule","[217] Schulliegenschaften (Ki.garten sofern nicht zuteilbar, Prim + Sek 1)","2","21","217","[3] Aufwand","[3] AUFWAND","[31] Sachaufwand","[315] Dienstleistungen Dritter für den übrigen Unterhalt","3","3","31","315","1396.05"
"494","Gals","2007","[6] VERKEHR","[62] Gemeindestrassen","[620] Gemeindestrassennetz","6","62","620","[3] Aufwand","[3] AUFWAND","[31] Sachaufwand","[315] Dienstleistungen Dritter für den übrigen Unterhalt","3","3","31","315","348.75"
"494","Gals","2007","[0] ALLGEMEINE VERWALTUNG","[01] Legislative und Exekutive","[012] Exekutive","0","1","12","[3] Aufwand","[3] AUFWAND","[31] Sachaufwand","[317] Spesenentschädigungen","3","3","31","317","8612.90"
"494","Gals","2007","[2] BILDUNG","[21] Volksschule","[210] Primarstufe (1. - 6. Schuljahr)","2","21","210","[3] Aufwand","[3] AUFWAND","[31] Sachaufwand","[317] Spesenentschädigungen","3","3","31","317","2106.15"
"494","Gals","2007","[0] ALLGEMEINE VERWALTUNG","[01] Legislative und Exekutive","[011] Legislative","0","1","11","[3] Aufwand","[3] AUFWAND","[31] Sachaufwand","[318] Dienstleistungen und Honorare, allg. Verwaltungsaufwand","3","3","31","318","325.45"
"494","Gals","2007","[0] ALLGEMEINE VERWALTUNG","[02] Allgemeine Verwaltung","[029] Allgemeine Verwaltung","0","2","29","[3] Aufwand","[3] AUFWAND","[31] Sachaufwand","[318] Dienstleistungen und Honorare, allg. Verwaltungsaufwand","3","3","31","318","61743.40"
"494","Gals","2007","[1] OEFFENTLICHE SICHERHEIT","[10] Rechtsaufsicht","[100] Mass und Gewicht","1","10","100","[3] Aufwand","[3] AUFWAND","[31] Sachaufwand","[318] Dienstleistungen und Honorare, allg. Verwaltungsaufwand","3","3","31","318","22901.15"
"494","Gals","2007","[1] OEFFENTLICHE SICHERHEIT","[16] Zivile Landesverteidigung","[160] Zivilschutz","1","16","160","[3] Aufwand","[3] AUFWAND","[31] Sachaufwand","[318] Dienstleistungen und Honorare, allg. Verwaltungsaufwand","3","3","31","318","893.70"
"494","Gals","2007","[2] BILDUNG","[21] Volksschule","[217] Schulliegenschaften (Ki.garten sofern nicht zuteilbar, Prim + Sek 1)","2","21","217","[3] Aufwand","[3] AUFWAND","[31] Sachaufwand","[318] Dienstleistungen und Honorare, allg. Verwaltungsaufwand","3","3","31","318","2507.90"
"494","Gals","2007","[4] GESUNDHEIT","[46] Schulgesundheitsdienst","[460] Schulärztliche Pflege","4","46","460","[3] Aufwand","[3] AUFWAND","[31] Sachaufwand","[318] Dienstleistungen und Honorare, allg. Verwaltungsaufwand","3","3","31","318","435.00"
"494","Gals","2007","[4] GESUNDHEIT","[46] Schulgesundheitsdienst","[461] Schulzahnärztliche Pflege","4","46","461","[3] Aufwand","[3] AUFWAND","[31] Sachaufwand","[318] Dienstleistungen und Honorare, allg. Verwaltungsaufwand","3","3","31","318","792.40"
"494","Gals","2007","[6] VERKEHR","[62] Gemeindestrassen","[620] Gemeindestrassennetz","6","62","620","[3] Aufwand","[3] AUFWAND","[31] Sachaufwand","[318] Dienstleistungen und Honorare, allg. Verwaltungsaufwand","3","3","31","318","1213.90"
"494","Gals","2007","[7] UMWELT UND RAUMORDNUNG","[71] Abwasserentsorgung","[710] Abwasserentsorgung","7","71","710","[3] Aufwand","[3] AUFWAND","[31] Sachaufwand","[318] Dienstleistungen und Honorare, allg. Verwaltungsaufwand","3","3","31","318","44483.35"
"494","Gals","2007","[7] UMWELT UND RAUMORDNUNG","[72] Abfallentsorgung","[720] Abfallentsorgung","7","72","720","[3] Aufwand","[3] AUFWAND","[31] Sachaufwand","[318] Dienstleistungen und Honorare, allg. Verwaltungsaufwand","3","3","31","318","40658.85"
"494","Gals","2007","[7] UMWELT UND RAUMORDNUNG","[79] Raumordnung","[790] Raumplanung","7","79","790","[3] Aufwand","[3] AUFWAND","[31] Sachaufwand","[318] Dienstleistungen und Honorare, allg. Verwaltungsaufwand","3","3","31","318","9545.70"
"494","Gals","2007","[9] FINANZEN UND STEUERN","[94] Vermögens- und Schuldenverwaltung","[942] Liegenschaften des Finanzvermögens","9","94","942","[3] Aufwand","[3] AUFWAND","[31] Sachaufwand","[318] Dienstleistungen und Honorare, allg. Verwaltungsaufwand","3","3","31","318","3227.80"
"494","Gals","2007","[8] VOLKSWIRTSCHAFT","[81] Forstwirtschaft","[810] Forstverwaltung","8","81","810","[3] Aufwand","[3] AUFWAND","[31] Sachaufwand","[319] Uebriger Sachaufwand","3","3","31","319","130.00"
"494","Gals","2007","[9] FINANZEN UND STEUERN","[94] Vermögens- und Schuldenverwaltung","[942] Liegenschaften des Finanzvermögens","9","94","942","[3] Aufwand","[3] AUFWAND","[31] Sachaufwand","[319] Uebriger Sachaufwand","3","3","31","319","50.00"
"494","Gals","2007","[9] FINANZEN UND STEUERN","[94] Vermögens- und Schuldenverwaltung","[940] Zinsen","9","94","940","[3] Aufwand","[3] AUFWAND","[32] Passivzinsen","[321] Kurzfristige Schulden","3","3","32","321","6220.95"
"494","Gals","2007","[1] OEFFENTLICHE SICHERHEIT","[16] Zivile Landesverteidigung","[160] Zivilschutz","1","16","160","[3] Aufwand","[3] AUFWAND","[38] Einlagen in Spezialfinanzierungen","[380] Einlagen in Spezialfinanzierungen","3","3","38","380","15900.00"
"494","Gals","2007","[7] UMWELT UND RAUMORDNUNG","[71] Abwasserentsorgung","[710] Abwasserentsorgung","7","71","710","[3] Aufwand","[3] AUFWAND","[39] Interne Verrechnungen","[391] Verrechnete Zinsen","3","3","39","391","23283.05"
"494","Gals","2007","[9] FINANZEN UND STEUERN","[94] Vermögens- und Schuldenverwaltung","[940] Zinsen","9","94","940","[3] Aufwand","[3] AUFWAND","[39] Interne Verrechnungen","[391] Verrechnete Zinsen","3","3","39","391","22820.25"
"494","Gals","2007","[9] FINANZEN UND STEUERN","[90] Steuern","[900] Obligatorische periodische Steuern","9","90","900","[4] Ertrag","[4] ERTRAG","[40] Steuern","[400] Einkommens- und Vermögenssteuern","4","4","40","400","1269874.75"
"494","Gals","2007","[9] FINANZEN UND STEUERN","[90] Steuern","[903] Steuerabschreibungen","9","90","903","[4] Ertrag","[4] ERTRAG","[40] Steuern","[400] Einkommens- und Vermögenssteuern","4","4","40","400","2356.75"
"494","Gals","2007","[9] FINANZEN UND STEUERN","[94] Vermögens- und Schuldenverwaltung","[940] Zinsen","9","94","940","[4] Ertrag","[4] ERTRAG","[42] Vermögenserträge","[422] Anlagen des Finanzvermögens","4","4","42","422","6707.00"
"494","Gals","2007","[9] FINANZEN UND STEUERN","[94] Vermögens- und Schuldenverwaltung","[942] Liegenschaften des Finanzvermögens","9","94","942","[4] Ertrag","[4] ERTRAG","[42] Vermögenserträge","[423] Liegenschaften des Finanzvermögens","4","4","42","423","74782.00"
"494","Gals","2007","[1] OEFFENTLICHE SICHERHEIT","[16] Zivile Landesverteidigung","[160] Zivilschutz","1","16","160","[4] Ertrag","[4] ERTRAG","[43] Entgelte","[430] Ersatzabgaben","4","4","43","430","15900.00"
"494","Gals","2007","[0] ALLGEMEINE VERWALTUNG","[02] Allgemeine Verwaltung","[029] Allgemeine Verwaltung","0","2","29","[4] Ertrag","[4] ERTRAG","[43] Entgelte","[431] Gebühren für Amtshandlungen","4","4","43","431","130.00"
"494","Gals","2007","[7] UMWELT UND RAUMORDNUNG","[71] Abwasserentsorgung","[710] Abwasserentsorgung","7","71","710","[4] Ertrag","[4] ERTRAG","[43] Entgelte","[434] Andere Benützungsgebühren und Dienstleistungen","4","4","43","434","228398.20"
"494","Gals","2007","[8] VOLKSWIRTSCHAFT","[81] Forstwirtschaft","[812] Holzernte","8","81","812","[4] Ertrag","[4] ERTRAG","[43] Entgelte","[435] Uebrige Verkaufserlöse","4","4","43","435","14916.00"
"494","Gals","2007","[0] ALLGEMEINE VERWALTUNG","[02] Allgemeine Verwaltung","[029] Allgemeine Verwaltung","0","2","29","[4] Ertrag","[4] ERTRAG","[43] Entgelte","[436] Rückerstattungen","4","4","43","436","988.00"
"494","Gals","2007","[4] GESUNDHEIT","[40] Spitäler","[400] Spitäler","4","40","400","[4] Ertrag","[4] ERTRAG","[43] Entgelte","[436] Rückerstattungen","4","4","43","436","114178.00"
"494","Gals","2007","[5] SOZIALE WOHLFAHRT","[58] Sozialhilfe","[583] Asylwesen","5","58","583","[4] Ertrag","[4] ERTRAG","[43] Entgelte","[436] Rückerstattungen","4","4","43","436","37.00"
"494","Gals","2007","[6] VERKEHR","[62] Gemeindestrassen","[620] Gemeindestrassennetz","6","62","620","[4] Ertrag","[4] ERTRAG","[43] Entgelte","[436] Rückerstattungen","4","4","43","436","420.00"
"494","Gals","2007","[7] UMWELT UND RAUMORDNUNG","[79] Raumordnung","[790] Raumplanung","7","79","790","[4] Ertrag","[4] ERTRAG","[43] Entgelte","[436] Rückerstattungen","4","4","43","436","61558.20"
"494","Gals","2007","[8] VOLKSWIRTSCHAFT","[81] Forstwirtschaft","[810] Forstverwaltung","8","81","810","[4] Ertrag","[4] ERTRAG","[43] Entgelte","[436] Rückerstattungen","4","4","43","436","266.55"
"494","Gals","2007","[9] FINANZEN UND STEUERN","[93] Anteile an kantonalen Steuern und Abgaben","[930] Anteile an kantonalen Steuern und Abgaben","9","93","930","[4] Ertrag","[4] ERTRAG","[44] Anteile und Beiträge ohne Zweckbindungen","[441] Anteile an Kantonseinnahmen","4","4","44","441","5992.45"
"494","Gals","2007","[9] FINANZEN UND STEUERN","[92] Finanzausgleich","[920] Finanzausgleich","9","92","920","[4] Ertrag","[4] ERTRAG","[44] Anteile und Beiträge ohne Zweckbindungen","[444] Leistungen aus dem Finanzausgleich","4","4","44","444","135448.00"
"494","Gals","2007","[5] SOZIALE WOHLFAHRT","[58] Sozialhilfe","[583] Asylwesen","5","58","583","[4] Ertrag","[4] ERTRAG","[45] Rückerstattungen von Gemeinwesen","[451] Kanton","4","4","45","451","195.65"
"494","Gals","2007","[6] VERKEHR","[62] Gemeindestrassen","[620] Gemeindestrassennetz","6","62","620","[4] Ertrag","[4] ERTRAG","[45] Rückerstattungen von Gemeinwesen","[451] Kanton","4","4","45","451","55452.45"
"494","Gals","2007","[3] KULTUR UND FREIZEIT","[35] Uebrige Freizeitgestaltung","[350] Uebrige Freizeitgestaltung","3","35","350","[4] Ertrag","[4] ERTRAG","[45] Rückerstattungen von Gemeinwesen","[452] Gemeinden","4","4","45","452","200.00"
"494","Gals","2007","[8] VOLKSWIRTSCHAFT","[81] Forstwirtschaft","[810] Forstverwaltung","8","81","810","[4] Ertrag","[4] ERTRAG","[46] Beiträge","[461] Kanton","4","4","46","461","917.00"
"494","Gals","2007","[7] UMWELT UND RAUMORDNUNG","[72] Abfallentsorgung","[720] Abfallentsorgung","7","72","720","[4] Ertrag","[4] ERTRAG","[49] Interne Verrechnungen","[491] Verrechnete Zinsen","4","4","49","491","2991.20"
"494","Gals","2007","[9] FINANZEN UND STEUERN","[94] Vermögens- und Schuldenverwaltung","[940] Zinsen","9","94","940","[4] Ertrag","[4] ERTRAG","[49] Interne Verrechnungen","[491] Verrechnete Zinsen","4","4","49","491","23283.05"
"494","Gals","2007","[9] FINANZEN UND STEUERN","[94] Vermögens- und Schuldenverwaltung","[942] Liegenschaften des Finanzvermögens","9","94","942","[5] Ausgaben","[5] Ausgaben","[50] Sachgüter","[503] Hochbauten","5","5","50","503","3542.20"
"494","Gals","2007","[9] FINANZEN UND STEUERN","[99] Nicht aufgeteilte Posten","[999] Abschluss","9","99","999","[5] Ausgaben","[5] Ausgaben","[59] Passivierungen","[592] Uebertrag Einnahmenüberschuss in die Laufende Rechnung","5","5","59","592","27897.55"
"494","Gals","2007","[7] UMWELT UND RAUMORDNUNG","[71] Abwasserentsorgung","[710] Abwasserentsorgung","7","71","710","[6] Einnahmen","[6] Einnahmen","[66] Beiträge für eigene Rechnung","[661] Kanton","6","6","66","661","73387.00"
"494","Gals","2007","[9] FINANZEN UND STEUERN","[99] Nicht aufgeteilte Posten","[999] Abschluss","9","99","999","[6] Einnahmen","[6] Einnahmen","[69] Aktivierungen","[690] Aktivierte Ausgaben","6","6","69","690","51242.70"
"494","Gals","2007","[9] FINANZEN UND STEUERN","[99] Nicht aufgeteilte Posten","[999] Abschluss","9","99","999","[6] Einnahmen","[6] Einnahmen","[69] Aktivierungen","[695] Uebertrag Zugänge von Liegenschaften des Finanzvermögens","6","6","69","695","3542.20"
"494","Gals","2008","[0] ALLGEMEINE VERWALTUNG","[02] Allgemeine Verwaltung","[029] Allgemeine Verwaltung","0","2","29","[3] Aufwand","[3] AUFWAND","[30] Personalaufwand","[301] Löhne des Verwaltungs- + Betriebspersonals","3","3","30","301","87424.70"
"494","Gals","2008","[1] OEFFENTLICHE SICHERHEIT","[16] Zivile Landesverteidigung","[160] Zivilschutz","1","16","160","[3] Aufwand","[3] AUFWAND","[30] Personalaufwand","[301] Löhne des Verwaltungs- + Betriebspersonals","3","3","30","301","2191.15"
"494","Gals","2008","[2] BILDUNG","[21] Volksschule","[217] Schulliegenschaften (Ki.garten sofern nicht zuteilbar, Prim + Sek 1)","2","21","217","[3] Aufwand","[3] AUFWAND","[30] Personalaufwand","[301] Löhne des Verwaltungs- + Betriebspersonals","3","3","30","301","37685.90"
"494","Gals","2008","[6] VERKEHR","[62] Gemeindestrassen","[620] Gemeindestrassennetz","6","62","620","[3] Aufwand","[3] AUFWAND","[30] Personalaufwand","[301] Löhne des Verwaltungs- + Betriebspersonals","3","3","30","301","14682.75"
"494","Gals","2008","[7] UMWELT UND RAUMORDNUNG","[72] Abfallentsorgung","[720] Abfallentsorgung","7","72","720","[3] Aufwand","[3] AUFWAND","[30] Personalaufwand","[301] Löhne des Verwaltungs- + Betriebspersonals","3","3","30","301","5600.25"
"494","Gals","2008","[7] UMWELT UND RAUMORDNUNG","[74] Friedhof und Bestattung","[740] Friedhof und Bestattung","7","74","740","[3] Aufwand","[3] AUFWAND","[30] Personalaufwand","[301] Löhne des Verwaltungs- + Betriebspersonals","3","3","30","301","7798.10"
"494","Gals","2008","[1] OEFFENTLICHE SICHERHEIT","[11] Polizei","[113] Gemeindepolizei","1","11","113","[3] Aufwand","[3] AUFWAND","[30] Personalaufwand","[303] Sozialversicherungsbeiträge","3","3","30","303","377.35"
"494","Gals","2008","[7] UMWELT UND RAUMORDNUNG","[74] Friedhof und Bestattung","[740] Friedhof und Bestattung","7","74","740","[3] Aufwand","[3] AUFWAND","[30] Personalaufwand","[303] Sozialversicherungsbeiträge","3","3","30","303","411.15"
"494","Gals","2008","[7] UMWELT UND RAUMORDNUNG","[75] Gewässerverbauungen","[750] Gewässerverbauungen","7","75","750","[3] Aufwand","[3] AUFWAND","[30] Personalaufwand","[303] Sozialversicherungsbeiträge","3","3","30","303","40.25"
"494","Gals","2008","[8] VOLKSWIRTSCHAFT","[80] Landwirtschaft","[800] Landwirtschaft","8","80","800","[3] Aufwand","[3] AUFWAND","[30] Personalaufwand","[303] Sozialversicherungsbeiträge","3","3","30","303","38.85"
"494","Gals","2008","[0] ALLGEMEINE VERWALTUNG","[02] Allgemeine Verwaltung","[029] Allgemeine Verwaltung","0","2","29","[3] Aufwand","[3] AUFWAND","[30] Personalaufwand","[304] Personalversicherungsbeiträge","3","3","30","304","2673.90"
"494","Gals","2008","[2] BILDUNG","[21] Volksschule","[217] Schulliegenschaften (Ki.garten sofern nicht zuteilbar, Prim + Sek 1)","2","21","217","[3] Aufwand","[3] AUFWAND","[30] Personalaufwand","[304] Personalversicherungsbeiträge","3","3","30","304","4956.35"
"494","Gals","2008","[6] VERKEHR","[62] Gemeindestrassen","[620] Gemeindestrassennetz","6","62","620","[3] Aufwand","[3] AUFWAND","[30] Personalaufwand","[304] Personalversicherungsbeiträge","3","3","30","304","2239.55"
"494","Gals","2008","[0] ALLGEMEINE VERWALTUNG","[09] Nicht aufteilbare Aufgaben","[090] Verwaltungsliegenschaften","0","9","90","[3] Aufwand","[3] AUFWAND","[30] Personalaufwand","[305] Unfall- und Krankenversicherungsbeiträge","3","3","30","305","525.20"
"494","Gals","2008","[2] BILDUNG","[21] Volksschule","[217] Schulliegenschaften (Ki.garten sofern nicht zuteilbar, Prim + Sek 1)","2","21","217","[3] Aufwand","[3] AUFWAND","[30] Personalaufwand","[309] Uebriger Personalaufwand","3","3","30","309","479.85"
"494","Gals","2008","[0] ALLGEMEINE VERWALTUNG","[01] Legislative und Exekutive","[011] Legislative","0","1","11","[3] Aufwand","[3] AUFWAND","[31] Sachaufwand","[310] Büro- und Schulmaterialien, Drucksachen","3","3","31","310","1140.90"
"494","Gals","2008","[2] BILDUNG","[21] Volksschule","[219] Nicht Aufteilbares, Volksschule, Tagesschule","2","21","219","[3] Aufwand","[3] AUFWAND","[31] Sachaufwand","[310] Büro- und Schulmaterialien, Drucksachen","3","3","31","310","567.45"
"494","Gals","2008","[2] BILDUNG","[21] Volksschule","[210] Primarstufe (1. - 6. Schuljahr)","2","21","210","[3] Aufwand","[3] AUFWAND","[31] Sachaufwand","[311] Anschaffung Mobilien, Maschinen, Fahrzeuge","3","3","31","311","222.90"
"494","Gals","2008","[1] OEFFENTLICHE SICHERHEIT","[16] Zivile Landesverteidigung","[160] Zivilschutz","1","16","160","[3] Aufwand","[3] AUFWAND","[31] Sachaufwand","[312] Wasser, Energie, Heizmaterialien","3","3","31","312","2462.60"
"494","Gals","2008","[2] BILDUNG","[21] Volksschule","[217] Schulliegenschaften (Ki.garten sofern nicht zuteilbar, Prim + Sek 1)","2","21","217","[3] Aufwand","[3] AUFWAND","[31] Sachaufwand","[312] Wasser, Energie, Heizmaterialien","3","3","31","312","16212.30"
"494","Gals","2008","[6] VERKEHR","[62] Gemeindestrassen","[620] Gemeindestrassennetz","6","62","620","[3] Aufwand","[3] AUFWAND","[31] Sachaufwand","[312] Wasser, Energie, Heizmaterialien","3","3","31","312","19694.30"
"494","Gals","2008","[0] ALLGEMEINE VERWALTUNG","[09] Nicht aufteilbare Aufgaben","[090] Verwaltungsliegenschaften","0","9","90","[3] Aufwand","[3] AUFWAND","[31] Sachaufwand","[313] Verbrauchsmaterialien","3","3","31","313","1584.05"
"494","Gals","2008","[7] UMWELT UND RAUMORDNUNG","[70] Wasserversorgung","[700] Wasserversorgung","7","70","700","[3] Aufwand","[3] AUFWAND","[31] Sachaufwand","[313] Verbrauchsmaterialien","3","3","31","313","991.95"
"494","Gals","2008","[6] VERKEHR","[62] Gemeindestrassen","[620] Gemeindestrassennetz","6","62","620","[3] Aufwand","[3] AUFWAND","[31] Sachaufwand","[314] Dienstleistungen Dritter für den baulichen Unterhalt","3","3","31","314","13650.80"
"494","Gals","2008","[7] UMWELT UND RAUMORDNUNG","[74] Friedhof und Bestattung","[740] Friedhof und Bestattung","7","74","740","[3] Aufwand","[3] AUFWAND","[31] Sachaufwand","[314] Dienstleistungen Dritter für den baulichen Unterhalt","3","3","31","314","2463.45"
"494","Gals","2008","[7] UMWELT UND RAUMORDNUNG","[75] Gewässerverbauungen","[750] Gewässerverbauungen","7","75","750","[3] Aufwand","[3] AUFWAND","[31] Sachaufwand","[314] Dienstleistungen Dritter für den baulichen Unterhalt","3","3","31","314","2000.00"
"494","Gals","2008","[8] VOLKSWIRTSCHAFT","[81] Forstwirtschaft","[812] Holzernte","8","81","812","[3] Aufwand","[3] AUFWAND","[31] Sachaufwand","[314] Dienstleistungen Dritter für den baulichen Unterhalt","3","3","31","314","2707.20"
"494","Gals","2008","[0] ALLGEMEINE VERWALTUNG","[02] Allgemeine Verwaltung","[029] Allgemeine Verwaltung","0","2","29","[3] Aufwand","[3] AUFWAND","[31] Sachaufwand","[315] Dienstleistungen Dritter für den übrigen Unterhalt","3","3","31","315","5336.95"
"494","Gals","2008","[0] ALLGEMEINE VERWALTUNG","[09] Nicht aufteilbare Aufgaben","[090] Verwaltungsliegenschaften","0","9","90","[3] Aufwand","[3] AUFWAND","[31] Sachaufwand","[315] Dienstleistungen Dritter für den übrigen Unterhalt","3","3","31","315","2627.40"
"494","Gals","2008","[2] BILDUNG","[21] Volksschule","[217] Schulliegenschaften (Ki.garten sofern nicht zuteilbar, Prim + Sek 1)","2","21","217","[3] Aufwand","[3] AUFWAND","[31] Sachaufwand","[315] Dienstleistungen Dritter für den übrigen Unterhalt","3","3","31","315","511.50"
"494","Gals","2008","[6] VERKEHR","[62] Gemeindestrassen","[620] Gemeindestrassennetz","6","62","620","[3] Aufwand","[3] AUFWAND","[31] Sachaufwand","[315] Dienstleistungen Dritter für den übrigen Unterhalt","3","3","31","315","385.00"
"494","Gals","2008","[0] ALLGEMEINE VERWALTUNG","[01] Legislative und Exekutive","[012] Exekutive","0","1","12","[3] Aufwand","[3] AUFWAND","[31] Sachaufwand","[317] Spesenentschädigungen","3","3","31","317","4907.90"
"494","Gals","2008","[0] ALLGEMEINE VERWALTUNG","[02] Allgemeine Verwaltung","[029] Allgemeine Verwaltung","0","2","29","[3] Aufwand","[3] AUFWAND","[31] Sachaufwand","[317] Spesenentschädigungen","3","3","31","317","70.50"
"494","Gals","2008","[2] BILDUNG","[21] Volksschule","[210] Primarstufe (1. - 6. Schuljahr)","2","21","210","[3] Aufwand","[3] AUFWAND","[31] Sachaufwand","[317] Spesenentschädigungen","3","3","31","317","6194.55"
"494","Gals","2008","[0] ALLGEMEINE VERWALTUNG","[01] Legislative und Exekutive","[011] Legislative","0","1","11","[3] Aufwand","[3] AUFWAND","[31] Sachaufwand","[318] Dienstleistungen und Honorare, allg. Verwaltungsaufwand","3","3","31","318","68.30"
"494","Gals","2008","[0] ALLGEMEINE VERWALTUNG","[09] Nicht aufteilbare Aufgaben","[090] Verwaltungsliegenschaften","0","9","90","[3] Aufwand","[3] AUFWAND","[31] Sachaufwand","[318] Dienstleistungen und Honorare, allg. Verwaltungsaufwand","3","3","31","318","852.30"
"494","Gals","2008","[1] OEFFENTLICHE SICHERHEIT","[10] Rechtsaufsicht","[101] Uebrige Rechtspflege","1","10","101","[3] Aufwand","[3] AUFWAND","[31] Sachaufwand","[318] Dienstleistungen und Honorare, allg. Verwaltungsaufwand","3","3","31","318","23102.15"
"494","Gals","2008","[1] OEFFENTLICHE SICHERHEIT","[11] Polizei","[113] Gemeindepolizei","1","11","113","[3] Aufwand","[3] AUFWAND","[31] Sachaufwand","[318] Dienstleistungen und Honorare, allg. Verwaltungsaufwand","3","3","31","318","200.00"
"494","Gals","2008","[2] BILDUNG","[21] Volksschule","[217] Schulliegenschaften (Ki.garten sofern nicht zuteilbar, Prim + Sek 1)","2","21","217","[3] Aufwand","[3] AUFWAND","[31] Sachaufwand","[318] Dienstleistungen und Honorare, allg. Verwaltungsaufwand","3","3","31","318","2467.15"
"494","Gals","2008","[3] KULTUR UND FREIZEIT","[32] Massenmedien","[321] Antennen- + Kabelanlagen","3","32","321","[3] Aufwand","[3] AUFWAND","[31] Sachaufwand","[318] Dienstleistungen und Honorare, allg. Verwaltungsaufwand","3","3","31","318","2147.90"
"494","Gals","2008","[4] GESUNDHEIT","[46] Schulgesundheitsdienst","[460] Schulärztliche Pflege","4","46","460","[3] Aufwand","[3] AUFWAND","[31] Sachaufwand","[318] Dienstleistungen und Honorare, allg. Verwaltungsaufwand","3","3","31","318","235.00"
"494","Gals","2008","[7] UMWELT UND RAUMORDNUNG","[70] Wasserversorgung","[700] Wasserversorgung","7","70","700","[3] Aufwand","[3] AUFWAND","[31] Sachaufwand","[318] Dienstleistungen und Honorare, allg. Verwaltungsaufwand","3","3","31","318","2.10"
"494","Gals","2008","[7] UMWELT UND RAUMORDNUNG","[71] Abwasserentsorgung","[710] Abwasserentsorgung","7","71","710","[3] Aufwand","[3] AUFWAND","[31] Sachaufwand","[318] Dienstleistungen und Honorare, allg. Verwaltungsaufwand","3","3","31","318","634.85"
"494","Gals","2008","[7] UMWELT UND RAUMORDNUNG","[72] Abfallentsorgung","[720] Abfallentsorgung","7","72","720","[3] Aufwand","[3] AUFWAND","[31] Sachaufwand","[318] Dienstleistungen und Honorare, allg. Verwaltungsaufwand","3","3","31","318","41296.25"
"494","Gals","2008","[8] VOLKSWIRTSCHAFT","[81] Forstwirtschaft","[810] Forstverwaltung","8","81","810","[3] Aufwand","[3] AUFWAND","[31] Sachaufwand","[318] Dienstleistungen und Honorare, allg. Verwaltungsaufwand","3","3","31","318","30.00"
"494","Gals","2008","[9] FINANZEN UND STEUERN","[94] Vermögens- und Schuldenverwaltung","[942] Liegenschaften des Finanzvermögens","9","94","942","[3] Aufwand","[3] AUFWAND","[31] Sachaufwand","[318] Dienstleistungen und Honorare, allg. Verwaltungsaufwand","3","3","31","318","3267.90"
"494","Gals","2008","[9] FINANZEN UND STEUERN","[94] Vermögens- und Schuldenverwaltung","[940] Zinsen","9","94","940","[3] Aufwand","[3] AUFWAND","[32] Passivzinsen","[322] Mittel- und langfirstige Schulden","3","3","32","322","63614.70"
"494","Gals","2008","[7] UMWELT UND RAUMORDNUNG","[71] Abwasserentsorgung","[710] Abwasserentsorgung","7","71","710","[3] Aufwand","[3] AUFWAND","[33] Abschreibungen","[331] Verwaltungsvermögen - harmonisierte Abschreibungen","3","3","33","331","42843.00"
"494","Gals","2008","[9] FINANZEN UND STEUERN","[99] Nicht aufgeteilte Posten","[990] Abschreibungen","9","99","990","[3] Aufwand","[3] AUFWAND","[33] Abschreibungen","[331] Verwaltungsvermögen - harmonisierte Abschreibungen","3","3","33","331","31158.95"
"494","Gals","2008","[2] BILDUNG","[20] Kindergarten","[200] Kindergarten","2","20","200","[3] Aufwand","[3] AUFWAND","[35] Entschädigungen an Gemeinwesen","[351] Kanton","3","3","35","351","20504.25"
"494","Gals","2008","[2] BILDUNG","[21] Volksschule","[210] Primarstufe (1. - 6. Schuljahr)","2","21","210","[3] Aufwand","[3] AUFWAND","[35] Entschädigungen an Gemeinwesen","[351] Kanton","3","3","35","351","152424.00"
"494","Gals","2008","[2] BILDUNG","[21] Volksschule","[212] Sekundarstufe 1 (7. - 9. Schuljahr, Real- + Sekundarschule)","2","21","212","[3] Aufwand","[3] AUFWAND","[35] Entschädigungen an Gemeinwesen","[351] Kanton","3","3","35","351","83337.60"
"494","Gals","2008","[2] BILDUNG","[20] Kindergarten","[200] Kindergarten","2","20","200","[3] Aufwand","[3] AUFWAND","[35] Entschädigungen an Gemeinwesen","[352] Gemeinden","3","3","35","352","27240.55"
"494","Gals","2008","[3] KULTUR UND FREIZEIT","[32] Massenmedien","[321] Antennen- + Kabelanlagen","3","32","321","[3] Aufwand","[3] AUFWAND","[35] Entschädigungen an Gemeinwesen","[352] Gemeinden","3","3","35","352","21333.20"
"494","Gals","2008","[2] BILDUNG","[22] Sonderschulen","[220] Sonderschulen","2","22","220","[3] Aufwand","[3] AUFWAND","[36] Eigene Beiträge","[361] Kanton","3","3","36","361","14130.05"
"494","Gals","2008","[5] SOZIALE WOHLFAHRT","[53] Sonstige Sozialversicherungen","[530] Ergänzungsleistungen der AHV, IV","5","53","530","[3] Aufwand","[3] AUFWAND","[36] Eigene Beiträge","[361] Kanton","3","3","36","361","112203.00"
"494","Gals","2008","[6] VERKEHR","[65] Regionalverkehr","[650] Regionalverkehrsbetriebe","6","65","650","[3] Aufwand","[3] AUFWAND","[36] Eigene Beiträge","[361] Kanton","3","3","36","361","41772.00"
"494","Gals","2008","[7] UMWELT UND RAUMORDNUNG","[75] Gewässerverbauungen","[750] Gewässerverbauungen","7","75","750","[3] Aufwand","[3] AUFWAND","[36] Eigene Beiträge","[361] Kanton","3","3","36","361","39286.00"
"494","Gals","2008","[1] OEFFENTLICHE SICHERHEIT","[16] Zivile Landesverteidigung","[160] Zivilschutz","1","16","160","[3] Aufwand","[3] AUFWAND","[36] Eigene Beiträge","[362] Gemeinden","3","3","36","362","1124.15"
"494","Gals","2008","[2] BILDUNG","[21] Volksschule","[212] Sekundarstufe 1 (7. - 9. Schuljahr, Real- + Sekundarschule)","2","21","212","[3] Aufwand","[3] AUFWAND","[36] Eigene Beiträge","[362] Gemeinden","3","3","36","362","87853.80"
"494","Gals","2008","[0] ALLGEMEINE VERWALTUNG","[02] Allgemeine Verwaltung","[029] Allgemeine Verwaltung","0","2","29","[3] Aufwand","[3] AUFWAND","[36] Eigene Beiträge","[365] Private Institutionen","3","3","36","365","2191.00"
"494","Gals","2008","[1] OEFFENTLICHE SICHERHEIT","[16] Zivile Landesverteidigung","[160] Zivilschutz","1","16","160","[3] Aufwand","[3] AUFWAND","[36] Eigene Beiträge","[365] Private Institutionen","3","3","36","365","6209.90"
"494","Gals","2008","[3] KULTUR UND FREIZEIT","[30] Kulturförderung","[300] Bibliothek","3","30","300","[3] Aufwand","[3] AUFWAND","[36] Eigene Beiträge","[365] Private Institutionen","3","3","36","365","1800.00"
"494","Gals","2008","[3] KULTUR UND FREIZEIT","[30] Kulturförderung","[302] Theater, Konzerte","3","30","302","[3] Aufwand","[3] AUFWAND","[36] Eigene Beiträge","[365] Private Institutionen","3","3","36","365","2000.00"
"494","Gals","2008","[5] SOZIALE WOHLFAHRT","[58] Sozialhilfe","[582] Weitere Wohlfahrts-, Vor- + Fürsorgeeinrichtungen","5","58","582","[3] Aufwand","[3] AUFWAND","[36] Eigene Beiträge","[365] Private Institutionen","3","3","36","365","200.00"
"494","Gals","2008","[7] UMWELT UND RAUMORDNUNG","[79] Raumordnung","[790] Raumplanung","7","79","790","[3] Aufwand","[3] AUFWAND","[36] Eigene Beiträge","[365] Private Institutionen","3","3","36","365","4341.90"
"494","Gals","2007","[9] FINANZEN UND STEUERN","[90] Steuern","[903] Steuerabschreibungen","9","90","903","[3] Aufwand","[3] AUFWAND","[33] Abschreibungen","[330] Finanzvermögen","3","3","33","330","11855.75"
"494","Gals","2007","[9] FINANZEN UND STEUERN","[99] Nicht aufgeteilte Posten","[990] Abschreibungen","9","99","990","[3] Aufwand","[3] AUFWAND","[33] Abschreibungen","[331] Verwaltungsvermögen - harmonisierte Abschreibungen","3","3","33","331","40468.85"
"494","Gals","2007","[9] FINANZEN UND STEUERN","[99] Nicht aufgeteilte Posten","[990] Abschreibungen","9","99","990","[3] Aufwand","[3] AUFWAND","[33] Abschreibungen","[332] Verwaltungsvermögen - übrige Abschreibungen","3","3","33","332","200000.00"
"494","Gals","2007","[5] SOZIALE WOHLFAHRT","[58] Sozialhilfe","[587] Lastenausgleich","5","58","587","[3] Aufwand","[3] AUFWAND","[35] Entschädigungen an Gemeinwesen","[351] Kanton","3","3","35","351","268488.95"
"494","Gals","2007","[2] BILDUNG","[20] Kindergarten","[200] Kindergarten","2","20","200","[3] Aufwand","[3] AUFWAND","[35] Entschädigungen an Gemeinwesen","[352] Gemeinden","3","3","35","352","27617.00"
"494","Gals","2007","[7] UMWELT UND RAUMORDNUNG","[78] Uebriger Umweltschutz","[781] Tierkörperbeseitigung","7","78","781","[3] Aufwand","[3] AUFWAND","[35] Entschädigungen an Gemeinwesen","[352] Gemeinden","3","3","35","352","3298.45"
"494","Gals","2007","[5] SOZIALE WOHLFAHRT","[51] Invalidenversicherung","[510] Gemeindeanteil am Beitrag des Kantons für die IV","5","51","510","[3] Aufwand","[3] AUFWAND","[36] Eigene Beiträge","[361] Kanton","3","3","36","361","41053.00"
"494","Gals","2007","[7] UMWELT UND RAUMORDNUNG","[71] Abwasserentsorgung","[710] Abwasserentsorgung","7","71","710","[3] Aufwand","[3] AUFWAND","[36] Eigene Beiträge","[361] Kanton","3","3","36","361","9504.00"
"494","Gals","2007","[9] FINANZEN UND STEUERN","[94] Vermögens- und Schuldenverwaltung","[942] Liegenschaften des Finanzvermögens","9","94","942","[3] Aufwand","[3] AUFWAND","[36] Eigene Beiträge","[361] Kanton","3","3","36","361","11586.00"
"494","Gals","2007","[8] VOLKSWIRTSCHAFT","[81] Forstwirtschaft","[815] Nebennutzungen","8","81","815","[3] Aufwand","[3] AUFWAND","[36] Eigene Beiträge","[362] Gemeinden","3","3","36","362","727.05"
"494","Gals","2007","[1] OEFFENTLICHE SICHERHEIT","[16] Zivile Landesverteidigung","[160] Zivilschutz","1","16","160","[3] Aufwand","[3] AUFWAND","[36] Eigene Beiträge","[365] Private Institutionen","3","3","36","365","4255.55"
"494","Gals","2007","[1] OEFFENTLICHE SICHERHEIT","[16] Zivile Landesverteidigung","[161] Uebrige zivile Landesverteidigung","1","16","161","[3] Aufwand","[3] AUFWAND","[36] Eigene Beiträge","[365] Private Institutionen","3","3","36","365","1800.00"
"494","Gals","2007","[3] KULTUR UND FREIZEIT","[30] Kulturförderung","[300] Bibliothek","3","30","300","[3] Aufwand","[3] AUFWAND","[36] Eigene Beiträge","[365] Private Institutionen","3","3","36","365","1800.00"
"494","Gals","2007","[3] KULTUR UND FREIZEIT","[33] Parkanlagen und Wanderwege","[330] Parkanlagen und Wanderwege","3","33","330","[3] Aufwand","[3] AUFWAND","[36] Eigene Beiträge","[365] Private Institutionen","3","3","36","365","210.00"
"494","Gals","2007","[5] SOZIALE WOHLFAHRT","[54] Jugendschutz","[540] Jugendschutz","5","54","540","[3] Aufwand","[3] AUFWAND","[36] Eigene Beiträge","[365] Private Institutionen","3","3","36","365","2609.60"
"494","Gals","2007","[7] UMWELT UND RAUMORDNUNG","[79] Raumordnung","[790] Raumplanung","7","79","790","[3] Aufwand","[3] AUFWAND","[36] Eigene Beiträge","[365] Private Institutionen","3","3","36","365","4337.70"
"494","Gals","2007","[3] KULTUR UND FREIZEIT","[35] Uebrige Freizeitgestaltung","[350] Uebrige Freizeitgestaltung","3","35","350","[3] Aufwand","[3] AUFWAND","[36] Eigene Beiträge","[366] Private Haushalte","3","3","36","366","4350.15"
"494","Gals","2007","[3] KULTUR UND FREIZEIT","[32] Massenmedien","[321] Antennen- + Kabelanlagen","3","32","321","[3] Aufwand","[3] AUFWAND","[38] Einlagen in Spezialfinanzierungen","[380] Einlagen in Spezialfinanzierungen","3","3","38","380","35014.25"
"494","Gals","2007","[7] UMWELT UND RAUMORDNUNG","[70] Wasserversorgung","[700] Wasserversorgung","7","70","700","[3] Aufwand","[3] AUFWAND","[38] Einlagen in Spezialfinanzierungen","[380] Einlagen in Spezialfinanzierungen","3","3","38","380","51102.85"
"494","Gals","2007","[7] UMWELT UND RAUMORDNUNG","[71] Abwasserentsorgung","[710] Abwasserentsorgung","7","71","710","[3] Aufwand","[3] AUFWAND","[38] Einlagen in Spezialfinanzierungen","[380] Einlagen in Spezialfinanzierungen","3","3","38","380","42843.00"
"494","Gals","2007","[0] ALLGEMEINE VERWALTUNG","[09] Nicht aufteilbare Aufgaben","[090] Verwaltungsliegenschaften","0","9","90","[3] Aufwand","[3] AUFWAND","[39] Interne Verrechnungen","[390] Verrechneter Aufwand","3","3","39","390","3000.00"
"494","Gals","2007","[2] BILDUNG","[21] Volksschule","[217] Schulliegenschaften (Ki.garten sofern nicht zuteilbar, Prim + Sek 1)","2","21","217","[3] Aufwand","[3] AUFWAND","[39] Interne Verrechnungen","[390] Verrechneter Aufwand","3","3","39","390","3000.00"
"494","Gals","2007","[3] KULTUR UND FREIZEIT","[32] Massenmedien","[321] Antennen- + Kabelanlagen","3","32","321","[3] Aufwand","[3] AUFWAND","[39] Interne Verrechnungen","[390] Verrechneter Aufwand","3","3","39","390","10000.00"
"494","Gals","2007","[5] SOZIALE WOHLFAHRT","[50] Altersversicherung","[500] AHV-Zweigstelle","5","50","500","[3] Aufwand","[3] AUFWAND","[39] Interne Verrechnungen","[390] Verrechneter Aufwand","3","3","39","390","3000.00"
"494","Gals","2007","[6] VERKEHR","[62] Gemeindestrassen","[620] Gemeindestrassennetz","6","62","620","[3] Aufwand","[3] AUFWAND","[39] Interne Verrechnungen","[390] Verrechneter Aufwand","3","3","39","390","3000.00"
"494","Gals","2007","[7] UMWELT UND RAUMORDNUNG","[70] Wasserversorgung","[700] Wasserversorgung","7","70","700","[3] Aufwand","[3] AUFWAND","[39] Interne Verrechnungen","[390] Verrechneter Aufwand","3","3","39","390","3000.00"
"494","Gals","2007","[7] UMWELT UND RAUMORDNUNG","[71] Abwasserentsorgung","[710] Abwasserentsorgung","7","71","710","[3] Aufwand","[3] AUFWAND","[39] Interne Verrechnungen","[390] Verrechneter Aufwand","3","3","39","390","3000.00"
"494","Gals","2007","[7] UMWELT UND RAUMORDNUNG","[72] Abfallentsorgung","[720] Abfallentsorgung","7","72","720","[3] Aufwand","[3] AUFWAND","[39] Interne Verrechnungen","[390] Verrechneter Aufwand","3","3","39","390","2529.50"
"494","Gals","2007","[9] FINANZEN UND STEUERN","[94] Vermögens- und Schuldenverwaltung","[942] Liegenschaften des Finanzvermögens","9","94","942","[3] Aufwand","[3] AUFWAND","[39] Interne Verrechnungen","[390] Verrechneter Aufwand","3","3","39","390","7000.00"
"494","Gals","2007","[9] FINANZEN UND STEUERN","[90] Steuern","[901] Obligatorische aperiodische Steuern","9","90","901","[4] Ertrag","[4] ERTRAG","[40] Steuern","[400] Einkommens- und Vermögenssteuern","4","4","40","400","4216.35"
"494","Gals","2007","[9] FINANZEN UND STEUERN","[90] Steuern","[900] Obligatorische periodische Steuern","9","90","900","[4] Ertrag","[4] ERTRAG","[40] Steuern","[401] Gewinn- und Kapitalsteuern","4","4","40","401","17636.75"
"494","Gals","2007","[9] FINANZEN UND STEUERN","[90] Steuern","[902] Liegenschaftssteuern","9","90","902","[4] Ertrag","[4] ERTRAG","[40] Steuern","[402] Liegenschaftssteuern","4","4","40","402","138183.50"
"494","Gals","2007","[9] FINANZEN UND STEUERN","[90] Steuern","[901] Obligatorische aperiodische Steuern","9","90","901","[4] Ertrag","[4] ERTRAG","[40] Steuern","[403] Vermögensgewinnsteuern","4","4","40","403","37975.90"
"494","Gals","2007","[9] FINANZEN UND STEUERN","[90] Steuern","[904] Fakultative Steuern und Abgaben","9","90","904","[4] Ertrag","[4] ERTRAG","[40] Steuern","[406] Besitz- und Aufwandsteuern","4","4","40","406","3895.00"
"494","Gals","2007","[8] VOLKSWIRTSCHAFT","[86] Energie","[860] Elektrizität","8","86","860","[4] Ertrag","[4] ERTRAG","[41] Regalien und Konzessionen","[410] Erträge aus Regalien und Konzessionen","4","4","41","410","30327.00"
"494","Gals","2007","[9] FINANZEN UND STEUERN","[94] Vermögens- und Schuldenverwaltung","[940] Zinsen","9","94","940","[4] Ertrag","[4] ERTRAG","[42] Vermögenserträge","[421] Flüssige Mittel und Guthaben","4","4","42","421","7847.90"
"494","Gals","2007","[0] ALLGEMEINE VERWALTUNG","[09] Nicht aufteilbare Aufgaben","[090] Verwaltungsliegenschaften","0","9","90","[4] Ertrag","[4] ERTRAG","[42] Vermögenserträge","[427] Liegenschaften des Verwaltungsvermögens","4","4","42","427","18430.00"
"494","Gals","2007","[2] BILDUNG","[21] Volksschule","[217] Schulliegenschaften (Ki.garten sofern nicht zuteilbar, Prim + Sek 1)","2","21","217","[4] Ertrag","[4] ERTRAG","[42] Vermögenserträge","[427] Liegenschaften des Verwaltungsvermögens","4","4","42","427","13200.00"
"494","Gals","2007","[3] KULTUR UND FREIZEIT","[34] Sport","[340] Sport","3","34","340","[4] Ertrag","[4] ERTRAG","[42] Vermögenserträge","[427] Liegenschaften des Verwaltungsvermögens","4","4","42","427","4630.00"
"494","Gals","2007","[3] KULTUR UND FREIZEIT","[32] Massenmedien","[321] Antennen- + Kabelanlagen","3","32","321","[4] Ertrag","[4] ERTRAG","[42] Vermögenserträge","[428] Einnahmeüberschuss der Investitionsrechnung","4","4","42","428","9882.55"
"494","Gals","2007","[7] UMWELT UND RAUMORDNUNG","[70] Wasserversorgung","[700] Wasserversorgung","7","70","700","[4] Ertrag","[4] ERTRAG","[42] Vermögenserträge","[428] Einnahmeüberschuss der Investitionsrechnung","4","4","42","428","18015.00"
"494","Gals","2007","[1] OEFFENTLICHE SICHERHEIT","[14] Wehrdienste","[140] Wehrdienste","1","14","140","[4] Ertrag","[4] ERTRAG","[43] Entgelte","[430] Ersatzabgaben","4","4","43","430","50011.15"
"494","Gals","2007","[1] OEFFENTLICHE SICHERHEIT","[10] Rechtsaufsicht","[101] Uebrige Rechtspflege","1","10","101","[4] Ertrag","[4] ERTRAG","[43] Entgelte","[431] Gebühren für Amtshandlungen","4","4","43","431","41809.60"
"494","Gals","2007","[7] UMWELT UND RAUMORDNUNG","[78] Uebriger Umweltschutz","[781] Tierkörperbeseitigung","7","78","781","[4] Ertrag","[4] ERTRAG","[43] Entgelte","[431] Gebühren für Amtshandlungen","4","4","43","431","768.95"
"494","Gals","2007","[7] UMWELT UND RAUMORDNUNG","[78] Uebriger Umweltschutz","[789] Uebrige Immissionen","7","78","789","[4] Ertrag","[4] ERTRAG","[43] Entgelte","[431] Gebühren für Amtshandlungen","4","4","43","431","2850.00"
"494","Gals","2007","[6] VERKEHR","[62] Gemeindestrassen","[620] Gemeindestrassennetz","6","62","620","[4] Ertrag","[4] ERTRAG","[43] Entgelte","[434] Andere Benützungsgebühren und Dienstleistungen","4","4","43","434","6240.00"
"494","Gals","2007","[7] UMWELT UND RAUMORDNUNG","[72] Abfallentsorgung","[720] Abfallentsorgung","7","72","720","[4] Ertrag","[4] ERTRAG","[43] Entgelte","[434] Andere Benützungsgebühren und Dienstleistungen","4","4","43","434","46141.15"
"494","Gals","2007","[7] UMWELT UND RAUMORDNUNG","[74] Friedhof und Bestattung","[740] Friedhof und Bestattung","7","74","740","[4] Ertrag","[4] ERTRAG","[43] Entgelte","[434] Andere Benützungsgebühren und Dienstleistungen","4","4","43","434","530.00"
"494","Gals","2007","[3] KULTUR UND FREIZEIT","[32] Massenmedien","[321] Antennen- + Kabelanlagen","3","32","321","[4] Ertrag","[4] ERTRAG","[43] Entgelte","[435] Uebrige Verkaufserlöse","4","4","43","435","59951.20"
"494","Gals","2007","[7] UMWELT UND RAUMORDNUNG","[70] Wasserversorgung","[700] Wasserversorgung","7","70","700","[4] Ertrag","[4] ERTRAG","[43] Entgelte","[435] Uebrige Verkaufserlöse","4","4","43","435","135424.00"
"494","Gals","2007","[0] ALLGEMEINE VERWALTUNG","[09] Nicht aufteilbare Aufgaben","[090] Verwaltungsliegenschaften","0","9","90","[4] Ertrag","[4] ERTRAG","[43] Entgelte","[436] Rückerstattungen","4","4","43","436","319.70"
"494","Gals","2007","[7] UMWELT UND RAUMORDNUNG","[70] Wasserversorgung","[700] Wasserversorgung","7","70","700","[4] Ertrag","[4] ERTRAG","[43] Entgelte","[436] Rückerstattungen","4","4","43","436","4190.00"
"494","Gals","2007","[0] ALLGEMEINE VERWALTUNG","[02] Allgemeine Verwaltung","[029] Allgemeine Verwaltung","0","2","29","[4] Ertrag","[4] ERTRAG","[45] Rückerstattungen von Gemeinwesen","[451] Kanton","4","4","45","451","1266.00"
"494","Gals","2007","[5] SOZIALE WOHLFAHRT","[50] Altersversicherung","[500] AHV-Zweigstelle","5","50","500","[4] Ertrag","[4] ERTRAG","[45] Rückerstattungen von Gemeinwesen","[451] Kanton","4","4","45","451","2442.65"
"494","Gals","2007","[1] OEFFENTLICHE SICHERHEIT","[16] Zivile Landesverteidigung","[160] Zivilschutz","1","16","160","[4] Ertrag","[4] ERTRAG","[46] Beiträge","[461] Kanton","4","4","46","461","700.00"
"494","Gals","2007","[8] VOLKSWIRTSCHAFT","[81] Forstwirtschaft","[811] Kulturen, Pflegemassnahmen","8","81","811","[4] Ertrag","[4] ERTRAG","[46] Beiträge","[461] Kanton","4","4","46","461","273.00"
"494","Gals","2007","[7] UMWELT UND RAUMORDNUNG","[71] Abwasserentsorgung","[710] Abwasserentsorgung","7","71","710","[4] Ertrag","[4] ERTRAG","[48] Entnahmen aus Spezialfinanzierungen","[480] Entnahmen aus Spezialfinanzierungen","4","4","48","480","95881.20"
"494","Gals","2007","[7] UMWELT UND RAUMORDNUNG","[72] Abfallentsorgung","[720] Abfallentsorgung","7","72","720","[4] Ertrag","[4] ERTRAG","[48] Entnahmen aus Spezialfinanzierungen","[480] Entnahmen aus Spezialfinanzierungen","4","4","48","480","1977.80"
"494","Gals","2007","[0] ALLGEMEINE VERWALTUNG","[02] Allgemeine Verwaltung","[029] Allgemeine Verwaltung","0","2","29","[4] Ertrag","[4] ERTRAG","[49] Interne Verrechnungen","[490] Verrechneter Aufwand","4","4","49","490","35000.00"
"494","Gals","2007","[7] UMWELT UND RAUMORDNUNG","[78] Uebriger Umweltschutz","[781] Tierkörperbeseitigung","7","78","781","[4] Ertrag","[4] ERTRAG","[49] Interne Verrechnungen","[490] Verrechneter Aufwand","4","4","49","490","2529.50"
"494","Gals","2007","[3] KULTUR UND FREIZEIT","[32] Massenmedien","[321] Antennen- + Kabelanlagen","3","32","321","[4] Ertrag","[4] ERTRAG","[49] Interne Verrechnungen","[491] Verrechnete Zinsen","4","4","49","491","3341.05"
"494","Gals","2007","[7] UMWELT UND RAUMORDNUNG","[70] Wasserversorgung","[700] Wasserversorgung","7","70","700","[4] Ertrag","[4] ERTRAG","[49] Interne Verrechnungen","[491] Verrechnete Zinsen","4","4","49","491","16488.00"
"494","Gals","2007","[3] KULTUR UND FREIZEIT","[32] Massenmedien","[321] Antennen- + Kabelanlagen","3","32","321","[5] Ausgaben","[5] Ausgaben","[50] Sachgüter","[501] Tiefbauten","5","5","50","501","3767.45"
"494","Gals","2007","[7] UMWELT UND RAUMORDNUNG","[71] Abwasserentsorgung","[710] Abwasserentsorgung","7","71","710","[5] Ausgaben","[5] Ausgaben","[50] Sachgüter","[501] Tiefbauten","5","5","50","501","47475.25"
"494","Gals","2007","[9] FINANZEN UND STEUERN","[99] Nicht aufgeteilte Posten","[999] Abschluss","9","99","999","[5] Ausgaben","[5] Ausgaben","[59] Passivierungen","[590] Passivierte Einnahmen","5","5","59","590","96712.30"
"494","Gals","2007","[3] KULTUR UND FREIZEIT","[32] Massenmedien","[321] Antennen- + Kabelanlagen","3","32","321","[6] Einnahmen","[6] Einnahmen","[61] Nutzungsabgaben und Vorteilsentgelte","[610] Beiträge Dritter für eigene Rechnung","6","6","61","610","13650.00"
"494","Gals","2007","[7] UMWELT UND RAUMORDNUNG","[70] Wasserversorgung","[700] Wasserversorgung","7","70","700","[6] Einnahmen","[6] Einnahmen","[61] Nutzungsabgaben und Vorteilsentgelte","[610] Beiträge Dritter für eigene Rechnung","6","6","61","610","18015.00"
"494","Gals","2007","[7] UMWELT UND RAUMORDNUNG","[71] Abwasserentsorgung","[710] Abwasserentsorgung","7","71","710","[6] Einnahmen","[6] Einnahmen","[61] Nutzungsabgaben und Vorteilsentgelte","[610] Beiträge Dritter für eigene Rechnung","6","6","61","610","19557.85"
"494","Gals","2008","[0] ALLGEMEINE VERWALTUNG","[01] Legislative und Exekutive","[012] Exekutive","0","1","12","[3] Aufwand","[3] AUFWAND","[30] Personalaufwand","[300] Personalaufwand der Behörden und Kommissionen","3","3","30","300","16699.25"
"494","Gals","2008","[2] BILDUNG","[21] Volksschule","[210] Primarstufe (1. - 6. Schuljahr)","2","21","210","[3] Aufwand","[3] AUFWAND","[30] Personalaufwand","[300] Personalaufwand der Behörden und Kommissionen","3","3","30","300","4015.00"
"494","Gals","2008","[3] KULTUR UND FREIZEIT","[35] Uebrige Freizeitgestaltung","[350] Uebrige Freizeitgestaltung","3","35","350","[3] Aufwand","[3] AUFWAND","[30] Personalaufwand","[300] Personalaufwand der Behörden und Kommissionen","3","3","30","300","1520.00"
"494","Gals","2008","[7] UMWELT UND RAUMORDNUNG","[71] Abwasserentsorgung","[710] Abwasserentsorgung","7","71","710","[3] Aufwand","[3] AUFWAND","[30] Personalaufwand","[300] Personalaufwand der Behörden und Kommissionen","3","3","30","300","390.00"
"494","Gals","2008","[0] ALLGEMEINE VERWALTUNG","[09] Nicht aufteilbare Aufgaben","[090] Verwaltungsliegenschaften","0","9","90","[3] Aufwand","[3] AUFWAND","[30] Personalaufwand","[301] Löhne des Verwaltungs- + Betriebspersonals","3","3","30","301","38219.40"
"494","Gals","2008","[1] OEFFENTLICHE SICHERHEIT","[11] Polizei","[113] Gemeindepolizei","1","11","113","[3] Aufwand","[3] AUFWAND","[30] Personalaufwand","[301] Löhne des Verwaltungs- + Betriebspersonals","3","3","30","301","7157.15"
"494","Gals","2008","[3] KULTUR UND FREIZEIT","[32] Massenmedien","[321] Antennen- + Kabelanlagen","3","32","321","[3] Aufwand","[3] AUFWAND","[30] Personalaufwand","[301] Löhne des Verwaltungs- + Betriebspersonals","3","3","30","301","178.25"
"494","Gals","2008","[3] KULTUR UND FREIZEIT","[34] Sport","[340] Sport","3","34","340","[3] Aufwand","[3] AUFWAND","[30] Personalaufwand","[301] Löhne des Verwaltungs- + Betriebspersonals","3","3","30","301","4000.00"
"494","Gals","2008","[7] UMWELT UND RAUMORDNUNG","[70] Wasserversorgung","[700] Wasserversorgung","7","70","700","[3] Aufwand","[3] AUFWAND","[30] Personalaufwand","[301] Löhne des Verwaltungs- + Betriebspersonals","3","3","30","301","10234.45"
"494","Gals","2008","[7] UMWELT UND RAUMORDNUNG","[71] Abwasserentsorgung","[710] Abwasserentsorgung","7","71","710","[3] Aufwand","[3] AUFWAND","[30] Personalaufwand","[301] Löhne des Verwaltungs- + Betriebspersonals","3","3","30","301","2535.70"
"494","Gals","2008","[7] UMWELT UND RAUMORDNUNG","[75] Gewässerverbauungen","[750] Gewässerverbauungen","7","75","750","[3] Aufwand","[3] AUFWAND","[30] Personalaufwand","[301] Löhne des Verwaltungs- + Betriebspersonals","3","3","30","301","763.15"
"494","Gals","2008","[8] VOLKSWIRTSCHAFT","[80] Landwirtschaft","[800] Landwirtschaft","8","80","800","[3] Aufwand","[3] AUFWAND","[30] Personalaufwand","[301] Löhne des Verwaltungs- + Betriebspersonals","3","3","30","301","737.20"
"494","Gals","2008","[8] VOLKSWIRTSCHAFT","[81] Forstwirtschaft","[812] Holzernte","8","81","812","[3] Aufwand","[3] AUFWAND","[30] Personalaufwand","[301] Löhne des Verwaltungs- + Betriebspersonals","3","3","30","301","3188.55"
"494","Gals","2008","[8] VOLKSWIRTSCHAFT","[81] Forstwirtschaft","[813] Strassen- und Wegunterhalt","8","81","813","[3] Aufwand","[3] AUFWAND","[30] Personalaufwand","[301] Löhne des Verwaltungs- + Betriebspersonals","3","3","30","301","911.65"
"494","Gals","2008","[8] VOLKSWIRTSCHAFT","[81] Forstwirtschaft","[815] Nebennutzungen","8","81","815","[3] Aufwand","[3] AUFWAND","[30] Personalaufwand","[301] Löhne des Verwaltungs- + Betriebspersonals","3","3","30","301","319.05"
"494","Gals","2008","[9] FINANZEN UND STEUERN","[94] Vermögens- und Schuldenverwaltung","[942] Liegenschaften des Finanzvermögens","9","94","942","[3] Aufwand","[3] AUFWAND","[30] Personalaufwand","[301] Löhne des Verwaltungs- + Betriebspersonals","3","3","30","301","3734.45"
"494","Gals","2008","[0] ALLGEMEINE VERWALTUNG","[02] Allgemeine Verwaltung","[029] Allgemeine Verwaltung","0","2","29","[3] Aufwand","[3] AUFWAND","[30] Personalaufwand","[303] Sozialversicherungsbeiträge","3","3","30","303","4609.35"
"494","Gals","2008","[0] ALLGEMEINE VERWALTUNG","[09] Nicht aufteilbare Aufgaben","[090] Verwaltungsliegenschaften","0","9","90","[3] Aufwand","[3] AUFWAND","[30] Personalaufwand","[303] Sozialversicherungsbeiträge","3","3","30","303","2015.05"
"494","Gals","2008","[1] OEFFENTLICHE SICHERHEIT","[16] Zivile Landesverteidigung","[160] Zivilschutz","1","16","160","[3] Aufwand","[3] AUFWAND","[30] Personalaufwand","[303] Sozialversicherungsbeiträge","3","3","30","303","115.50"
"494","Gals","2008","[2] BILDUNG","[21] Volksschule","[217] Schulliegenschaften (Ki.garten sofern nicht zuteilbar, Prim + Sek 1)","2","21","217","[3] Aufwand","[3] AUFWAND","[30] Personalaufwand","[303] Sozialversicherungsbeiträge","3","3","30","303","1986.95"
"494","Gals","2008","[3] KULTUR UND FREIZEIT","[32] Massenmedien","[321] Antennen- + Kabelanlagen","3","32","321","[3] Aufwand","[3] AUFWAND","[30] Personalaufwand","[303] Sozialversicherungsbeiträge","3","3","30","303","9.40"
"494","Gals","2008","[3] KULTUR UND FREIZEIT","[34] Sport","[340] Sport","3","34","340","[3] Aufwand","[3] AUFWAND","[30] Personalaufwand","[303] Sozialversicherungsbeiträge","3","3","30","303","210.90"
"494","Gals","2008","[6] VERKEHR","[62] Gemeindestrassen","[620] Gemeindestrassennetz","6","62","620","[3] Aufwand","[3] AUFWAND","[30] Personalaufwand","[303] Sozialversicherungsbeiträge","3","3","30","303","774.15"
"494","Gals","2008","[7] UMWELT UND RAUMORDNUNG","[70] Wasserversorgung","[700] Wasserversorgung","7","70","700","[3] Aufwand","[3] AUFWAND","[30] Personalaufwand","[303] Sozialversicherungsbeiträge","3","3","30","303","539.60"
"494","Gals","2008","[7] UMWELT UND RAUMORDNUNG","[71] Abwasserentsorgung","[710] Abwasserentsorgung","7","71","710","[3] Aufwand","[3] AUFWAND","[30] Personalaufwand","[303] Sozialversicherungsbeiträge","3","3","30","303","133.70"
"494","Gals","2008","[7] UMWELT UND RAUMORDNUNG","[72] Abfallentsorgung","[720] Abfallentsorgung","7","72","720","[3] Aufwand","[3] AUFWAND","[30] Personalaufwand","[303] Sozialversicherungsbeiträge","3","3","30","303","295.25"
"494","Gals","2008","[8] VOLKSWIRTSCHAFT","[81] Forstwirtschaft","[813] Strassen- und Wegunterhalt","8","81","813","[3] Aufwand","[3] AUFWAND","[30] Personalaufwand","[303] Sozialversicherungsbeiträge","3","3","30","303","48.05"
"494","Gals","2008","[9] FINANZEN UND STEUERN","[94] Vermögens- und Schuldenverwaltung","[942] Liegenschaften des Finanzvermögens","9","94","942","[3] Aufwand","[3] AUFWAND","[30] Personalaufwand","[303] Sozialversicherungsbeiträge","3","3","30","303","196.90"
"494","Gals","2008","[3] KULTUR UND FREIZEIT","[35] Uebrige Freizeitgestaltung","[350] Uebrige Freizeitgestaltung","3","35","350","[3] Aufwand","[3] AUFWAND","[36] Eigene Beiträge","[366] Private Haushalte","3","3","36","366","8387.25"
"494","Gals","2008","[0] ALLGEMEINE VERWALTUNG","[09] Nicht aufteilbare Aufgaben","[090] Verwaltungsliegenschaften","0","9","90","[3] Aufwand","[3] AUFWAND","[39] Interne Verrechnungen","[390] Verrechneter Aufwand","3","3","39","390","3000.00"
"494","Gals","2008","[3] KULTUR UND FREIZEIT","[32] Massenmedien","[321] Antennen- + Kabelanlagen","3","32","321","[3] Aufwand","[3] AUFWAND","[39] Interne Verrechnungen","[390] Verrechneter Aufwand","3","3","39","390","3000.00"
"494","Gals","2008","[7] UMWELT UND RAUMORDNUNG","[70] Wasserversorgung","[700] Wasserversorgung","7","70","700","[3] Aufwand","[3] AUFWAND","[39] Interne Verrechnungen","[390] Verrechneter Aufwand","3","3","39","390","3000.00"
"494","Gals","2008","[9] FINANZEN UND STEUERN","[94] Vermögens- und Schuldenverwaltung","[940] Zinsen","9","94","940","[3] Aufwand","[3] AUFWAND","[39] Interne Verrechnungen","[391] Verrechnete Zinsen","3","3","39","391","24503.05"
"494","Gals","2008","[3] KULTUR UND FREIZEIT","[32] Massenmedien","[321] Antennen- + Kabelanlagen","3","32","321","[3] Aufwand","[3] AUFWAND","[39] Interne Verrechnungen","[392] Verrechnete Abschreibungen","3","3","39","392","792.00"
"494","Gals","2008","[9] FINANZEN UND STEUERN","[90] Steuern","[903] Steuerabschreibungen","9","90","903","[4] Ertrag","[4] ERTRAG","[40] Steuern","[400] Einkommens- und Vermögenssteuern","4","4","40","400","122.20"
"494","Gals","2008","[9] FINANZEN UND STEUERN","[90] Steuern","[900] Obligatorische periodische Steuern","9","90","900","[4] Ertrag","[4] ERTRAG","[40] Steuern","[401] Gewinn- und Kapitalsteuern","4","4","40","401","21145.50"
"494","Gals","2008","[9] FINANZEN UND STEUERN","[90] Steuern","[902] Liegenschaftssteuern","9","90","902","[4] Ertrag","[4] ERTRAG","[40] Steuern","[402] Liegenschaftssteuern","4","4","40","402","172546.90"
"494","Gals","2008","[9] FINANZEN UND STEUERN","[90] Steuern","[901] Obligatorische aperiodische Steuern","9","90","901","[4] Ertrag","[4] ERTRAG","[40] Steuern","[403] Vermögensgewinnsteuern","4","4","40","403","127911.40"
"494","Gals","2008","[9] FINANZEN UND STEUERN","[94] Vermögens- und Schuldenverwaltung","[942] Liegenschaften des Finanzvermögens","9","94","942","[4] Ertrag","[4] ERTRAG","[42] Vermögenserträge","[423] Liegenschaften des Finanzvermögens","4","4","42","423","97394.25"
"494","Gals","2008","[0] ALLGEMEINE VERWALTUNG","[09] Nicht aufteilbare Aufgaben","[090] Verwaltungsliegenschaften","0","9","90","[4] Ertrag","[4] ERTRAG","[42] Vermögenserträge","[427] Liegenschaften des Verwaltungsvermögens","4","4","42","427","20300.00"
"494","Gals","2008","[3] KULTUR UND FREIZEIT","[34] Sport","[340] Sport","3","34","340","[4] Ertrag","[4] ERTRAG","[42] Vermögenserträge","[427] Liegenschaften des Verwaltungsvermögens","4","4","42","427","100.00"
"494","Gals","2008","[0] ALLGEMEINE VERWALTUNG","[02] Allgemeine Verwaltung","[029] Allgemeine Verwaltung","0","2","29","[4] Ertrag","[4] ERTRAG","[43] Entgelte","[431] Gebühren für Amtshandlungen","4","4","43","431","20.00"
"494","Gals","2008","[1] OEFFENTLICHE SICHERHEIT","[10] Rechtsaufsicht","[100] Mass und Gewicht","1","10","100","[4] Ertrag","[4] ERTRAG","[43] Entgelte","[431] Gebühren für Amtshandlungen","4","4","43","431","1944.00"
"494","Gals","2008","[7] UMWELT UND RAUMORDNUNG","[78] Uebriger Umweltschutz","[781] Tierkörperbeseitigung","7","78","781","[4] Ertrag","[4] ERTRAG","[43] Entgelte","[431] Gebühren für Amtshandlungen","4","4","43","431","128.50"
"494","Gals","2008","[6] VERKEHR","[62] Gemeindestrassen","[620] Gemeindestrassennetz","6","62","620","[4] Ertrag","[4] ERTRAG","[43] Entgelte","[434] Andere Benützungsgebühren und Dienstleistungen","4","4","43","434","1837.50"
"494","Gals","2008","[7] UMWELT UND RAUMORDNUNG","[71] Abwasserentsorgung","[710] Abwasserentsorgung","7","71","710","[4] Ertrag","[4] ERTRAG","[43] Entgelte","[434] Andere Benützungsgebühren und Dienstleistungen","4","4","43","434","235102.90"
"494","Gals","2008","[7] UMWELT UND RAUMORDNUNG","[72] Abfallentsorgung","[720] Abfallentsorgung","7","72","720","[4] Ertrag","[4] ERTRAG","[43] Entgelte","[434] Andere Benützungsgebühren und Dienstleistungen","4","4","43","434","45918.25"
"494","Gals","2008","[3] KULTUR UND FREIZEIT","[32] Massenmedien","[321] Antennen- + Kabelanlagen","3","32","321","[4] Ertrag","[4] ERTRAG","[43] Entgelte","[435] Uebrige Verkaufserlöse","4","4","43","435","48196.60"
"494","Gals","2008","[7] UMWELT UND RAUMORDNUNG","[70] Wasserversorgung","[700] Wasserversorgung","7","70","700","[4] Ertrag","[4] ERTRAG","[43] Entgelte","[435] Uebrige Verkaufserlöse","4","4","43","435","113537.65"
"494","Gals","2008","[8] VOLKSWIRTSCHAFT","[81] Forstwirtschaft","[812] Holzernte","8","81","812","[4] Ertrag","[4] ERTRAG","[43] Entgelte","[435] Uebrige Verkaufserlöse","4","4","43","435","20975.25"
"494","Gals","2008","[8] VOLKSWIRTSCHAFT","[81] Forstwirtschaft","[815] Nebennutzungen","8","81","815","[4] Ertrag","[4] ERTRAG","[43] Entgelte","[435] Uebrige Verkaufserlöse","4","4","43","435","1155.00"
"494","Gals","2008","[0] ALLGEMEINE VERWALTUNG","[02] Allgemeine Verwaltung","[029] Allgemeine Verwaltung","0","2","29","[4] Ertrag","[4] ERTRAG","[43] Entgelte","[436] Rückerstattungen","4","4","43","436","37855.00"
"494","Gals","2008","[6] VERKEHR","[62] Gemeindestrassen","[620] Gemeindestrassennetz","6","62","620","[4] Ertrag","[4] ERTRAG","[43] Entgelte","[436] Rückerstattungen","4","4","43","436","1237.50"
"494","Gals","2008","[7] UMWELT UND RAUMORDNUNG","[79] Raumordnung","[790] Raumplanung","7","79","790","[4] Ertrag","[4] ERTRAG","[43] Entgelte","[436] Rückerstattungen","4","4","43","436","1534.25"
"494","Gals","2008","[0] ALLGEMEINE VERWALTUNG","[02] Allgemeine Verwaltung","[029] Allgemeine Verwaltung","0","2","29","[4] Ertrag","[4] ERTRAG","[49] Interne Verrechnungen","[490] Verrechneter Aufwand","4","4","49","490","35000.00"
"494","Gals","2008","[9] FINANZEN UND STEUERN","[99] Nicht aufgeteilte Posten","[990] Abschreibungen","9","99","990","[4] Ertrag","[4] ERTRAG","[49] Interne Verrechnungen","[492] Verrechnete Abschreibungen","4","4","49","492","792.00"
"494","Gals","2008","[3] KULTUR UND FREIZEIT","[32] Massenmedien","[321] Antennen- + Kabelanlagen","3","32","321","[5] Ausgaben","[5] Ausgaben","[50] Sachgüter","[501] Tiefbauten","5","5","50","501","792.00"
"494","Gals","2008","[0] ALLGEMEINE VERWALTUNG","[09] Nicht aufteilbare Aufgaben","[090] Verwaltungsliegenschaften","0","9","90","[5] Ausgaben","[5] Ausgaben","[50] Sachgüter","[503] Hochbauten","5","5","50","503","20376.40"
"494","Gals","2008","[9] FINANZEN UND STEUERN","[99] Nicht aufgeteilte Posten","[999] Abschluss","9","99","999","[5] Ausgaben","[5] Ausgaben","[59] Passivierungen","[590] Passivierte Einnahmen","5","5","59","590","36781.75"
"494","Gals","2008","[9] FINANZEN UND STEUERN","[99] Nicht aufgeteilte Posten","[999] Abschluss","9","99","999","[5] Ausgaben","[5] Ausgaben","[59] Passivierungen","[592] Uebertrag Einnahmenüberschuss in die Laufende Rechnung","5","5","59","592","29887.70"
"494","Gals","2008","[7] UMWELT UND RAUMORDNUNG","[70] Wasserversorgung","[700] Wasserversorgung","7","70","700","[6] Einnahmen","[6] Einnahmen","[61] Nutzungsabgaben und Vorteilsentgelte","[610] Beiträge Dritter für eigene Rechnung","6","6","61","610","29887.70"
"494","Gals","2008","[9] FINANZEN UND STEUERN","[99] Nicht aufgeteilte Posten","[999] Abschluss","9","99","999","[6] Einnahmen","[6] Einnahmen","[69] Aktivierungen","[690] Aktivierte Ausgaben","6","6","69","690","152367.55"
"494","Gals","2009","[0] ALLGEMEINE VERWALTUNG","[01] Legislative und Exekutive","[012] Exekutive","0","1","12","[3] Aufwand","[3] AUFWAND","[30] Personalaufwand","[300] Personalaufwand der Behörden und Kommissionen","3","3","30","300","20266.90"
"494","Gals","2009","[3] KULTUR UND FREIZEIT","[35] Uebrige Freizeitgestaltung","[350] Uebrige Freizeitgestaltung","3","35","350","[3] Aufwand","[3] AUFWAND","[30] Personalaufwand","[300] Personalaufwand der Behörden und Kommissionen","3","3","30","300","1410.00"
"494","Gals","2009","[0] ALLGEMEINE VERWALTUNG","[09] Nicht aufteilbare Aufgaben","[090] Verwaltungsliegenschaften","0","9","90","[3] Aufwand","[3] AUFWAND","[30] Personalaufwand","[301] Löhne des Verwaltungs- + Betriebspersonals","3","3","30","301","42966.65"
"494","Gals","2009","[1] OEFFENTLICHE SICHERHEIT","[11] Polizei","[113] Gemeindepolizei","1","11","113","[3] Aufwand","[3] AUFWAND","[30] Personalaufwand","[301] Löhne des Verwaltungs- + Betriebspersonals","3","3","30","301","11380.65"
"494","Gals","2009","[3] KULTUR UND FREIZEIT","[34] Sport","[340] Sport","3","34","340","[3] Aufwand","[3] AUFWAND","[30] Personalaufwand","[301] Löhne des Verwaltungs- + Betriebspersonals","3","3","30","301","4000.00"
"494","Gals","2009","[7] UMWELT UND RAUMORDNUNG","[70] Wasserversorgung","[700] Wasserversorgung","7","70","700","[3] Aufwand","[3] AUFWAND","[30] Personalaufwand","[301] Löhne des Verwaltungs- + Betriebspersonals","3","3","30","301","11728.25"
"494","Gals","2009","[7] UMWELT UND RAUMORDNUNG","[71] Abwasserentsorgung","[710] Abwasserentsorgung","7","71","710","[3] Aufwand","[3] AUFWAND","[30] Personalaufwand","[301] Löhne des Verwaltungs- + Betriebspersonals","3","3","30","301","2045.05"
"494","Gals","2009","[7] UMWELT UND RAUMORDNUNG","[75] Gewässerverbauungen","[750] Gewässerverbauungen","7","75","750","[3] Aufwand","[3] AUFWAND","[30] Personalaufwand","[301] Löhne des Verwaltungs- + Betriebspersonals","3","3","30","301","314.00"
"494","Gals","2009","[8] VOLKSWIRTSCHAFT","[80] Landwirtschaft","[800] Landwirtschaft","8","80","800","[3] Aufwand","[3] AUFWAND","[30] Personalaufwand","[301] Löhne des Verwaltungs- + Betriebspersonals","3","3","30","301","705.00"
"494","Gals","2009","[8] VOLKSWIRTSCHAFT","[81] Forstwirtschaft","[810] Forstverwaltung","8","81","810","[3] Aufwand","[3] AUFWAND","[30] Personalaufwand","[301] Löhne des Verwaltungs- + Betriebspersonals","3","3","30","301","187.50"
"494","Gals","2009","[8] VOLKSWIRTSCHAFT","[81] Forstwirtschaft","[812] Holzernte","8","81","812","[3] Aufwand","[3] AUFWAND","[30] Personalaufwand","[301] Löhne des Verwaltungs- + Betriebspersonals","3","3","30","301","2745.35"
"494","Gals","2009","[8] VOLKSWIRTSCHAFT","[81] Forstwirtschaft","[815] Nebennutzungen","8","81","815","[3] Aufwand","[3] AUFWAND","[30] Personalaufwand","[301] Löhne des Verwaltungs- + Betriebspersonals","3","3","30","301","274.00"
"494","Gals","2009","[0] ALLGEMEINE VERWALTUNG","[02] Allgemeine Verwaltung","[029] Allgemeine Verwaltung","0","2","29","[3] Aufwand","[3] AUFWAND","[30] Personalaufwand","[303] Sozialversicherungsbeiträge","3","3","30","303","5110.70"
"494","Gals","2009","[0] ALLGEMEINE VERWALTUNG","[09] Nicht aufteilbare Aufgaben","[090] Verwaltungsliegenschaften","0","9","90","[3] Aufwand","[3] AUFWAND","[30] Personalaufwand","[303] Sozialversicherungsbeiträge","3","3","30","303","3417.35"
"494","Gals","2009","[2] BILDUNG","[21] Volksschule","[217] Schulliegenschaften (Ki.garten sofern nicht zuteilbar, Prim + Sek 1)","2","21","217","[3] Aufwand","[3] AUFWAND","[30] Personalaufwand","[303] Sozialversicherungsbeiträge","3","3","30","303","2668.20"
"494","Gals","2009","[3] KULTUR UND FREIZEIT","[34] Sport","[340] Sport","3","34","340","[3] Aufwand","[3] AUFWAND","[30] Personalaufwand","[303] Sozialversicherungsbeiträge","3","3","30","303","297.40"
"494","Gals","2009","[6] VERKEHR","[62] Gemeindestrassen","[620] Gemeindestrassennetz","6","62","620","[3] Aufwand","[3] AUFWAND","[30] Personalaufwand","[303] Sozialversicherungsbeiträge","3","3","30","303","1354.35"
"494","Gals","2009","[7] UMWELT UND RAUMORDNUNG","[70] Wasserversorgung","[700] Wasserversorgung","7","70","700","[3] Aufwand","[3] AUFWAND","[30] Personalaufwand","[303] Sozialversicherungsbeiträge","3","3","30","303","871.95"
"494","Gals","2009","[7] UMWELT UND RAUMORDNUNG","[71] Abwasserentsorgung","[710] Abwasserentsorgung","7","71","710","[3] Aufwand","[3] AUFWAND","[30] Personalaufwand","[303] Sozialversicherungsbeiträge","3","3","30","303","152.05"
"494","Gals","2009","[7] UMWELT UND RAUMORDNUNG","[72] Abfallentsorgung","[720] Abfallentsorgung","7","72","720","[3] Aufwand","[3] AUFWAND","[30] Personalaufwand","[303] Sozialversicherungsbeiträge","3","3","30","303","478.30"
"494","Gals","2009","[8] VOLKSWIRTSCHAFT","[81] Forstwirtschaft","[813] Strassen- und Wegunterhalt","8","81","813","[3] Aufwand","[3] AUFWAND","[30] Personalaufwand","[303] Sozialversicherungsbeiträge","3","3","30","303","128.65"
"494","Gals","2009","[8] VOLKSWIRTSCHAFT","[81] Forstwirtschaft","[815] Nebennutzungen","8","81","815","[3] Aufwand","[3] AUFWAND","[30] Personalaufwand","[303] Sozialversicherungsbeiträge","3","3","30","303","20.35"
"494","Gals","2009","[9] FINANZEN UND STEUERN","[94] Vermögens- und Schuldenverwaltung","[942] Liegenschaften des Finanzvermögens","9","94","942","[3] Aufwand","[3] AUFWAND","[30] Personalaufwand","[303] Sozialversicherungsbeiträge","3","3","30","303","337.80"
"494","Gals","2009","[0] ALLGEMEINE VERWALTUNG","[02] Allgemeine Verwaltung","[029] Allgemeine Verwaltung","0","2","29","[3] Aufwand","[3] AUFWAND","[30] Personalaufwand","[305] Unfall- und Krankenversicherungsbeiträge","3","3","30","305","4262.25"
"494","Gals","2009","[2] BILDUNG","[21] Volksschule","[210] Primarstufe (1. - 6. Schuljahr)","2","21","210","[3] Aufwand","[3] AUFWAND","[30] Personalaufwand","[305] Unfall- und Krankenversicherungsbeiträge","3","3","30","305","218.00"
"494","Gals","2009","[6] VERKEHR","[62] Gemeindestrassen","[620] Gemeindestrassennetz","6","62","620","[3] Aufwand","[3] AUFWAND","[30] Personalaufwand","[305] Unfall- und Krankenversicherungsbeiträge","3","3","30","305","1512.70"
"494","Gals","2009","[0] ALLGEMEINE VERWALTUNG","[02] Allgemeine Verwaltung","[029] Allgemeine Verwaltung","0","2","29","[3] Aufwand","[3] AUFWAND","[31] Sachaufwand","[310] Büro- und Schulmaterialien, Drucksachen","3","3","31","310","5385.40"
"494","Gals","2009","[2] BILDUNG","[21] Volksschule","[210] Primarstufe (1. - 6. Schuljahr)","2","21","210","[3] Aufwand","[3] AUFWAND","[31] Sachaufwand","[310] Büro- und Schulmaterialien, Drucksachen","3","3","31","310","22194.21"
"494","Gals","2009","[0] ALLGEMEINE VERWALTUNG","[02] Allgemeine Verwaltung","[029] Allgemeine Verwaltung","0","2","29","[3] Aufwand","[3] AUFWAND","[31] Sachaufwand","[311] Anschaffung Mobilien, Maschinen, Fahrzeuge","3","3","31","311","2437.10"
"494","Gals","2009","[0] ALLGEMEINE VERWALTUNG","[09] Nicht aufteilbare Aufgaben","[090] Verwaltungsliegenschaften","0","9","90","[3] Aufwand","[3] AUFWAND","[31] Sachaufwand","[311] Anschaffung Mobilien, Maschinen, Fahrzeuge","3","3","31","311","13249.40"
"494","Gals","2009","[6] VERKEHR","[62] Gemeindestrassen","[620] Gemeindestrassennetz","6","62","620","[3] Aufwand","[3] AUFWAND","[31] Sachaufwand","[311] Anschaffung Mobilien, Maschinen, Fahrzeuge","3","3","31","311","7000.00"
"494","Gals","2009","[0] ALLGEMEINE VERWALTUNG","[09] Nicht aufteilbare Aufgaben","[090] Verwaltungsliegenschaften","0","9","90","[3] Aufwand","[3] AUFWAND","[31] Sachaufwand","[312] Wasser, Energie, Heizmaterialien","3","3","31","312","18107.15"
"494","Gals","2009","[7] UMWELT UND RAUMORDNUNG","[70] Wasserversorgung","[700] Wasserversorgung","7","70","700","[3] Aufwand","[3] AUFWAND","[31] Sachaufwand","[312] Wasser, Energie, Heizmaterialien","3","3","31","312","112.10"
"494","Gals","2009","[2] BILDUNG","[21] Volksschule","[217] Schulliegenschaften (Ki.garten sofern nicht zuteilbar, Prim + Sek 1)","2","21","217","[3] Aufwand","[3] AUFWAND","[31] Sachaufwand","[313] Verbrauchsmaterialien","3","3","31","313","1473.95"
"494","Gals","2009","[6] VERKEHR","[62] Gemeindestrassen","[620] Gemeindestrassennetz","6","62","620","[3] Aufwand","[3] AUFWAND","[31] Sachaufwand","[313] Verbrauchsmaterialien","3","3","31","313","9175.00"
"494","Gals","2009","[7] UMWELT UND RAUMORDNUNG","[74] Friedhof und Bestattung","[740] Friedhof und Bestattung","7","74","740","[3] Aufwand","[3] AUFWAND","[31] Sachaufwand","[313] Verbrauchsmaterialien","3","3","31","313","20.95"
"494","Gals","2009","[0] ALLGEMEINE VERWALTUNG","[09] Nicht aufteilbare Aufgaben","[090] Verwaltungsliegenschaften","0","9","90","[3] Aufwand","[3] AUFWAND","[31] Sachaufwand","[314] Dienstleistungen Dritter für den baulichen Unterhalt","3","3","31","314","1860.55"
"494","Gals","2009","[2] BILDUNG","[21] Volksschule","[217] Schulliegenschaften (Ki.garten sofern nicht zuteilbar, Prim + Sek 1)","2","21","217","[3] Aufwand","[3] AUFWAND","[31] Sachaufwand","[314] Dienstleistungen Dritter für den baulichen Unterhalt","3","3","31","314","8234.70"
"494","Gals","2009","[3] KULTUR UND FREIZEIT","[32] Massenmedien","[321] Antennen- + Kabelanlagen","3","32","321","[3] Aufwand","[3] AUFWAND","[31] Sachaufwand","[314] Dienstleistungen Dritter für den baulichen Unterhalt","3","3","31","314","3511.95"
"494","Gals","2009","[7] UMWELT UND RAUMORDNUNG","[70] Wasserversorgung","[700] Wasserversorgung","7","70","700","[3] Aufwand","[3] AUFWAND","[31] Sachaufwand","[314] Dienstleistungen Dritter für den baulichen Unterhalt","3","3","31","314","24741.10"
"494","Gals","2009","[7] UMWELT UND RAUMORDNUNG","[71] Abwasserentsorgung","[710] Abwasserentsorgung","7","71","710","[3] Aufwand","[3] AUFWAND","[31] Sachaufwand","[314] Dienstleistungen Dritter für den baulichen Unterhalt","3","3","31","314","403.00"
"494","Gals","2009","[8] VOLKSWIRTSCHAFT","[81] Forstwirtschaft","[812] Holzernte","8","81","812","[3] Aufwand","[3] AUFWAND","[31] Sachaufwand","[314] Dienstleistungen Dritter für den baulichen Unterhalt","3","3","31","314","16074.00"
"494","Gals","2009","[8] VOLKSWIRTSCHAFT","[81] Forstwirtschaft","[813] Strassen- und Wegunterhalt","8","81","813","[3] Aufwand","[3] AUFWAND","[31] Sachaufwand","[314] Dienstleistungen Dritter für den baulichen Unterhalt","3","3","31","314","2070.75"
"494","Gals","2009","[9] FINANZEN UND STEUERN","[94] Vermögens- und Schuldenverwaltung","[942] Liegenschaften des Finanzvermögens","9","94","942","[3] Aufwand","[3] AUFWAND","[31] Sachaufwand","[314] Dienstleistungen Dritter für den baulichen Unterhalt","3","3","31","314","151.00"
"494","Gals","2009","[2] BILDUNG","[21] Volksschule","[210] Primarstufe (1. - 6. Schuljahr)","2","21","210","[3] Aufwand","[3] AUFWAND","[31] Sachaufwand","[315] Dienstleistungen Dritter für den übrigen Unterhalt","3","3","31","315","214.00"
"494","Gals","2009","[6] VERKEHR","[62] Gemeindestrassen","[620] Gemeindestrassennetz","6","62","620","[3] Aufwand","[3] AUFWAND","[31] Sachaufwand","[316] Mieten, Pachten, Benützungskosten","3","3","31","316","1000.00"
"494","Gals","2009","[0] ALLGEMEINE VERWALTUNG","[02] Allgemeine Verwaltung","[029] Allgemeine Verwaltung","0","2","29","[3] Aufwand","[3] AUFWAND","[31] Sachaufwand","[318] Dienstleistungen und Honorare, allg. Verwaltungsaufwand","3","3","31","318","113025.59"
"494","Gals","2009","[1] OEFFENTLICHE SICHERHEIT","[10] Rechtsaufsicht","[100] Mass und Gewicht","1","10","100","[3] Aufwand","[3] AUFWAND","[31] Sachaufwand","[318] Dienstleistungen und Honorare, allg. Verwaltungsaufwand","3","3","31","318","23427.80"
"494","Gals","2009","[1] OEFFENTLICHE SICHERHEIT","[16] Zivile Landesverteidigung","[160] Zivilschutz","1","16","160","[3] Aufwand","[3] AUFWAND","[31] Sachaufwand","[318] Dienstleistungen und Honorare, allg. Verwaltungsaufwand","3","3","31","318","1123.10"
"494","Gals","2009","[2] BILDUNG","[21] Volksschule","[210] Primarstufe (1. - 6. Schuljahr)","2","21","210","[3] Aufwand","[3] AUFWAND","[31] Sachaufwand","[318] Dienstleistungen und Honorare, allg. Verwaltungsaufwand","3","3","31","318","1459.30"
"494","Gals","2009","[3] KULTUR UND FREIZEIT","[30] Kulturförderung","[309] Uebrige Kulturförderung","3","30","309","[3] Aufwand","[3] AUFWAND","[31] Sachaufwand","[318] Dienstleistungen und Honorare, allg. Verwaltungsaufwand","3","3","31","318","12121.00"
"494","Gals","2009","[4] GESUNDHEIT","[46] Schulgesundheitsdienst","[461] Schulzahnärztliche Pflege","4","46","461","[3] Aufwand","[3] AUFWAND","[31] Sachaufwand","[318] Dienstleistungen und Honorare, allg. Verwaltungsaufwand","3","3","31","318","1415.20"
"494","Gals","2009","[6] VERKEHR","[62] Gemeindestrassen","[620] Gemeindestrassennetz","6","62","620","[3] Aufwand","[3] AUFWAND","[31] Sachaufwand","[318] Dienstleistungen und Honorare, allg. Verwaltungsaufwand","3","3","31","318","1375.05"
"494","Gals","2009","[7] UMWELT UND RAUMORDNUNG","[72] Abfallentsorgung","[720] Abfallentsorgung","7","72","720","[3] Aufwand","[3] AUFWAND","[31] Sachaufwand","[318] Dienstleistungen und Honorare, allg. Verwaltungsaufwand","3","3","31","318","44614.85"
"494","Gals","2009","[7] UMWELT UND RAUMORDNUNG","[74] Friedhof und Bestattung","[740] Friedhof und Bestattung","7","74","740","[3] Aufwand","[3] AUFWAND","[31] Sachaufwand","[318] Dienstleistungen und Honorare, allg. Verwaltungsaufwand","3","3","31","318","561.50"
"494","Gals","2009","[7] UMWELT UND RAUMORDNUNG","[78] Uebriger Umweltschutz","[789] Uebrige Immissionen","7","78","789","[3] Aufwand","[3] AUFWAND","[31] Sachaufwand","[318] Dienstleistungen und Honorare, allg. Verwaltungsaufwand","3","3","31","318","2400.00"
"494","Gals","2009","[7] UMWELT UND RAUMORDNUNG","[79] Raumordnung","[790] Raumplanung","7","79","790","[3] Aufwand","[3] AUFWAND","[31] Sachaufwand","[318] Dienstleistungen und Honorare, allg. Verwaltungsaufwand","3","3","31","318","2461.65"
"494","Gals","2009","[8] VOLKSWIRTSCHAFT","[81] Forstwirtschaft","[810] Forstverwaltung","8","81","810","[3] Aufwand","[3] AUFWAND","[31] Sachaufwand","[319] Uebriger Sachaufwand","3","3","31","319","256.50"
"494","Gals","2009","[9] FINANZEN UND STEUERN","[94] Vermögens- und Schuldenverwaltung","[942] Liegenschaften des Finanzvermögens","9","94","942","[3] Aufwand","[3] AUFWAND","[31] Sachaufwand","[319] Uebriger Sachaufwand","3","3","31","319","160.00"
"494","Gals","2009","[9] FINANZEN UND STEUERN","[94] Vermögens- und Schuldenverwaltung","[940] Zinsen","9","94","940","[3] Aufwand","[3] AUFWAND","[32] Passivzinsen","[321] Kurzfristige Schulden","3","3","32","321","4507.65"
"494","Gals","2009","[1] OEFFENTLICHE SICHERHEIT","[14] Wehrdienste","[140] Wehrdienste","1","14","140","[3] Aufwand","[3] AUFWAND","[33] Abschreibungen","[330] Finanzvermögen","3","3","33","330","991.75"
"494","Gals","2009","[9] FINANZEN UND STEUERN","[90] Steuern","[903] Steuerabschreibungen","9","90","903","[3] Aufwand","[3] AUFWAND","[33] Abschreibungen","[330] Finanzvermögen","3","3","33","330","12810.15"
"494","Gals","2008","[0] ALLGEMEINE VERWALTUNG","[02] Allgemeine Verwaltung","[029] Allgemeine Verwaltung","0","2","29","[3] Aufwand","[3] AUFWAND","[30] Personalaufwand","[305] Unfall- und Krankenversicherungsbeiträge","3","3","30","305","5813.25"
"494","Gals","2008","[2] BILDUNG","[21] Volksschule","[210] Primarstufe (1. - 6. Schuljahr)","2","21","210","[3] Aufwand","[3] AUFWAND","[30] Personalaufwand","[305] Unfall- und Krankenversicherungsbeiträge","3","3","30","305","218.00"
"494","Gals","2008","[2] BILDUNG","[21] Volksschule","[217] Schulliegenschaften (Ki.garten sofern nicht zuteilbar, Prim + Sek 1)","2","21","217","[3] Aufwand","[3] AUFWAND","[30] Personalaufwand","[305] Unfall- und Krankenversicherungsbeiträge","3","3","30","305","1000.00"
"494","Gals","2008","[6] VERKEHR","[62] Gemeindestrassen","[620] Gemeindestrassennetz","6","62","620","[3] Aufwand","[3] AUFWAND","[30] Personalaufwand","[305] Unfall- und Krankenversicherungsbeiträge","3","3","30","305","2751.65"
"494","Gals","2008","[0] ALLGEMEINE VERWALTUNG","[02] Allgemeine Verwaltung","[029] Allgemeine Verwaltung","0","2","29","[3] Aufwand","[3] AUFWAND","[31] Sachaufwand","[310] Büro- und Schulmaterialien, Drucksachen","3","3","31","310","6203.45"
"494","Gals","2008","[2] BILDUNG","[21] Volksschule","[210] Primarstufe (1. - 6. Schuljahr)","2","21","210","[3] Aufwand","[3] AUFWAND","[31] Sachaufwand","[310] Büro- und Schulmaterialien, Drucksachen","3","3","31","310","22147.46"
"494","Gals","2008","[9] FINANZEN UND STEUERN","[90] Steuern","[904] Fakultative Steuern und Abgaben","9","90","904","[3] Aufwand","[3] AUFWAND","[31] Sachaufwand","[310] Büro- und Schulmaterialien, Drucksachen","3","3","31","310","40.90"
"494","Gals","2008","[0] ALLGEMEINE VERWALTUNG","[02] Allgemeine Verwaltung","[029] Allgemeine Verwaltung","0","2","29","[3] Aufwand","[3] AUFWAND","[31] Sachaufwand","[311] Anschaffung Mobilien, Maschinen, Fahrzeuge","3","3","31","311","200.15"
"494","Gals","2008","[2] BILDUNG","[21] Volksschule","[217] Schulliegenschaften (Ki.garten sofern nicht zuteilbar, Prim + Sek 1)","2","21","217","[3] Aufwand","[3] AUFWAND","[31] Sachaufwand","[311] Anschaffung Mobilien, Maschinen, Fahrzeuge","3","3","31","311","527.70"
"494","Gals","2008","[0] ALLGEMEINE VERWALTUNG","[09] Nicht aufteilbare Aufgaben","[090] Verwaltungsliegenschaften","0","9","90","[3] Aufwand","[3] AUFWAND","[31] Sachaufwand","[312] Wasser, Energie, Heizmaterialien","3","3","31","312","16436.00"
"494","Gals","2008","[3] KULTUR UND FREIZEIT","[32] Massenmedien","[321] Antennen- + Kabelanlagen","3","32","321","[3] Aufwand","[3] AUFWAND","[31] Sachaufwand","[312] Wasser, Energie, Heizmaterialien","3","3","31","312","775.50"
"494","Gals","2008","[7] UMWELT UND RAUMORDNUNG","[70] Wasserversorgung","[700] Wasserversorgung","7","70","700","[3] Aufwand","[3] AUFWAND","[31] Sachaufwand","[312] Wasser, Energie, Heizmaterialien","3","3","31","312","112.10"
"494","Gals","2008","[2] BILDUNG","[21] Volksschule","[217] Schulliegenschaften (Ki.garten sofern nicht zuteilbar, Prim + Sek 1)","2","21","217","[3] Aufwand","[3] AUFWAND","[31] Sachaufwand","[313] Verbrauchsmaterialien","3","3","31","313","2080.20"
"494","Gals","2008","[6] VERKEHR","[62] Gemeindestrassen","[620] Gemeindestrassennetz","6","62","620","[3] Aufwand","[3] AUFWAND","[31] Sachaufwand","[313] Verbrauchsmaterialien","3","3","31","313","10010.00"
"494","Gals","2008","[7] UMWELT UND RAUMORDNUNG","[74] Friedhof und Bestattung","[740] Friedhof und Bestattung","7","74","740","[3] Aufwand","[3] AUFWAND","[31] Sachaufwand","[313] Verbrauchsmaterialien","3","3","31","313","79.80"
"494","Gals","2008","[0] ALLGEMEINE VERWALTUNG","[09] Nicht aufteilbare Aufgaben","[090] Verwaltungsliegenschaften","0","9","90","[3] Aufwand","[3] AUFWAND","[31] Sachaufwand","[314] Dienstleistungen Dritter für den baulichen Unterhalt","3","3","31","314","26245.10"
"494","Gals","2008","[2] BILDUNG","[21] Volksschule","[217] Schulliegenschaften (Ki.garten sofern nicht zuteilbar, Prim + Sek 1)","2","21","217","[3] Aufwand","[3] AUFWAND","[31] Sachaufwand","[314] Dienstleistungen Dritter für den baulichen Unterhalt","3","3","31","314","5505.40"
"494","Gals","2008","[3] KULTUR UND FREIZEIT","[32] Massenmedien","[321] Antennen- + Kabelanlagen","3","32","321","[3] Aufwand","[3] AUFWAND","[31] Sachaufwand","[314] Dienstleistungen Dritter für den baulichen Unterhalt","3","3","31","314","3321.00"
"494","Gals","2008","[7] UMWELT UND RAUMORDNUNG","[70] Wasserversorgung","[700] Wasserversorgung","7","70","700","[3] Aufwand","[3] AUFWAND","[31] Sachaufwand","[314] Dienstleistungen Dritter für den baulichen Unterhalt","3","3","31","314","12110.40"
"494","Gals","2008","[7] UMWELT UND RAUMORDNUNG","[71] Abwasserentsorgung","[710] Abwasserentsorgung","7","71","710","[3] Aufwand","[3] AUFWAND","[31] Sachaufwand","[314] Dienstleistungen Dritter für den baulichen Unterhalt","3","3","31","314","8009.05"
"494","Gals","2008","[7] UMWELT UND RAUMORDNUNG","[72] Abfallentsorgung","[720] Abfallentsorgung","7","72","720","[3] Aufwand","[3] AUFWAND","[31] Sachaufwand","[314] Dienstleistungen Dritter für den baulichen Unterhalt","3","3","31","314","1319.50"
"494","Gals","2008","[8] VOLKSWIRTSCHAFT","[81] Forstwirtschaft","[810] Forstverwaltung","8","81","810","[3] Aufwand","[3] AUFWAND","[31] Sachaufwand","[314] Dienstleistungen Dritter für den baulichen Unterhalt","3","3","31","314","500.00"
"494","Gals","2008","[8] VOLKSWIRTSCHAFT","[81] Forstwirtschaft","[813] Strassen- und Wegunterhalt","8","81","813","[3] Aufwand","[3] AUFWAND","[31] Sachaufwand","[314] Dienstleistungen Dritter für den baulichen Unterhalt","3","3","31","314","4533.40"
"494","Gals","2008","[9] FINANZEN UND STEUERN","[94] Vermögens- und Schuldenverwaltung","[942] Liegenschaften des Finanzvermögens","9","94","942","[3] Aufwand","[3] AUFWAND","[31] Sachaufwand","[314] Dienstleistungen Dritter für den baulichen Unterhalt","3","3","31","314","6892.40"
"494","Gals","2008","[2] BILDUNG","[21] Volksschule","[210] Primarstufe (1. - 6. Schuljahr)","2","21","210","[3] Aufwand","[3] AUFWAND","[31] Sachaufwand","[315] Dienstleistungen Dritter für den übrigen Unterhalt","3","3","31","315","596.75"
"494","Gals","2008","[6] VERKEHR","[62] Gemeindestrassen","[620] Gemeindestrassennetz","6","62","620","[3] Aufwand","[3] AUFWAND","[31] Sachaufwand","[316] Mieten, Pachten, Benützungskosten","3","3","31","316","1700.00"
"494","Gals","2008","[0] ALLGEMEINE VERWALTUNG","[01] Legislative und Exekutive","[011] Legislative","0","1","11","[3] Aufwand","[3] AUFWAND","[31] Sachaufwand","[317] Spesenentschädigungen","3","3","31","317","858.55"
"494","Gals","2008","[0] ALLGEMEINE VERWALTUNG","[02] Allgemeine Verwaltung","[029] Allgemeine Verwaltung","0","2","29","[3] Aufwand","[3] AUFWAND","[31] Sachaufwand","[318] Dienstleistungen und Honorare, allg. Verwaltungsaufwand","3","3","31","318","106138.15"
"494","Gals","2008","[1] OEFFENTLICHE SICHERHEIT","[10] Rechtsaufsicht","[100] Mass und Gewicht","1","10","100","[3] Aufwand","[3] AUFWAND","[31] Sachaufwand","[318] Dienstleistungen und Honorare, allg. Verwaltungsaufwand","3","3","31","318","23483.75"
"494","Gals","2008","[1] OEFFENTLICHE SICHERHEIT","[15] Militärische Landesverteidigung","[151] Militär","1","15","151","[3] Aufwand","[3] AUFWAND","[31] Sachaufwand","[318] Dienstleistungen und Honorare, allg. Verwaltungsaufwand","3","3","31","318","257.25"
"494","Gals","2008","[1] OEFFENTLICHE SICHERHEIT","[16] Zivile Landesverteidigung","[160] Zivilschutz","1","16","160","[3] Aufwand","[3] AUFWAND","[31] Sachaufwand","[318] Dienstleistungen und Honorare, allg. Verwaltungsaufwand","3","3","31","318","870.00"
"494","Gals","2008","[2] BILDUNG","[21] Volksschule","[210] Primarstufe (1. - 6. Schuljahr)","2","21","210","[3] Aufwand","[3] AUFWAND","[31] Sachaufwand","[318] Dienstleistungen und Honorare, allg. Verwaltungsaufwand","3","3","31","318","2129.95"
"494","Gals","2008","[3] KULTUR UND FREIZEIT","[30] Kulturförderung","[309] Uebrige Kulturförderung","3","30","309","[3] Aufwand","[3] AUFWAND","[31] Sachaufwand","[318] Dienstleistungen und Honorare, allg. Verwaltungsaufwand","3","3","31","318","1591.25"
"494","Gals","2008","[4] GESUNDHEIT","[46] Schulgesundheitsdienst","[461] Schulzahnärztliche Pflege","4","46","461","[3] Aufwand","[3] AUFWAND","[31] Sachaufwand","[318] Dienstleistungen und Honorare, allg. Verwaltungsaufwand","3","3","31","318","1136.00"
"494","Gals","2008","[6] VERKEHR","[62] Gemeindestrassen","[620] Gemeindestrassennetz","6","62","620","[3] Aufwand","[3] AUFWAND","[31] Sachaufwand","[318] Dienstleistungen und Honorare, allg. Verwaltungsaufwand","3","3","31","318","2084.50"
"494","Gals","2008","[7] UMWELT UND RAUMORDNUNG","[74] Friedhof und Bestattung","[740] Friedhof und Bestattung","7","74","740","[3] Aufwand","[3] AUFWAND","[31] Sachaufwand","[318] Dienstleistungen und Honorare, allg. Verwaltungsaufwand","3","3","31","318","253.50"
"494","Gals","2008","[7] UMWELT UND RAUMORDNUNG","[79] Raumordnung","[790] Raumplanung","7","79","790","[3] Aufwand","[3] AUFWAND","[31] Sachaufwand","[318] Dienstleistungen und Honorare, allg. Verwaltungsaufwand","3","3","31","318","6439.20"
"494","Gals","2008","[8] VOLKSWIRTSCHAFT","[81] Forstwirtschaft","[810] Forstverwaltung","8","81","810","[3] Aufwand","[3] AUFWAND","[31] Sachaufwand","[319] Uebriger Sachaufwand","3","3","31","319","130.00"
"494","Gals","2008","[9] FINANZEN UND STEUERN","[94] Vermögens- und Schuldenverwaltung","[940] Zinsen","9","94","940","[3] Aufwand","[3] AUFWAND","[32] Passivzinsen","[321] Kurzfristige Schulden","3","3","32","321","4834.65"
"494","Gals","2008","[1] OEFFENTLICHE SICHERHEIT","[14] Wehrdienste","[140] Wehrdienste","1","14","140","[3] Aufwand","[3] AUFWAND","[33] Abschreibungen","[330] Finanzvermögen","3","3","33","330","707.40"
"494","Gals","2008","[9] FINANZEN UND STEUERN","[90] Steuern","[903] Steuerabschreibungen","9","90","903","[3] Aufwand","[3] AUFWAND","[33] Abschreibungen","[330] Finanzvermögen","3","3","33","330","15840.15"
"494","Gals","2008","[9] FINANZEN UND STEUERN","[99] Nicht aufgeteilte Posten","[990] Abschreibungen","9","99","990","[3] Aufwand","[3] AUFWAND","[33] Abschreibungen","[330] Finanzvermögen","3","3","33","330","6153.15"
"494","Gals","2008","[9] FINANZEN UND STEUERN","[99] Nicht aufgeteilte Posten","[990] Abschreibungen","9","99","990","[3] Aufwand","[3] AUFWAND","[33] Abschreibungen","[332] Verwaltungsvermögen - übrige Abschreibungen","3","3","33","332","200000.00"
"494","Gals","2008","[0] ALLGEMEINE VERWALTUNG","[02] Allgemeine Verwaltung","[029] Allgemeine Verwaltung","0","2","29","[3] Aufwand","[3] AUFWAND","[35] Entschädigungen an Gemeinwesen","[351] Kanton","3","3","35","351","12266.25"
"494","Gals","2008","[5] SOZIALE WOHLFAHRT","[58] Sozialhilfe","[587] Lastenausgleich","5","58","587","[3] Aufwand","[3] AUFWAND","[35] Entschädigungen an Gemeinwesen","[351] Kanton","3","3","35","351","272743.55"
"494","Gals","2008","[7] UMWELT UND RAUMORDNUNG","[78] Uebriger Umweltschutz","[781] Tierkörperbeseitigung","7","78","781","[3] Aufwand","[3] AUFWAND","[35] Entschädigungen an Gemeinwesen","[352] Gemeinden","3","3","35","352","3323.65"
"494","Gals","2008","[5] SOZIALE WOHLFAHRT","[50] Altersversicherung","[501] Gemeindeanteil am Beitrag des Kantons für die AHV","5","50","501","[3] Aufwand","[3] AUFWAND","[36] Eigene Beiträge","[361] Kanton","3","3","36","361","55484.00"
"494","Gals","2008","[5] SOZIALE WOHLFAHRT","[51] Invalidenversicherung","[510] Gemeindeanteil am Beitrag des Kantons für die IV","5","51","510","[3] Aufwand","[3] AUFWAND","[36] Eigene Beiträge","[361] Kanton","3","3","36","361","65151.00"
"494","Gals","2008","[7] UMWELT UND RAUMORDNUNG","[71] Abwasserentsorgung","[710] Abwasserentsorgung","7","71","710","[3] Aufwand","[3] AUFWAND","[36] Eigene Beiträge","[361] Kanton","3","3","36","361","9669.00"
"494","Gals","2008","[9] FINANZEN UND STEUERN","[94] Vermögens- und Schuldenverwaltung","[942] Liegenschaften des Finanzvermögens","9","94","942","[3] Aufwand","[3] AUFWAND","[36] Eigene Beiträge","[361] Kanton","3","3","36","361","11586.00"
"494","Gals","2008","[1] OEFFENTLICHE SICHERHEIT","[14] Wehrdienste","[140] Wehrdienste","1","14","140","[3] Aufwand","[3] AUFWAND","[36] Eigene Beiträge","[362] Gemeinden","3","3","36","362","47008.15"
"494","Gals","2008","[2] BILDUNG","[21] Volksschule","[214] Musikschulen","2","21","214","[3] Aufwand","[3] AUFWAND","[36] Eigene Beiträge","[362] Gemeinden","3","3","36","362","29606.40"
"494","Gals","2008","[5] SOZIALE WOHLFAHRT","[58] Sozialhilfe","[582] Weitere Wohlfahrts-, Vor- + Fürsorgeeinrichtungen","5","58","582","[3] Aufwand","[3] AUFWAND","[36] Eigene Beiträge","[362] Gemeinden","3","3","36","362","8920.20"
"494","Gals","2008","[7] UMWELT UND RAUMORDNUNG","[70] Wasserversorgung","[700] Wasserversorgung","7","70","700","[3] Aufwand","[3] AUFWAND","[36] Eigene Beiträge","[362] Gemeinden","3","3","36","362","98223.85"
"494","Gals","2008","[7] UMWELT UND RAUMORDNUNG","[71] Abwasserentsorgung","[710] Abwasserentsorgung","7","71","710","[3] Aufwand","[3] AUFWAND","[36] Eigene Beiträge","[362] Gemeinden","3","3","36","362","134020.30"
"494","Gals","2008","[8] VOLKSWIRTSCHAFT","[81] Forstwirtschaft","[815] Nebennutzungen","8","81","815","[3] Aufwand","[3] AUFWAND","[36] Eigene Beiträge","[362] Gemeinden","3","3","36","362","962.55"
"494","Gals","2008","[1] OEFFENTLICHE SICHERHEIT","[16] Zivile Landesverteidigung","[161] Uebrige zivile Landesverteidigung","1","16","161","[3] Aufwand","[3] AUFWAND","[36] Eigene Beiträge","[365] Private Institutionen","3","3","36","365","1800.00"
"494","Gals","2008","[3] KULTUR UND FREIZEIT","[33] Parkanlagen und Wanderwege","[330] Parkanlagen und Wanderwege","3","33","330","[3] Aufwand","[3] AUFWAND","[36] Eigene Beiträge","[365] Private Institutionen","3","3","36","365","215.10"
"494","Gals","2008","[5] SOZIALE WOHLFAHRT","[54] Jugendschutz","[540] Jugendschutz","5","54","540","[3] Aufwand","[3] AUFWAND","[36] Eigene Beiträge","[365] Private Institutionen","3","3","36","365","2040.15"
"494","Gals","2008","[8] VOLKSWIRTSCHAFT","[80] Landwirtschaft","[800] Landwirtschaft","8","80","800","[3] Aufwand","[3] AUFWAND","[36] Eigene Beiträge","[365] Private Institutionen","3","3","36","365","7425.65"
"494","Gals","2008","[3] KULTUR UND FREIZEIT","[32] Massenmedien","[321] Antennen- + Kabelanlagen","3","32","321","[3] Aufwand","[3] AUFWAND","[38] Einlagen in Spezialfinanzierungen","[380] Einlagen in Spezialfinanzierungen","3","3","38","380","20680.70"
"494","Gals","2008","[7] UMWELT UND RAUMORDNUNG","[70] Wasserversorgung","[700] Wasserversorgung","7","70","700","[3] Aufwand","[3] AUFWAND","[38] Einlagen in Spezialfinanzierungen","[380] Einlagen in Spezialfinanzierungen","3","3","38","380","38102.45"
"494","Gals","2008","[7] UMWELT UND RAUMORDNUNG","[71] Abwasserentsorgung","[710] Abwasserentsorgung","7","71","710","[3] Aufwand","[3] AUFWAND","[38] Einlagen in Spezialfinanzierungen","[380] Einlagen in Spezialfinanzierungen","3","3","38","380","54232.50"
"494","Gals","2008","[2] BILDUNG","[21] Volksschule","[217] Schulliegenschaften (Ki.garten sofern nicht zuteilbar, Prim + Sek 1)","2","21","217","[3] Aufwand","[3] AUFWAND","[39] Interne Verrechnungen","[390] Verrechneter Aufwand","3","3","39","390","3000.00"
"494","Gals","2008","[5] SOZIALE WOHLFAHRT","[50] Altersversicherung","[500] AHV-Zweigstelle","5","50","500","[3] Aufwand","[3] AUFWAND","[39] Interne Verrechnungen","[390] Verrechneter Aufwand","3","3","39","390","10000.00"
"494","Gals","2008","[6] VERKEHR","[62] Gemeindestrassen","[620] Gemeindestrassennetz","6","62","620","[3] Aufwand","[3] AUFWAND","[39] Interne Verrechnungen","[390] Verrechneter Aufwand","3","3","39","390","3000.00"
"494","Gals","2008","[7] UMWELT UND RAUMORDNUNG","[71] Abwasserentsorgung","[710] Abwasserentsorgung","7","71","710","[3] Aufwand","[3] AUFWAND","[39] Interne Verrechnungen","[390] Verrechneter Aufwand","3","3","39","390","3000.00"
"494","Gals","2008","[7] UMWELT UND RAUMORDNUNG","[72] Abfallentsorgung","[720] Abfallentsorgung","7","72","720","[3] Aufwand","[3] AUFWAND","[39] Interne Verrechnungen","[390] Verrechneter Aufwand","3","3","39","390","3195.15"
"494","Gals","2008","[9] FINANZEN UND STEUERN","[94] Vermögens- und Schuldenverwaltung","[942] Liegenschaften des Finanzvermögens","9","94","942","[3] Aufwand","[3] AUFWAND","[39] Interne Verrechnungen","[390] Verrechneter Aufwand","3","3","39","390","7000.00"
"494","Gals","2008","[7] UMWELT UND RAUMORDNUNG","[71] Abwasserentsorgung","[710] Abwasserentsorgung","7","71","710","[3] Aufwand","[3] AUFWAND","[39] Interne Verrechnungen","[391] Verrechnete Zinsen","3","3","39","391","22577.55"
"494","Gals","2008","[9] FINANZEN UND STEUERN","[90] Steuern","[900] Obligatorische periodische Steuern","9","90","900","[4] Ertrag","[4] ERTRAG","[40] Steuern","[400] Einkommens- und Vermögenssteuern","4","4","40","400","1300137.90"
"494","Gals","2008","[9] FINANZEN UND STEUERN","[90] Steuern","[904] Fakultative Steuern und Abgaben","9","90","904","[4] Ertrag","[4] ERTRAG","[40] Steuern","[406] Besitz- und Aufwandsteuern","4","4","40","406","4595.00"
"494","Gals","2008","[8] VOLKSWIRTSCHAFT","[86] Energie","[860] Elektrizität","8","86","860","[4] Ertrag","[4] ERTRAG","[41] Regalien und Konzessionen","[410] Erträge aus Regalien und Konzessionen","4","4","41","410","27668.00"
"494","Gals","2008","[9] FINANZEN UND STEUERN","[94] Vermögens- und Schuldenverwaltung","[940] Zinsen","9","94","940","[4] Ertrag","[4] ERTRAG","[42] Vermögenserträge","[421] Flüssige Mittel und Guthaben","4","4","42","421","8219.40"
"494","Gals","2008","[9] FINANZEN UND STEUERN","[94] Vermögens- und Schuldenverwaltung","[940] Zinsen","9","94","940","[4] Ertrag","[4] ERTRAG","[42] Vermögenserträge","[422] Anlagen des Finanzvermögens","4","4","42","422","4369.20"
"494","Gals","2008","[2] BILDUNG","[21] Volksschule","[217] Schulliegenschaften (Ki.garten sofern nicht zuteilbar, Prim + Sek 1)","2","21","217","[4] Ertrag","[4] ERTRAG","[42] Vermögenserträge","[427] Liegenschaften des Verwaltungsvermögens","4","4","42","427","13200.00"
"494","Gals","2008","[7] UMWELT UND RAUMORDNUNG","[70] Wasserversorgung","[700] Wasserversorgung","7","70","700","[4] Ertrag","[4] ERTRAG","[42] Vermögenserträge","[428] Einnahmeüberschuss der Investitionsrechnung","4","4","42","428","29887.70"
"494","Gals","2008","[1] OEFFENTLICHE SICHERHEIT","[14] Wehrdienste","[140] Wehrdienste","1","14","140","[4] Ertrag","[4] ERTRAG","[43] Entgelte","[430] Ersatzabgaben","4","4","43","430","47715.55"
"494","Gals","2008","[1] OEFFENTLICHE SICHERHEIT","[10] Rechtsaufsicht","[101] Uebrige Rechtspflege","1","10","101","[4] Ertrag","[4] ERTRAG","[43] Entgelte","[431] Gebühren für Amtshandlungen","4","4","43","431","64779.75"
"494","Gals","2008","[6] VERKEHR","[65] Regionalverkehr","[650] Regionalverkehrsbetriebe","6","65","650","[4] Ertrag","[4] ERTRAG","[43] Entgelte","[431] Gebühren für Amtshandlungen","4","4","43","431","623.00"
"494","Gals","2008","[7] UMWELT UND RAUMORDNUNG","[74] Friedhof und Bestattung","[740] Friedhof und Bestattung","7","74","740","[4] Ertrag","[4] ERTRAG","[43] Entgelte","[434] Andere Benützungsgebühren und Dienstleistungen","4","4","43","434","700.00"
"494","Gals","2008","[0] ALLGEMEINE VERWALTUNG","[09] Nicht aufteilbare Aufgaben","[090] Verwaltungsliegenschaften","0","9","90","[4] Ertrag","[4] ERTRAG","[43] Entgelte","[436] Rückerstattungen","4","4","43","436","16998.10"
"494","Gals","2008","[7] UMWELT UND RAUMORDNUNG","[70] Wasserversorgung","[700] Wasserversorgung","7","70","700","[4] Ertrag","[4] ERTRAG","[43] Entgelte","[436] Rückerstattungen","4","4","43","436","2381.50"
"494","Gals","2008","[7] UMWELT UND RAUMORDNUNG","[71] Abwasserentsorgung","[710] Abwasserentsorgung","7","71","710","[4] Ertrag","[4] ERTRAG","[43] Entgelte","[436] Rückerstattungen","4","4","43","436","99.75"
"494","Gals","2008","[9] FINANZEN UND STEUERN","[92] Finanzausgleich","[920] Finanzausgleich","9","92","920","[4] Ertrag","[4] ERTRAG","[44] Anteile und Beiträge ohne Zweckbindungen","[444] Leistungen aus dem Finanzausgleich","4","4","44","444","127859.00"
"494","Gals","2008","[0] ALLGEMEINE VERWALTUNG","[02] Allgemeine Verwaltung","[029] Allgemeine Verwaltung","0","2","29","[4] Ertrag","[4] ERTRAG","[45] Rückerstattungen von Gemeinwesen","[451] Kanton","4","4","45","451","674.00"
"494","Gals","2008","[5] SOZIALE WOHLFAHRT","[58] Sozialhilfe","[583] Asylwesen","5","58","583","[4] Ertrag","[4] ERTRAG","[45] Rückerstattungen von Gemeinwesen","[451] Kanton","4","4","45","451","118.55"
"494","Gals","2008","[6] VERKEHR","[62] Gemeindestrassen","[620] Gemeindestrassennetz","6","62","620","[4] Ertrag","[4] ERTRAG","[45] Rückerstattungen von Gemeinwesen","[451] Kanton","4","4","45","451","56198.95"
"494","Gals","2008","[3] KULTUR UND FREIZEIT","[35] Uebrige Freizeitgestaltung","[350] Uebrige Freizeitgestaltung","3","35","350","[4] Ertrag","[4] ERTRAG","[45] Rückerstattungen von Gemeinwesen","[452] Gemeinden","4","4","45","452","3012.35"
"494","Gals","2008","[1] OEFFENTLICHE SICHERHEIT","[16] Zivile Landesverteidigung","[160] Zivilschutz","1","16","160","[4] Ertrag","[4] ERTRAG","[46] Beiträge","[461] Kanton","4","4","46","461","700.00"
"494","Gals","2008","[8] VOLKSWIRTSCHAFT","[81] Forstwirtschaft","[811] Kulturen, Pflegemassnahmen","8","81","811","[4] Ertrag","[4] ERTRAG","[46] Beiträge","[461] Kanton","4","4","46","461","560.00"
"494","Gals","2008","[7] UMWELT UND RAUMORDNUNG","[71] Abwasserentsorgung","[710] Abwasserentsorgung","7","71","710","[4] Ertrag","[4] ERTRAG","[48] Entnahmen aus Spezialfinanzierungen","[480] Entnahmen aus Spezialfinanzierungen","4","4","48","480","42843.00"
"494","Gals","2008","[7] UMWELT UND RAUMORDNUNG","[72] Abfallentsorgung","[720] Abfallentsorgung","7","72","720","[4] Ertrag","[4] ERTRAG","[48] Entnahmen aus Spezialfinanzierungen","[480] Entnahmen aus Spezialfinanzierungen","4","4","48","480","2836.50"
"494","Gals","2008","[7] UMWELT UND RAUMORDNUNG","[78] Uebriger Umweltschutz","[781] Tierkörperbeseitigung","7","78","781","[4] Ertrag","[4] ERTRAG","[49] Interne Verrechnungen","[490] Verrechneter Aufwand","4","4","49","490","3195.15"
"494","Gals","2008","[3] KULTUR UND FREIZEIT","[32] Massenmedien","[321] Antennen- + Kabelanlagen","3","32","321","[4] Ertrag","[4] ERTRAG","[49] Interne Verrechnungen","[491] Verrechnete Zinsen","4","4","49","491","4041.35"
"494","Gals","2008","[7] UMWELT UND RAUMORDNUNG","[70] Wasserversorgung","[700] Wasserversorgung","7","70","700","[4] Ertrag","[4] ERTRAG","[49] Interne Verrechnungen","[491] Verrechnete Zinsen","4","4","49","491","17510.05"
"494","Gals","2009","[9] FINANZEN UND STEUERN","[99] Nicht aufgeteilte Posten","[990] Abschreibungen","9","99","990","[3] Aufwand","[3] AUFWAND","[33] Abschreibungen","[330] Finanzvermögen","3","3","33","330","561.60"
"494","Gals","2009","[9] FINANZEN UND STEUERN","[99] Nicht aufgeteilte Posten","[990] Abschreibungen","9","99","990","[3] Aufwand","[3] AUFWAND","[33] Abschreibungen","[332] Verwaltungsvermögen - übrige Abschreibungen","3","3","33","332","100000.00"
"494","Gals","2009","[5] SOZIALE WOHLFAHRT","[58] Sozialhilfe","[587] Lastenausgleich","5","58","587","[3] Aufwand","[3] AUFWAND","[35] Entschädigungen an Gemeinwesen","[351] Kanton","3","3","35","351","268926.35"
"494","Gals","2009","[2] BILDUNG","[20] Kindergarten","[200] Kindergarten","2","20","200","[3] Aufwand","[3] AUFWAND","[35] Entschädigungen an Gemeinwesen","[352] Gemeinden","3","3","35","352","26439.95"
"494","Gals","2009","[7] UMWELT UND RAUMORDNUNG","[78] Uebriger Umweltschutz","[781] Tierkörperbeseitigung","7","78","781","[3] Aufwand","[3] AUFWAND","[35] Entschädigungen an Gemeinwesen","[352] Gemeinden","3","3","35","352","4309.60"
"494","Gals","2009","[7] UMWELT UND RAUMORDNUNG","[71] Abwasserentsorgung","[710] Abwasserentsorgung","7","71","710","[3] Aufwand","[3] AUFWAND","[36] Eigene Beiträge","[361] Kanton","3","3","36","361","9669.00"
"494","Gals","2009","[9] FINANZEN UND STEUERN","[94] Vermögens- und Schuldenverwaltung","[942] Liegenschaften des Finanzvermögens","9","94","942","[3] Aufwand","[3] AUFWAND","[36] Eigene Beiträge","[361] Kanton","3","3","36","361","11586.00"
"494","Gals","2009","[2] BILDUNG","[21] Volksschule","[214] Musikschulen","2","21","214","[3] Aufwand","[3] AUFWAND","[36] Eigene Beiträge","[362] Gemeinden","3","3","36","362","23667.35"
"494","Gals","2009","[7] UMWELT UND RAUMORDNUNG","[70] Wasserversorgung","[700] Wasserversorgung","7","70","700","[3] Aufwand","[3] AUFWAND","[36] Eigene Beiträge","[362] Gemeinden","3","3","36","362","129894.80"
"494","Gals","2009","[8] VOLKSWIRTSCHAFT","[81] Forstwirtschaft","[815] Nebennutzungen","8","81","815","[3] Aufwand","[3] AUFWAND","[36] Eigene Beiträge","[362] Gemeinden","3","3","36","362","871.95"
"494","Gals","2009","[1] OEFFENTLICHE SICHERHEIT","[16] Zivile Landesverteidigung","[161] Uebrige zivile Landesverteidigung","1","16","161","[3] Aufwand","[3] AUFWAND","[36] Eigene Beiträge","[365] Private Institutionen","3","3","36","365","1800.00"
"494","Gals","2009","[3] KULTUR UND FREIZEIT","[33] Parkanlagen und Wanderwege","[330] Parkanlagen und Wanderwege","3","33","330","[3] Aufwand","[3] AUFWAND","[36] Eigene Beiträge","[365] Private Institutionen","3","3","36","365","142.80"
"494","Gals","2009","[5] SOZIALE WOHLFAHRT","[54] Jugendschutz","[540] Jugendschutz","5","54","540","[3] Aufwand","[3] AUFWAND","[36] Eigene Beiträge","[365] Private Institutionen","3","3","36","365","1999.25"
"494","Gals","2009","[8] VOLKSWIRTSCHAFT","[80] Landwirtschaft","[800] Landwirtschaft","8","80","800","[3] Aufwand","[3] AUFWAND","[36] Eigene Beiträge","[365] Private Institutionen","3","3","36","365","5085.65"
"494","Gals","2009","[3] KULTUR UND FREIZEIT","[32] Massenmedien","[321] Antennen- + Kabelanlagen","3","32","321","[3] Aufwand","[3] AUFWAND","[38] Einlagen in Spezialfinanzierungen","[380] Einlagen in Spezialfinanzierungen","3","3","38","380","18587.92"
"494","Gals","2009","[7] UMWELT UND RAUMORDNUNG","[70] Wasserversorgung","[700] Wasserversorgung","7","70","700","[3] Aufwand","[3] AUFWAND","[38] Einlagen in Spezialfinanzierungen","[380] Einlagen in Spezialfinanzierungen","3","3","38","380","25278.70"
"494","Gals","2009","[7] UMWELT UND RAUMORDNUNG","[71] Abwasserentsorgung","[710] Abwasserentsorgung","7","71","710","[3] Aufwand","[3] AUFWAND","[38] Einlagen in Spezialfinanzierungen","[380] Einlagen in Spezialfinanzierungen","3","3","38","380","149395.85"
"494","Gals","2009","[2] BILDUNG","[21] Volksschule","[217] Schulliegenschaften (Ki.garten sofern nicht zuteilbar, Prim + Sek 1)","2","21","217","[3] Aufwand","[3] AUFWAND","[39] Interne Verrechnungen","[390] Verrechneter Aufwand","3","3","39","390","3000.00"
"494","Gals","2009","[5] SOZIALE WOHLFAHRT","[50] Altersversicherung","[500] AHV-Zweigstelle","5","50","500","[3] Aufwand","[3] AUFWAND","[39] Interne Verrechnungen","[390] Verrechneter Aufwand","3","3","39","390","10000.00"
"494","Gals","2009","[6] VERKEHR","[62] Gemeindestrassen","[620] Gemeindestrassennetz","6","62","620","[3] Aufwand","[3] AUFWAND","[39] Interne Verrechnungen","[390] Verrechneter Aufwand","3","3","39","390","3000.00"
"494","Gals","2009","[7] UMWELT UND RAUMORDNUNG","[71] Abwasserentsorgung","[710] Abwasserentsorgung","7","71","710","[3] Aufwand","[3] AUFWAND","[39] Interne Verrechnungen","[390] Verrechneter Aufwand","3","3","39","390","3000.00"
"494","Gals","2009","[7] UMWELT UND RAUMORDNUNG","[72] Abfallentsorgung","[720] Abfallentsorgung","7","72","720","[3] Aufwand","[3] AUFWAND","[39] Interne Verrechnungen","[390] Verrechneter Aufwand","3","3","39","390","2498.90"
"494","Gals","2009","[9] FINANZEN UND STEUERN","[94] Vermögens- und Schuldenverwaltung","[942] Liegenschaften des Finanzvermögens","9","94","942","[3] Aufwand","[3] AUFWAND","[39] Interne Verrechnungen","[390] Verrechneter Aufwand","3","3","39","390","7000.00"
"494","Gals","2009","[7] UMWELT UND RAUMORDNUNG","[71] Abwasserentsorgung","[710] Abwasserentsorgung","7","71","710","[3] Aufwand","[3] AUFWAND","[39] Interne Verrechnungen","[391] Verrechnete Zinsen","3","3","39","391","20857.25"
"494","Gals","2009","[9] FINANZEN UND STEUERN","[90] Steuern","[902] Liegenschaftssteuern","9","90","902","[4] Ertrag","[4] ERTRAG","[40] Steuern","[402] Liegenschaftssteuern","4","4","40","402","165498.30"
"494","Gals","2009","[9] FINANZEN UND STEUERN","[90] Steuern","[901] Obligatorische aperiodische Steuern","9","90","901","[4] Ertrag","[4] ERTRAG","[40] Steuern","[403] Vermögensgewinnsteuern","4","4","40","403","28297.50"
"494","Gals","2009","[9] FINANZEN UND STEUERN","[90] Steuern","[904] Fakultative Steuern und Abgaben","9","90","904","[4] Ertrag","[4] ERTRAG","[40] Steuern","[406] Besitz- und Aufwandsteuern","4","4","40","406","5000.00"
"494","Gals","2009","[8] VOLKSWIRTSCHAFT","[86] Energie","[860] Elektrizität","8","86","860","[4] Ertrag","[4] ERTRAG","[41] Regalien und Konzessionen","[410] Erträge aus Regalien und Konzessionen","4","4","41","410","28164.00"
"494","Gals","2009","[9] FINANZEN UND STEUERN","[94] Vermögens- und Schuldenverwaltung","[940] Zinsen","9","94","940","[4] Ertrag","[4] ERTRAG","[42] Vermögenserträge","[421] Flüssige Mittel und Guthaben","4","4","42","421","11220.55"
"494","Gals","2009","[9] FINANZEN UND STEUERN","[94] Vermögens- und Schuldenverwaltung","[940] Zinsen","9","94","940","[4] Ertrag","[4] ERTRAG","[42] Vermögenserträge","[422] Anlagen des Finanzvermögens","4","4","42","422","1996.95"
"494","Gals","2009","[2] BILDUNG","[21] Volksschule","[217] Schulliegenschaften (Ki.garten sofern nicht zuteilbar, Prim + Sek 1)","2","21","217","[4] Ertrag","[4] ERTRAG","[42] Vermögenserträge","[427] Liegenschaften des Verwaltungsvermögens","4","4","42","427","13200.00"
"494","Gals","2009","[3] KULTUR UND FREIZEIT","[32] Massenmedien","[321] Antennen- + Kabelanlagen","3","32","321","[4] Ertrag","[4] ERTRAG","[42] Vermögenserträge","[428] Einnahmeüberschuss der Investitionsrechnung","4","4","42","428","2975.30"
"494","Gals","2009","[7] UMWELT UND RAUMORDNUNG","[70] Wasserversorgung","[700] Wasserversorgung","7","70","700","[4] Ertrag","[4] ERTRAG","[42] Vermögenserträge","[428] Einnahmeüberschuss der Investitionsrechnung","4","4","42","428","56930.10"
"494","Gals","2009","[1] OEFFENTLICHE SICHERHEIT","[14] Wehrdienste","[140] Wehrdienste","1","14","140","[4] Ertrag","[4] ERTRAG","[43] Entgelte","[430] Ersatzabgaben","4","4","43","430","43328.10"
"494","Gals","2009","[1] OEFFENTLICHE SICHERHEIT","[16] Zivile Landesverteidigung","[160] Zivilschutz","1","16","160","[4] Ertrag","[4] ERTRAG","[43] Entgelte","[430] Ersatzabgaben","4","4","43","430","-2650.00"
"494","Gals","2009","[1] OEFFENTLICHE SICHERHEIT","[10] Rechtsaufsicht","[101] Uebrige Rechtspflege","1","10","101","[4] Ertrag","[4] ERTRAG","[43] Entgelte","[431] Gebühren für Amtshandlungen","4","4","43","431","31914.25"
"494","Gals","2009","[6] VERKEHR","[65] Regionalverkehr","[650] Regionalverkehrsbetriebe","6","65","650","[4] Ertrag","[4] ERTRAG","[43] Entgelte","[431] Gebühren für Amtshandlungen","4","4","43","431","712.00"
"494","Gals","2009","[7] UMWELT UND RAUMORDNUNG","[78] Uebriger Umweltschutz","[781] Tierkörperbeseitigung","7","78","781","[4] Ertrag","[4] ERTRAG","[43] Entgelte","[431] Gebühren für Amtshandlungen","4","4","43","431","1810.70"
"494","Gals","2009","[7] UMWELT UND RAUMORDNUNG","[78] Uebriger Umweltschutz","[789] Uebrige Immissionen","7","78","789","[4] Ertrag","[4] ERTRAG","[43] Entgelte","[431] Gebühren für Amtshandlungen","4","4","43","431","2795.10"
"494","Gals","2009","[7] UMWELT UND RAUMORDNUNG","[74] Friedhof und Bestattung","[740] Friedhof und Bestattung","7","74","740","[4] Ertrag","[4] ERTRAG","[43] Entgelte","[434] Andere Benützungsgebühren und Dienstleistungen","4","4","43","434","200.00"
"494","Gals","2009","[0] ALLGEMEINE VERWALTUNG","[02] Allgemeine Verwaltung","[029] Allgemeine Verwaltung","0","2","29","[4] Ertrag","[4] ERTRAG","[43] Entgelte","[435] Uebrige Verkaufserlöse","4","4","43","435","5.00"
"494","Gals","2009","[7] UMWELT UND RAUMORDNUNG","[70] Wasserversorgung","[700] Wasserversorgung","7","70","700","[4] Ertrag","[4] ERTRAG","[43] Entgelte","[436] Rückerstattungen","4","4","43","436","1600.00"
"494","Gals","2009","[7] UMWELT UND RAUMORDNUNG","[71] Abwasserentsorgung","[710] Abwasserentsorgung","7","71","710","[4] Ertrag","[4] ERTRAG","[43] Entgelte","[436] Rückerstattungen","4","4","43","436","77352.65"
"494","Gals","2009","[8] VOLKSWIRTSCHAFT","[81] Forstwirtschaft","[810] Forstverwaltung","8","81","810","[4] Ertrag","[4] ERTRAG","[43] Entgelte","[436] Rückerstattungen","4","4","43","436","45.70"
"494","Gals","2009","[9] FINANZEN UND STEUERN","[93] Anteile an kantonalen Steuern und Abgaben","[930] Anteile an kantonalen Steuern und Abgaben","9","93","930","[4] Ertrag","[4] ERTRAG","[44] Anteile und Beiträge ohne Zweckbindungen","[441] Anteile an Kantonseinnahmen","4","4","44","441","17644.30"
"494","Gals","2009","[9] FINANZEN UND STEUERN","[92] Finanzausgleich","[920] Finanzausgleich","9","92","920","[4] Ertrag","[4] ERTRAG","[44] Anteile und Beiträge ohne Zweckbindungen","[444] Leistungen aus dem Finanzausgleich","4","4","44","444","131609.00"
"494","Gals","2009","[0] ALLGEMEINE VERWALTUNG","[02] Allgemeine Verwaltung","[029] Allgemeine Verwaltung","0","2","29","[4] Ertrag","[4] ERTRAG","[45] Rückerstattungen von Gemeinwesen","[451] Kanton","4","4","45","451","670.00"
"494","Gals","2009","[5] SOZIALE WOHLFAHRT","[50] Altersversicherung","[500] AHV-Zweigstelle","5","50","500","[4] Ertrag","[4] ERTRAG","[45] Rückerstattungen von Gemeinwesen","[451] Kanton","4","4","45","451","2781.35"
"494","Gals","2009","[6] VERKEHR","[62] Gemeindestrassen","[620] Gemeindestrassennetz","6","62","620","[4] Ertrag","[4] ERTRAG","[45] Rückerstattungen von Gemeinwesen","[451] Kanton","4","4","45","451","51365.60"
"494","Gals","2009","[1] OEFFENTLICHE SICHERHEIT","[16] Zivile Landesverteidigung","[160] Zivilschutz","1","16","160","[4] Ertrag","[4] ERTRAG","[46] Beiträge","[461] Kanton","4","4","46","461","700.00"
"494","Gals","2009","[8] VOLKSWIRTSCHAFT","[81] Forstwirtschaft","[811] Kulturen, Pflegemassnahmen","8","81","811","[4] Ertrag","[4] ERTRAG","[46] Beiträge","[461] Kanton","4","4","46","461","14347.00"
"494","Gals","2009","[7] UMWELT UND RAUMORDNUNG","[71] Abwasserentsorgung","[710] Abwasserentsorgung","7","71","710","[4] Ertrag","[4] ERTRAG","[48] Entnahmen aus Spezialfinanzierungen","[480] Entnahmen aus Spezialfinanzierungen","4","4","48","480","42843.00"
"494","Gals","2009","[7] UMWELT UND RAUMORDNUNG","[72] Abfallentsorgung","[720] Abfallentsorgung","7","72","720","[4] Ertrag","[4] ERTRAG","[48] Entnahmen aus Spezialfinanzierungen","[480] Entnahmen aus Spezialfinanzierungen","4","4","48","480","2830.55"
"494","Gals","2009","[0] ALLGEMEINE VERWALTUNG","[02] Allgemeine Verwaltung","[029] Allgemeine Verwaltung","0","2","29","[4] Ertrag","[4] ERTRAG","[49] Interne Verrechnungen","[490] Verrechneter Aufwand","4","4","49","490","35000.00"
"494","Gals","2009","[7] UMWELT UND RAUMORDNUNG","[78] Uebriger Umweltschutz","[781] Tierkörperbeseitigung","7","78","781","[4] Ertrag","[4] ERTRAG","[49] Interne Verrechnungen","[490] Verrechneter Aufwand","4","4","49","490","2498.90"
"494","Gals","2009","[3] KULTUR UND FREIZEIT","[32] Massenmedien","[321] Antennen- + Kabelanlagen","3","32","321","[4] Ertrag","[4] ERTRAG","[49] Interne Verrechnungen","[491] Verrechnete Zinsen","4","4","49","491","4454.65"
"494","Gals","2009","[7] UMWELT UND RAUMORDNUNG","[70] Wasserversorgung","[700] Wasserversorgung","7","70","700","[4] Ertrag","[4] ERTRAG","[49] Interne Verrechnungen","[491] Verrechnete Zinsen","4","4","49","491","18272.10"
"494","Gals","2009","[7] UMWELT UND RAUMORDNUNG","[72] Abfallentsorgung","[720] Abfallentsorgung","7","72","720","[4] Ertrag","[4] ERTRAG","[49] Interne Verrechnungen","[491] Verrechnete Zinsen","4","4","49","491","2894.90"
"494","Gals","2009","[9] FINANZEN UND STEUERN","[94] Vermögens- und Schuldenverwaltung","[940] Zinsen","9","94","940","[4] Ertrag","[4] ERTRAG","[49] Interne Verrechnungen","[491] Verrechnete Zinsen","4","4","49","491","20857.25"
"494","Gals","2009","[6] VERKEHR","[62] Gemeindestrassen","[620] Gemeindestrassennetz","6","62","620","[5] Ausgaben","[5] Ausgaben","[50] Sachgüter","[501] Tiefbauten","5","5","50","501","189436.75"
"494","Gals","2009","[9] FINANZEN UND STEUERN","[94] Vermögens- und Schuldenverwaltung","[942] Liegenschaften des Finanzvermögens","9","94","942","[5] Ausgaben","[5] Ausgaben","[50] Sachgüter","[501] Tiefbauten","5","5","50","501","49123.30"
"494","Gals","2009","[9] FINANZEN UND STEUERN","[99] Nicht aufgeteilte Posten","[999] Abschluss","9","99","999","[5] Ausgaben","[5] Ausgaben","[59] Passivierungen","[590] Passivierte Einnahmen","5","5","59","590","84224.45"
"494","Gals","2009","[3] KULTUR UND FREIZEIT","[32] Massenmedien","[321] Antennen- + Kabelanlagen","3","32","321","[6] Einnahmen","[6] Einnahmen","[61] Nutzungsabgaben und Vorteilsentgelte","[610] Beiträge Dritter für eigene Rechnung","6","6","61","610","3900.00"
"494","Gals","2009","[6] VERKEHR","[62] Gemeindestrassen","[620] Gemeindestrassennetz","6","62","620","[6] Einnahmen","[6] Einnahmen","[61] Nutzungsabgaben und Vorteilsentgelte","[610] Beiträge Dritter für eigene Rechnung","6","6","61","610","43443.50"
"494","Gals","2009","[7] UMWELT UND RAUMORDNUNG","[71] Abwasserentsorgung","[710] Abwasserentsorgung","7","71","710","[6] Einnahmen","[6] Einnahmen","[61] Nutzungsabgaben und Vorteilsentgelte","[610] Beiträge Dritter für eigene Rechnung","6","6","61","610","34856.25"
"494","Gals","2009","[9] FINANZEN UND STEUERN","[94] Vermögens- und Schuldenverwaltung","[942] Liegenschaften des Finanzvermögens","9","94","942","[6] Einnahmen","[6] Einnahmen","[66] Beiträge für eigene Rechnung","[669] Uebrige Beiträge für eigene Rechnung","6","6","66","669","5000.00"
"494","Gals","2010","[2] BILDUNG","[21] Volksschule","[210] Primarstufe (1. - 6. Schuljahr)","2","21","210","[3] Aufwand","[3] AUFWAND","[30] Personalaufwand","[300] Personalaufwand der Behörden und Kommissionen","3","3","30","300","4210.00"
"494","Gals","2010","[0] ALLGEMEINE VERWALTUNG","[02] Allgemeine Verwaltung","[029] Allgemeine Verwaltung","0","2","29","[3] Aufwand","[3] AUFWAND","[30] Personalaufwand","[301] Löhne des Verwaltungs- + Betriebspersonals","3","3","30","301","89009.55"
"494","Gals","2010","[1] OEFFENTLICHE SICHERHEIT","[16] Zivile Landesverteidigung","[160] Zivilschutz","1","16","160","[3] Aufwand","[3] AUFWAND","[30] Personalaufwand","[301] Löhne des Verwaltungs- + Betriebspersonals","3","3","30","301","1634.20"
"494","Gals","2010","[2] BILDUNG","[21] Volksschule","[217] Schulliegenschaften (Ki.garten sofern nicht zuteilbar, Prim + Sek 1)","2","21","217","[3] Aufwand","[3] AUFWAND","[30] Personalaufwand","[301] Löhne des Verwaltungs- + Betriebspersonals","3","3","30","301","44989.75"
"494","Gals","2010","[6] VERKEHR","[62] Gemeindestrassen","[620] Gemeindestrassennetz","6","62","620","[3] Aufwand","[3] AUFWAND","[30] Personalaufwand","[301] Löhne des Verwaltungs- + Betriebspersonals","3","3","30","301","28440.10"
"494","Gals","2010","[7] UMWELT UND RAUMORDNUNG","[72] Abfallentsorgung","[720] Abfallentsorgung","7","72","720","[3] Aufwand","[3] AUFWAND","[30] Personalaufwand","[301] Löhne des Verwaltungs- + Betriebspersonals","3","3","30","301","8885.05"
"494","Gals","2010","[7] UMWELT UND RAUMORDNUNG","[74] Friedhof und Bestattung","[740] Friedhof und Bestattung","7","74","740","[3] Aufwand","[3] AUFWAND","[30] Personalaufwand","[301] Löhne des Verwaltungs- + Betriebspersonals","3","3","30","301","12358.50"
"494","Gals","2010","[8] VOLKSWIRTSCHAFT","[81] Forstwirtschaft","[813] Strassen- und Wegunterhalt","8","81","813","[3] Aufwand","[3] AUFWAND","[30] Personalaufwand","[301] Löhne des Verwaltungs- + Betriebspersonals","3","3","30","301","1739.95"
"494","Gals","2010","[0] ALLGEMEINE VERWALTUNG","[01] Legislative und Exekutive","[012] Exekutive","0","1","12","[3] Aufwand","[3] AUFWAND","[30] Personalaufwand","[303] Sozialversicherungsbeiträge","3","3","30","303","254.80"
"494","Gals","2010","[1] OEFFENTLICHE SICHERHEIT","[11] Polizei","[113] Gemeindepolizei","1","11","113","[3] Aufwand","[3] AUFWAND","[30] Personalaufwand","[303] Sozialversicherungsbeiträge","3","3","30","303","680.95"
"494","Gals","2010","[1] OEFFENTLICHE SICHERHEIT","[16] Zivile Landesverteidigung","[160] Zivilschutz","1","16","160","[3] Aufwand","[3] AUFWAND","[30] Personalaufwand","[303] Sozialversicherungsbeiträge","3","3","30","303","46.70"
"494","Gals","2010","[7] UMWELT UND RAUMORDNUNG","[74] Friedhof und Bestattung","[740] Friedhof und Bestattung","7","74","740","[3] Aufwand","[3] AUFWAND","[30] Personalaufwand","[303] Sozialversicherungsbeiträge","3","3","30","303","541.00"
"494","Gals","2010","[8] VOLKSWIRTSCHAFT","[80] Landwirtschaft","[800] Landwirtschaft","8","80","800","[3] Aufwand","[3] AUFWAND","[30] Personalaufwand","[303] Sozialversicherungsbeiträge","3","3","30","303","77.45"
"494","Gals","2010","[8] VOLKSWIRTSCHAFT","[81] Forstwirtschaft","[812] Holzernte","8","81","812","[3] Aufwand","[3] AUFWAND","[30] Personalaufwand","[303] Sozialversicherungsbeiträge","3","3","30","303","36.60"
"494","Gals","2010","[0] ALLGEMEINE VERWALTUNG","[02] Allgemeine Verwaltung","[029] Allgemeine Verwaltung","0","2","29","[3] Aufwand","[3] AUFWAND","[30] Personalaufwand","[304] Personalversicherungsbeiträge","3","3","30","304","15117.75"
"494","Gals","2010","[2] BILDUNG","[21] Volksschule","[217] Schulliegenschaften (Ki.garten sofern nicht zuteilbar, Prim + Sek 1)","2","21","217","[3] Aufwand","[3] AUFWAND","[30] Personalaufwand","[304] Personalversicherungsbeiträge","3","3","30","304","2243.65"
"494","Gals","2010","[6] VERKEHR","[62] Gemeindestrassen","[620] Gemeindestrassennetz","6","62","620","[3] Aufwand","[3] AUFWAND","[30] Personalaufwand","[304] Personalversicherungsbeiträge","3","3","30","304","1913.70"
"494","Gals","2010","[0] ALLGEMEINE VERWALTUNG","[09] Nicht aufteilbare Aufgaben","[090] Verwaltungsliegenschaften","0","9","90","[3] Aufwand","[3] AUFWAND","[30] Personalaufwand","[305] Unfall- und Krankenversicherungsbeiträge","3","3","30","305","550.55"
"494","Gals","2010","[1] OEFFENTLICHE SICHERHEIT","[16] Zivile Landesverteidigung","[160] Zivilschutz","1","16","160","[3] Aufwand","[3] AUFWAND","[30] Personalaufwand","[309] Uebriger Personalaufwand","3","3","30","309","91.00"
"494","Gals","2010","[2] BILDUNG","[21] Volksschule","[210] Primarstufe (1. - 6. Schuljahr)","2","21","210","[3] Aufwand","[3] AUFWAND","[30] Personalaufwand","[309] Uebriger Personalaufwand","3","3","30","309","180.00"
"494","Gals","2010","[2] BILDUNG","[21] Volksschule","[217] Schulliegenschaften (Ki.garten sofern nicht zuteilbar, Prim + Sek 1)","2","21","217","[3] Aufwand","[3] AUFWAND","[30] Personalaufwand","[309] Uebriger Personalaufwand","3","3","30","309","741.00"
"494","Gals","2010","[0] ALLGEMEINE VERWALTUNG","[01] Legislative und Exekutive","[011] Legislative","0","1","11","[3] Aufwand","[3] AUFWAND","[31] Sachaufwand","[310] Büro- und Schulmaterialien, Drucksachen","3","3","31","310","3651.65"
"494","Gals","2010","[2] BILDUNG","[21] Volksschule","[219] Nicht Aufteilbares, Volksschule, Tagesschule","2","21","219","[3] Aufwand","[3] AUFWAND","[31] Sachaufwand","[310] Büro- und Schulmaterialien, Drucksachen","3","3","31","310","2708.35"
"494","Gals","2010","[2] BILDUNG","[21] Volksschule","[210] Primarstufe (1. - 6. Schuljahr)","2","21","210","[3] Aufwand","[3] AUFWAND","[31] Sachaufwand","[311] Anschaffung Mobilien, Maschinen, Fahrzeuge","3","3","31","311","6754.50"
"494","Gals","2010","[1] OEFFENTLICHE SICHERHEIT","[16] Zivile Landesverteidigung","[160] Zivilschutz","1","16","160","[3] Aufwand","[3] AUFWAND","[31] Sachaufwand","[312] Wasser, Energie, Heizmaterialien","3","3","31","312","2640.35"
"494","Gals","2010","[2] BILDUNG","[21] Volksschule","[217] Schulliegenschaften (Ki.garten sofern nicht zuteilbar, Prim + Sek 1)","2","21","217","[3] Aufwand","[3] AUFWAND","[31] Sachaufwand","[312] Wasser, Energie, Heizmaterialien","3","3","31","312","16681.80"
"494","Gals","2010","[3] KULTUR UND FREIZEIT","[32] Massenmedien","[321] Antennen- + Kabelanlagen","3","32","321","[3] Aufwand","[3] AUFWAND","[31] Sachaufwand","[312] Wasser, Energie, Heizmaterialien","3","3","31","312","879.20"
"494","Gals","2010","[6] VERKEHR","[62] Gemeindestrassen","[620] Gemeindestrassennetz","6","62","620","[3] Aufwand","[3] AUFWAND","[31] Sachaufwand","[312] Wasser, Energie, Heizmaterialien","3","3","31","312","22340.90"
"494","Gals","2010","[0] ALLGEMEINE VERWALTUNG","[09] Nicht aufteilbare Aufgaben","[090] Verwaltungsliegenschaften","0","9","90","[3] Aufwand","[3] AUFWAND","[31] Sachaufwand","[313] Verbrauchsmaterialien","3","3","31","313","1666.25"
"494","Gals","2010","[7] UMWELT UND RAUMORDNUNG","[70] Wasserversorgung","[700] Wasserversorgung","7","70","700","[3] Aufwand","[3] AUFWAND","[31] Sachaufwand","[313] Verbrauchsmaterialien","3","3","31","313","3072.15"
"494","Gals","2010","[6] VERKEHR","[62] Gemeindestrassen","[620] Gemeindestrassennetz","6","62","620","[3] Aufwand","[3] AUFWAND","[31] Sachaufwand","[314] Dienstleistungen Dritter für den baulichen Unterhalt","3","3","31","314","33608.05"
"494","Gals","2010","[7] UMWELT UND RAUMORDNUNG","[72] Abfallentsorgung","[720] Abfallentsorgung","7","72","720","[3] Aufwand","[3] AUFWAND","[31] Sachaufwand","[314] Dienstleistungen Dritter für den baulichen Unterhalt","3","3","31","314","2863.20"
"494","Gals","2010","[7] UMWELT UND RAUMORDNUNG","[74] Friedhof und Bestattung","[740] Friedhof und Bestattung","7","74","740","[3] Aufwand","[3] AUFWAND","[31] Sachaufwand","[314] Dienstleistungen Dritter für den baulichen Unterhalt","3","3","31","314","1434.30"
"494","Gals","2010","[8] VOLKSWIRTSCHAFT","[81] Forstwirtschaft","[811] Kulturen, Pflegemassnahmen","8","81","811","[3] Aufwand","[3] AUFWAND","[31] Sachaufwand","[314] Dienstleistungen Dritter für den baulichen Unterhalt","3","3","31","314","-3616.00"
"494","Gals","2010","[0] ALLGEMEINE VERWALTUNG","[02] Allgemeine Verwaltung","[029] Allgemeine Verwaltung","0","2","29","[3] Aufwand","[3] AUFWAND","[31] Sachaufwand","[315] Dienstleistungen Dritter für den übrigen Unterhalt","3","3","31","315","4884.30"
"494","Gals","2010","[0] ALLGEMEINE VERWALTUNG","[09] Nicht aufteilbare Aufgaben","[090] Verwaltungsliegenschaften","0","9","90","[3] Aufwand","[3] AUFWAND","[31] Sachaufwand","[315] Dienstleistungen Dritter für den übrigen Unterhalt","3","3","31","315","4765.85"
"494","Gals","2010","[2] BILDUNG","[21] Volksschule","[217] Schulliegenschaften (Ki.garten sofern nicht zuteilbar, Prim + Sek 1)","2","21","217","[3] Aufwand","[3] AUFWAND","[31] Sachaufwand","[315] Dienstleistungen Dritter für den übrigen Unterhalt","3","3","31","315","145.50"
"494","Gals","2010","[6] VERKEHR","[62] Gemeindestrassen","[620] Gemeindestrassennetz","6","62","620","[3] Aufwand","[3] AUFWAND","[31] Sachaufwand","[315] Dienstleistungen Dritter für den übrigen Unterhalt","3","3","31","315","700.00"
"494","Gals","2010","[7] UMWELT UND RAUMORDNUNG","[70] Wasserversorgung","[700] Wasserversorgung","7","70","700","[3] Aufwand","[3] AUFWAND","[31] Sachaufwand","[315] Dienstleistungen Dritter für den übrigen Unterhalt","3","3","31","315","916.80"
"494","Gals","2010","[0] ALLGEMEINE VERWALTUNG","[01] Legislative und Exekutive","[011] Legislative","0","1","11","[3] Aufwand","[3] AUFWAND","[31] Sachaufwand","[317] Spesenentschädigungen","3","3","31","317","776.90"
"494","Gals","2010","[0] ALLGEMEINE VERWALTUNG","[01] Legislative und Exekutive","[012] Exekutive","0","1","12","[3] Aufwand","[3] AUFWAND","[31] Sachaufwand","[317] Spesenentschädigungen","3","3","31","317","7806.25"
"494","Gals","2010","[2] BILDUNG","[21] Volksschule","[210] Primarstufe (1. - 6. Schuljahr)","2","21","210","[3] Aufwand","[3] AUFWAND","[31] Sachaufwand","[317] Spesenentschädigungen","3","3","31","317","5500.00"
"494","Gals","2010","[0] ALLGEMEINE VERWALTUNG","[01] Legislative und Exekutive","[011] Legislative","0","1","11","[3] Aufwand","[3] AUFWAND","[31] Sachaufwand","[318] Dienstleistungen und Honorare, allg. Verwaltungsaufwand","3","3","31","318","984.55"
"494","Gals","2010","[0] ALLGEMEINE VERWALTUNG","[09] Nicht aufteilbare Aufgaben","[090] Verwaltungsliegenschaften","0","9","90","[3] Aufwand","[3] AUFWAND","[31] Sachaufwand","[318] Dienstleistungen und Honorare, allg. Verwaltungsaufwand","3","3","31","318","395.80"
"494","Gals","2010","[1] OEFFENTLICHE SICHERHEIT","[10] Rechtsaufsicht","[101] Uebrige Rechtspflege","1","10","101","[3] Aufwand","[3] AUFWAND","[31] Sachaufwand","[318] Dienstleistungen und Honorare, allg. Verwaltungsaufwand","3","3","31","318","20073.75"
"494","Gals","2010","[2] BILDUNG","[21] Volksschule","[217] Schulliegenschaften (Ki.garten sofern nicht zuteilbar, Prim + Sek 1)","2","21","217","[3] Aufwand","[3] AUFWAND","[31] Sachaufwand","[318] Dienstleistungen und Honorare, allg. Verwaltungsaufwand","3","3","31","318","2576.20"
"494","Gals","2010","[3] KULTUR UND FREIZEIT","[32] Massenmedien","[321] Antennen- + Kabelanlagen","3","32","321","[3] Aufwand","[3] AUFWAND","[31] Sachaufwand","[318] Dienstleistungen und Honorare, allg. Verwaltungsaufwand","3","3","31","318","52.20"
"494","Gals","2010","[4] GESUNDHEIT","[46] Schulgesundheitsdienst","[460] Schulärztliche Pflege","4","46","460","[3] Aufwand","[3] AUFWAND","[31] Sachaufwand","[318] Dienstleistungen und Honorare, allg. Verwaltungsaufwand","3","3","31","318","435.00"
"494","Gals","2010","[7] UMWELT UND RAUMORDNUNG","[70] Wasserversorgung","[700] Wasserversorgung","7","70","700","[3] Aufwand","[3] AUFWAND","[31] Sachaufwand","[318] Dienstleistungen und Honorare, allg. Verwaltungsaufwand","3","3","31","318","188.25"
"494","Gals","2010","[7] UMWELT UND RAUMORDNUNG","[71] Abwasserentsorgung","[710] Abwasserentsorgung","7","71","710","[3] Aufwand","[3] AUFWAND","[31] Sachaufwand","[318] Dienstleistungen und Honorare, allg. Verwaltungsaufwand","3","3","31","318","643.50"
"494","Gals","2010","[8] VOLKSWIRTSCHAFT","[81] Forstwirtschaft","[810] Forstverwaltung","8","81","810","[3] Aufwand","[3] AUFWAND","[31] Sachaufwand","[318] Dienstleistungen und Honorare, allg. Verwaltungsaufwand","3","3","31","318","250.00"
"494","Gals","2010","[9] FINANZEN UND STEUERN","[94] Vermögens- und Schuldenverwaltung","[942] Liegenschaften des Finanzvermögens","9","94","942","[3] Aufwand","[3] AUFWAND","[31] Sachaufwand","[318] Dienstleistungen und Honorare, allg. Verwaltungsaufwand","3","3","31","318","3365.40"
"494","Gals","2010","[9] FINANZEN UND STEUERN","[94] Vermögens- und Schuldenverwaltung","[940] Zinsen","9","94","940","[3] Aufwand","[3] AUFWAND","[32] Passivzinsen","[322] Mittel- und langfirstige Schulden","3","3","32","322","54605.95"
"494","Gals","2010","[7] UMWELT UND RAUMORDNUNG","[70] Wasserversorgung","[700] Wasserversorgung","7","70","700","[3] Aufwand","[3] AUFWAND","[33] Abschreibungen","[331] Verwaltungsvermögen - harmonisierte Abschreibungen","3","3","33","331","68752.45"
"494","Gals","2010","[7] UMWELT UND RAUMORDNUNG","[71] Abwasserentsorgung","[710] Abwasserentsorgung","7","71","710","[3] Aufwand","[3] AUFWAND","[33] Abschreibungen","[331] Verwaltungsvermögen - harmonisierte Abschreibungen","3","3","33","331","42843.00"
"494","Gals","2010","[9] FINANZEN UND STEUERN","[99] Nicht aufgeteilte Posten","[990] Abschreibungen","9","99","990","[3] Aufwand","[3] AUFWAND","[33] Abschreibungen","[331] Verwaltungsvermögen - harmonisierte Abschreibungen","3","3","33","331","27330.95"
"494","Gals","2010","[0] ALLGEMEINE VERWALTUNG","[02] Allgemeine Verwaltung","[029] Allgemeine Verwaltung","0","2","29","[3] Aufwand","[3] AUFWAND","[35] Entschädigungen an Gemeinwesen","[351] Kanton","3","3","35","351","10277.45"
"494","Gals","2010","[2] BILDUNG","[20] Kindergarten","[200] Kindergarten","2","20","200","[3] Aufwand","[3] AUFWAND","[35] Entschädigungen an Gemeinwesen","[351] Kanton","3","3","35","351","22785.55"
"494","Gals","2010","[2] BILDUNG","[21] Volksschule","[210] Primarstufe (1. - 6. Schuljahr)","2","21","210","[3] Aufwand","[3] AUFWAND","[35] Entschädigungen an Gemeinwesen","[351] Kanton","3","3","35","351","143408.35"
"494","Gals","2010","[2] BILDUNG","[21] Volksschule","[212] Sekundarstufe 1 (7. - 9. Schuljahr, Real- + Sekundarschule)","2","21","212","[3] Aufwand","[3] AUFWAND","[35] Entschädigungen an Gemeinwesen","[351] Kanton","3","3","35","351","87183.00"
"494","Gals","2010","[3] KULTUR UND FREIZEIT","[32] Massenmedien","[321] Antennen- + Kabelanlagen","3","32","321","[3] Aufwand","[3] AUFWAND","[35] Entschädigungen an Gemeinwesen","[352] Gemeinden","3","3","35","352","44753.30"
"494","Gals","2010","[2] BILDUNG","[22] Sonderschulen","[220] Sonderschulen","2","22","220","[3] Aufwand","[3] AUFWAND","[36] Eigene Beiträge","[361] Kanton","3","3","36","361","7615.40"
"494","Gals","2010","[5] SOZIALE WOHLFAHRT","[53] Sonstige Sozialversicherungen","[530] Ergänzungsleistungen der AHV, IV","5","53","530","[3] Aufwand","[3] AUFWAND","[36] Eigene Beiträge","[361] Kanton","3","3","36","361","145644.00"
"494","Gals","2010","[6] VERKEHR","[65] Regionalverkehr","[650] Regionalverkehrsbetriebe","6","65","650","[3] Aufwand","[3] AUFWAND","[36] Eigene Beiträge","[361] Kanton","3","3","36","361","56734.00"
"494","Gals","2010","[7] UMWELT UND RAUMORDNUNG","[75] Gewässerverbauungen","[750] Gewässerverbauungen","7","75","750","[3] Aufwand","[3] AUFWAND","[36] Eigene Beiträge","[361] Kanton","3","3","36","361","35026.00"
"494","Gals","2010","[1] OEFFENTLICHE SICHERHEIT","[16] Zivile Landesverteidigung","[160] Zivilschutz","1","16","160","[3] Aufwand","[3] AUFWAND","[36] Eigene Beiträge","[362] Gemeinden","3","3","36","362","1132.80"
"494","Gals","2010","[2] BILDUNG","[21] Volksschule","[212] Sekundarstufe 1 (7. - 9. Schuljahr, Real- + Sekundarschule)","2","21","212","[3] Aufwand","[3] AUFWAND","[36] Eigene Beiträge","[362] Gemeinden","3","3","36","362","99284.24"
"494","Gals","2010","[5] SOZIALE WOHLFAHRT","[58] Sozialhilfe","[582] Weitere Wohlfahrts-, Vor- + Fürsorgeeinrichtungen","5","58","582","[3] Aufwand","[3] AUFWAND","[36] Eigene Beiträge","[362] Gemeinden","3","3","36","362","10487.35"
"494","Gals","2010","[7] UMWELT UND RAUMORDNUNG","[78] Uebriger Umweltschutz","[781] Tierkörperbeseitigung","7","78","781","[3] Aufwand","[3] AUFWAND","[36] Eigene Beiträge","[362] Gemeinden","3","3","36","362","213.75"
"494","Gals","2010","[0] ALLGEMEINE VERWALTUNG","[02] Allgemeine Verwaltung","[029] Allgemeine Verwaltung","0","2","29","[3] Aufwand","[3] AUFWAND","[36] Eigene Beiträge","[365] Private Institutionen","3","3","36","365","2981.00"
"494","Gals","2010","[1] OEFFENTLICHE SICHERHEIT","[16] Zivile Landesverteidigung","[160] Zivilschutz","1","16","160","[3] Aufwand","[3] AUFWAND","[36] Eigene Beiträge","[365] Private Institutionen","3","3","36","365","5917.75"
"494","Gals","2010","[3] KULTUR UND FREIZEIT","[30] Kulturförderung","[300] Bibliothek","3","30","300","[3] Aufwand","[3] AUFWAND","[36] Eigene Beiträge","[365] Private Institutionen","3","3","36","365","3600.00"
"494","Gals","2010","[3] KULTUR UND FREIZEIT","[30] Kulturförderung","[302] Theater, Konzerte","3","30","302","[3] Aufwand","[3] AUFWAND","[36] Eigene Beiträge","[365] Private Institutionen","3","3","36","365","2000.00"
"494","Gals","2010","[5] SOZIALE WOHLFAHRT","[58] Sozialhilfe","[582] Weitere Wohlfahrts-, Vor- + Fürsorgeeinrichtungen","5","58","582","[3] Aufwand","[3] AUFWAND","[36] Eigene Beiträge","[365] Private Institutionen","3","3","36","365","1100.00"
"494","Gals","2010","[7] UMWELT UND RAUMORDNUNG","[79] Raumordnung","[790] Raumplanung","7","79","790","[3] Aufwand","[3] AUFWAND","[36] Eigene Beiträge","[365] Private Institutionen","3","3","36","365","4522.00"
"494","Gals","2010","[3] KULTUR UND FREIZEIT","[35] Uebrige Freizeitgestaltung","[350] Uebrige Freizeitgestaltung","3","35","350","[3] Aufwand","[3] AUFWAND","[36] Eigene Beiträge","[366] Private Haushalte","3","3","36","366","10817.00"
"494","Gals","2010","[1] OEFFENTLICHE SICHERHEIT","[16] Zivile Landesverteidigung","[160] Zivilschutz","1","16","160","[3] Aufwand","[3] AUFWAND","[38] Einlagen in Spezialfinanzierungen","[380] Einlagen in Spezialfinanzierungen","3","3","38","380","6534.00"
"494","Gals","2010","[0] ALLGEMEINE VERWALTUNG","[09] Nicht aufteilbare Aufgaben","[090] Verwaltungsliegenschaften","0","9","90","[3] Aufwand","[3] AUFWAND","[39] Interne Verrechnungen","[390] Verrechneter Aufwand","3","3","39","390","3000.00"
"494","Gals","2010","[3] KULTUR UND FREIZEIT","[32] Massenmedien","[321] Antennen- + Kabelanlagen","3","32","321","[3] Aufwand","[3] AUFWAND","[39] Interne Verrechnungen","[390] Verrechneter Aufwand","3","3","39","390","3000.00"
"494","Gals","2010","[7] UMWELT UND RAUMORDNUNG","[70] Wasserversorgung","[700] Wasserversorgung","7","70","700","[3] Aufwand","[3] AUFWAND","[39] Interne Verrechnungen","[390] Verrechneter Aufwand","3","3","39","390","3000.00"
"494","Gals","2010","[3] KULTUR UND FREIZEIT","[32] Massenmedien","[321] Antennen- + Kabelanlagen","3","32","321","[3] Aufwand","[3] AUFWAND","[39] Interne Verrechnungen","[392] Verrechnete Abschreibungen","3","3","39","392","79.20"
"494","Gals","2010","[9] FINANZEN UND STEUERN","[90] Steuern","[900] Obligatorische periodische Steuern","9","90","900","[4] Ertrag","[4] ERTRAG","[40] Steuern","[400] Einkommens- und Vermögenssteuern","4","4","40","400","1737995.95"
"494","Gals","2010","[9] FINANZEN UND STEUERN","[90] Steuern","[901] Obligatorische aperiodische Steuern","9","90","901","[4] Ertrag","[4] ERTRAG","[40] Steuern","[400] Einkommens- und Vermögenssteuern","4","4","40","400","570.00"
"494","Gals","2010","[9] FINANZEN UND STEUERN","[90] Steuern","[903] Steuerabschreibungen","9","90","903","[4] Ertrag","[4] ERTRAG","[40] Steuern","[400] Einkommens- und Vermögenssteuern","4","4","40","400","1851.30"
"494","Gals","2010","[9] FINANZEN UND STEUERN","[90] Steuern","[900] Obligatorische periodische Steuern","9","90","900","[4] Ertrag","[4] ERTRAG","[40] Steuern","[401] Gewinn- und Kapitalsteuern","4","4","40","401","25267.65"
"494","Gals","2010","[9] FINANZEN UND STEUERN","[94] Vermögens- und Schuldenverwaltung","[942] Liegenschaften des Finanzvermögens","9","94","942","[4] Ertrag","[4] ERTRAG","[42] Vermögenserträge","[423] Liegenschaften des Finanzvermögens","4","4","42","423","99473.65"
"494","Gals","2010","[0] ALLGEMEINE VERWALTUNG","[09] Nicht aufteilbare Aufgaben","[090] Verwaltungsliegenschaften","0","9","90","[4] Ertrag","[4] ERTRAG","[42] Vermögenserträge","[427] Liegenschaften des Verwaltungsvermögens","4","4","42","427","16950.00"
"494","Gals","2010","[3] KULTUR UND FREIZEIT","[34] Sport","[340] Sport","3","34","340","[4] Ertrag","[4] ERTRAG","[42] Vermögenserträge","[427] Liegenschaften des Verwaltungsvermögens","4","4","42","427","2000.00"
"494","Gals","2010","[0] ALLGEMEINE VERWALTUNG","[02] Allgemeine Verwaltung","[029] Allgemeine Verwaltung","0","2","29","[4] Ertrag","[4] ERTRAG","[43] Entgelte","[431] Gebühren für Amtshandlungen","4","4","43","431","64.00"
"494","Gals","2010","[1] OEFFENTLICHE SICHERHEIT","[10] Rechtsaufsicht","[100] Mass und Gewicht","1","10","100","[4] Ertrag","[4] ERTRAG","[43] Entgelte","[431] Gebühren für Amtshandlungen","4","4","43","431","3262.55"
"494","Gals","2010","[7] UMWELT UND RAUMORDNUNG","[78] Uebriger Umweltschutz","[781] Tierkörperbeseitigung","7","78","781","[4] Ertrag","[4] ERTRAG","[43] Entgelte","[431] Gebühren für Amtshandlungen","4","4","43","431","213.75"
"494","Gals","2010","[6] VERKEHR","[62] Gemeindestrassen","[620] Gemeindestrassennetz","6","62","620","[4] Ertrag","[4] ERTRAG","[43] Entgelte","[434] Andere Benützungsgebühren und Dienstleistungen","4","4","43","434","6374.00"
"494","Gals","2010","[7] UMWELT UND RAUMORDNUNG","[71] Abwasserentsorgung","[710] Abwasserentsorgung","7","71","710","[4] Ertrag","[4] ERTRAG","[43] Entgelte","[434] Andere Benützungsgebühren und Dienstleistungen","4","4","43","434","239980.20"
"494","Gals","2010","[7] UMWELT UND RAUMORDNUNG","[72] Abfallentsorgung","[720] Abfallentsorgung","7","72","720","[4] Ertrag","[4] ERTRAG","[43] Entgelte","[434] Andere Benützungsgebühren und Dienstleistungen","4","4","43","434","40642.85"
"494","Gals","2010","[3] KULTUR UND FREIZEIT","[32] Massenmedien","[321] Antennen- + Kabelanlagen","3","32","321","[4] Ertrag","[4] ERTRAG","[43] Entgelte","[435] Uebrige Verkaufserlöse","4","4","43","435","44535.72"
"494","Gals","2010","[7] UMWELT UND RAUMORDNUNG","[70] Wasserversorgung","[700] Wasserversorgung","7","70","700","[4] Ertrag","[4] ERTRAG","[43] Entgelte","[435] Uebrige Verkaufserlöse","4","4","43","435","117905.45"
"494","Gals","2010","[8] VOLKSWIRTSCHAFT","[81] Forstwirtschaft","[812] Holzernte","8","81","812","[4] Ertrag","[4] ERTRAG","[43] Entgelte","[435] Uebrige Verkaufserlöse","4","4","43","435","13438.65"
"494","Gals","2010","[8] VOLKSWIRTSCHAFT","[81] Forstwirtschaft","[815] Nebennutzungen","8","81","815","[4] Ertrag","[4] ERTRAG","[43] Entgelte","[435] Uebrige Verkaufserlöse","4","4","43","435","836.00"
"494","Gals","2010","[0] ALLGEMEINE VERWALTUNG","[02] Allgemeine Verwaltung","[029] Allgemeine Verwaltung","0","2","29","[4] Ertrag","[4] ERTRAG","[43] Entgelte","[436] Rückerstattungen","4","4","43","436","25379.75"
"494","Gals","2010","[2] BILDUNG","[21] Volksschule","[210] Primarstufe (1. - 6. Schuljahr)","2","21","210","[4] Ertrag","[4] ERTRAG","[43] Entgelte","[436] Rückerstattungen","4","4","43","436","2207.30"
"494","Gals","2010","[6] VERKEHR","[62] Gemeindestrassen","[620] Gemeindestrassennetz","6","62","620","[4] Ertrag","[4] ERTRAG","[43] Entgelte","[436] Rückerstattungen","4","4","43","436","29108.00"
"494","Gals","2010","[2] BILDUNG","[21] Volksschule","[210] Primarstufe (1. - 6. Schuljahr)","2","21","210","[4] Ertrag","[4] ERTRAG","[45] Rückerstattungen von Gemeinwesen","[451] Kanton","4","4","45","451","4061.25"
"494","Gals","2010","[9] FINANZEN UND STEUERN","[99] Nicht aufgeteilte Posten","[995] Neutrale Aufwendungen und Erträge","9","99","995","[4] Ertrag","[4] ERTRAG","[46] Beiträge","[469] Uebrige Beiträge für eigene Rechnung","4","4","46","469","86809.45"
"494","Gals","2010","[3] KULTUR UND FREIZEIT","[32] Massenmedien","[321] Antennen- + Kabelanlagen","3","32","321","[4] Ertrag","[4] ERTRAG","[48] Entnahmen aus Spezialfinanzierungen","[480] Entnahmen aus Spezialfinanzierungen","4","4","48","480","4158.98"
"494","Gals","2010","[7] UMWELT UND RAUMORDNUNG","[70] Wasserversorgung","[700] Wasserversorgung","7","70","700","[4] Ertrag","[4] ERTRAG","[48] Entnahmen aus Spezialfinanzierungen","[480] Entnahmen aus Spezialfinanzierungen","4","4","48","480","92870.60"
"494","Gals","2010","[9] FINANZEN UND STEUERN","[99] Nicht aufgeteilte Posten","[990] Abschreibungen","9","99","990","[4] Ertrag","[4] ERTRAG","[49] Interne Verrechnungen","[492] Verrechnete Abschreibungen","4","4","49","492","79.20"
"494","Gals","2010","[3] KULTUR UND FREIZEIT","[32] Massenmedien","[321] Antennen- + Kabelanlagen","3","32","321","[4] Ertrag","[4] ERTRAG","[49] Interne Verrechnungen","[495] Verrechneter Ertrag","4","4","49","495","4826.70"
"494","Gals","2010","[7] UMWELT UND RAUMORDNUNG","[70] Wasserversorgung","[700] Wasserversorgung","7","70","700","[4] Ertrag","[4] ERTRAG","[49] Interne Verrechnungen","[495] Verrechneter Ertrag","4","4","49","495","18777.70"
"494","Gals","2010","[7] UMWELT UND RAUMORDNUNG","[72] Abfallentsorgung","[720] Abfallentsorgung","7","72","720","[4] Ertrag","[4] ERTRAG","[49] Interne Verrechnungen","[495] Verrechneter Ertrag","4","4","49","495","2838.30"
"494","Gals","2010","[3] KULTUR UND FREIZEIT","[32] Massenmedien","[321] Antennen- + Kabelanlagen","3","32","321","[5] Ausgaben","[5] Ausgaben","[50] Sachgüter","[501] Tiefbauten","5","5","50","501","3979.20"
"494","Gals","2010","[7] UMWELT UND RAUMORDNUNG","[70] Wasserversorgung","[700] Wasserversorgung","7","70","700","[5] Ausgaben","[5] Ausgaben","[50] Sachgüter","[501] Tiefbauten","5","5","50","501","68752.45"
"494","Gals","2010","[9] FINANZEN UND STEUERN","[99] Nicht aufgeteilte Posten","[999] Abschluss","9","99","999","[6] Einnahmen","[6] Einnahmen","[69] Aktivierungen","[690] Aktivierte Ausgaben","6","6","69","690","188526.40"
"494","Gals","2008","[7] UMWELT UND RAUMORDNUNG","[72] Abfallentsorgung","[720] Abfallentsorgung","7","72","720","[4] Ertrag","[4] ERTRAG","[49] Interne Verrechnungen","[491] Verrechnete Zinsen","4","4","49","491","2951.65"
"494","Gals","2008","[9] FINANZEN UND STEUERN","[94] Vermögens- und Schuldenverwaltung","[940] Zinsen","9","94","940","[4] Ertrag","[4] ERTRAG","[49] Interne Verrechnungen","[491] Verrechnete Zinsen","4","4","49","491","22577.55"
"494","Gals","2008","[6] VERKEHR","[62] Gemeindestrassen","[620] Gemeindestrassennetz","6","62","620","[5] Ausgaben","[5] Ausgaben","[50] Sachgüter","[501] Tiefbauten","5","5","50","501","120732.90"
"494","Gals","2008","[0] ALLGEMEINE VERWALTUNG","[02] Allgemeine Verwaltung","[029] Allgemeine Verwaltung","0","2","29","[5] Ausgaben","[5] Ausgaben","[50] Sachgüter","[506] Mobilien, Maschinen, Fahrzeuge","5","5","50","506","10466.25"
"494","Gals","2008","[6] VERKEHR","[62] Gemeindestrassen","[620] Gemeindestrassennetz","6","62","620","[6] Einnahmen","[6] Einnahmen","[61] Nutzungsabgaben und Vorteilsentgelte","[610] Beiträge Dritter für eigene Rechnung","6","6","61","610","5000.00"
"494","Gals","2008","[7] UMWELT UND RAUMORDNUNG","[71] Abwasserentsorgung","[710] Abwasserentsorgung","7","71","710","[6] Einnahmen","[6] Einnahmen","[61] Nutzungsabgaben und Vorteilsentgelte","[610] Beiträge Dritter für eigene Rechnung","6","6","61","610","31781.75"
"494","Gals","2009","[2] BILDUNG","[21] Volksschule","[210] Primarstufe (1. - 6. Schuljahr)","2","21","210","[3] Aufwand","[3] AUFWAND","[30] Personalaufwand","[300] Personalaufwand der Behörden und Kommissionen","3","3","30","300","4415.00"
"494","Gals","2009","[0] ALLGEMEINE VERWALTUNG","[02] Allgemeine Verwaltung","[029] Allgemeine Verwaltung","0","2","29","[3] Aufwand","[3] AUFWAND","[30] Personalaufwand","[301] Löhne des Verwaltungs- + Betriebspersonals","3","3","30","301","68744.35"
"494","Gals","2009","[1] OEFFENTLICHE SICHERHEIT","[16] Zivile Landesverteidigung","[160] Zivilschutz","1","16","160","[3] Aufwand","[3] AUFWAND","[30] Personalaufwand","[301] Löhne des Verwaltungs- + Betriebspersonals","3","3","30","301","1604.30"
"494","Gals","2009","[2] BILDUNG","[21] Volksschule","[217] Schulliegenschaften (Ki.garten sofern nicht zuteilbar, Prim + Sek 1)","2","21","217","[3] Aufwand","[3] AUFWAND","[30] Personalaufwand","[301] Löhne des Verwaltungs- + Betriebspersonals","3","3","30","301","38890.40"
"494","Gals","2009","[6] VERKEHR","[62] Gemeindestrassen","[620] Gemeindestrassennetz","6","62","620","[3] Aufwand","[3] AUFWAND","[30] Personalaufwand","[301] Löhne des Verwaltungs- + Betriebspersonals","3","3","30","301","18127.25"
"494","Gals","2009","[7] UMWELT UND RAUMORDNUNG","[72] Abfallentsorgung","[720] Abfallentsorgung","7","72","720","[3] Aufwand","[3] AUFWAND","[30] Personalaufwand","[301] Löhne des Verwaltungs- + Betriebspersonals","3","3","30","301","6433.50"
"494","Gals","2009","[7] UMWELT UND RAUMORDNUNG","[74] Friedhof und Bestattung","[740] Friedhof und Bestattung","7","74","740","[3] Aufwand","[3] AUFWAND","[30] Personalaufwand","[301] Löhne des Verwaltungs- + Betriebspersonals","3","3","30","301","9150.55"
"494","Gals","2009","[8] VOLKSWIRTSCHAFT","[81] Forstwirtschaft","[813] Strassen- und Wegunterhalt","8","81","813","[3] Aufwand","[3] AUFWAND","[30] Personalaufwand","[301] Löhne des Verwaltungs- + Betriebspersonals","3","3","30","301","1730.85"
"494","Gals","2009","[9] FINANZEN UND STEUERN","[94] Vermögens- und Schuldenverwaltung","[942] Liegenschaften des Finanzvermögens","9","94","942","[3] Aufwand","[3] AUFWAND","[30] Personalaufwand","[301] Löhne des Verwaltungs- + Betriebspersonals","3","3","30","301","4544.05"
"494","Gals","2009","[1] OEFFENTLICHE SICHERHEIT","[11] Polizei","[113] Gemeindepolizei","1","11","113","[3] Aufwand","[3] AUFWAND","[30] Personalaufwand","[303] Sozialversicherungsbeiträge","3","3","30","303","846.05"
"494","Gals","2009","[1] OEFFENTLICHE SICHERHEIT","[16] Zivile Landesverteidigung","[160] Zivilschutz","1","16","160","[3] Aufwand","[3] AUFWAND","[30] Personalaufwand","[303] Sozialversicherungsbeiträge","3","3","30","303","119.25"
"494","Gals","2009","[7] UMWELT UND RAUMORDNUNG","[74] Friedhof und Bestattung","[740] Friedhof und Bestattung","7","74","740","[3] Aufwand","[3] AUFWAND","[30] Personalaufwand","[303] Sozialversicherungsbeiträge","3","3","30","303","680.30"
"494","Gals","2009","[7] UMWELT UND RAUMORDNUNG","[75] Gewässerverbauungen","[750] Gewässerverbauungen","7","75","750","[3] Aufwand","[3] AUFWAND","[30] Personalaufwand","[303] Sozialversicherungsbeiträge","3","3","30","303","23.35"
"494","Gals","2009","[8] VOLKSWIRTSCHAFT","[80] Landwirtschaft","[800] Landwirtschaft","8","80","800","[3] Aufwand","[3] AUFWAND","[30] Personalaufwand","[303] Sozialversicherungsbeiträge","3","3","30","303","52.40"
"494","Gals","2009","[8] VOLKSWIRTSCHAFT","[81] Forstwirtschaft","[812] Holzernte","8","81","812","[3] Aufwand","[3] AUFWAND","[30] Personalaufwand","[303] Sozialversicherungsbeiträge","3","3","30","303","204.10"
"494","Gals","2009","[0] ALLGEMEINE VERWALTUNG","[02] Allgemeine Verwaltung","[029] Allgemeine Verwaltung","0","2","29","[3] Aufwand","[3] AUFWAND","[30] Personalaufwand","[304] Personalversicherungsbeiträge","3","3","30","304","2716.85"
"494","Gals","2009","[6] VERKEHR","[62] Gemeindestrassen","[620] Gemeindestrassennetz","6","62","620","[3] Aufwand","[3] AUFWAND","[30] Personalaufwand","[304] Personalversicherungsbeiträge","3","3","30","304","11825.25"
"494","Gals","2009","[0] ALLGEMEINE VERWALTUNG","[09] Nicht aufteilbare Aufgaben","[090] Verwaltungsliegenschaften","0","9","90","[3] Aufwand","[3] AUFWAND","[30] Personalaufwand","[305] Unfall- und Krankenversicherungsbeiträge","3","3","30","305","-546.00"
"494","Gals","2009","[2] BILDUNG","[21] Volksschule","[210] Primarstufe (1. - 6. Schuljahr)","2","21","210","[3] Aufwand","[3] AUFWAND","[30] Personalaufwand","[309] Uebriger Personalaufwand","3","3","30","309","430.00"
"494","Gals","2009","[2] BILDUNG","[21] Volksschule","[217] Schulliegenschaften (Ki.garten sofern nicht zuteilbar, Prim + Sek 1)","2","21","217","[3] Aufwand","[3] AUFWAND","[30] Personalaufwand","[309] Uebriger Personalaufwand","3","3","30","309","529.80"
"494","Gals","2009","[0] ALLGEMEINE VERWALTUNG","[01] Legislative und Exekutive","[011] Legislative","0","1","11","[3] Aufwand","[3] AUFWAND","[31] Sachaufwand","[310] Büro- und Schulmaterialien, Drucksachen","3","3","31","310","2568.95"
"494","Gals","2009","[2] BILDUNG","[21] Volksschule","[219] Nicht Aufteilbares, Volksschule, Tagesschule","2","21","219","[3] Aufwand","[3] AUFWAND","[31] Sachaufwand","[310] Büro- und Schulmaterialien, Drucksachen","3","3","31","310","323.20"
"494","Gals","2009","[2] BILDUNG","[21] Volksschule","[210] Primarstufe (1. - 6. Schuljahr)","2","21","210","[3] Aufwand","[3] AUFWAND","[31] Sachaufwand","[311] Anschaffung Mobilien, Maschinen, Fahrzeuge","3","3","31","311","3928.50"
"494","Gals","2009","[1] OEFFENTLICHE SICHERHEIT","[16] Zivile Landesverteidigung","[160] Zivilschutz","1","16","160","[3] Aufwand","[3] AUFWAND","[31] Sachaufwand","[312] Wasser, Energie, Heizmaterialien","3","3","31","312","2767.15"
"494","Gals","2009","[2] BILDUNG","[21] Volksschule","[217] Schulliegenschaften (Ki.garten sofern nicht zuteilbar, Prim + Sek 1)","2","21","217","[3] Aufwand","[3] AUFWAND","[31] Sachaufwand","[312] Wasser, Energie, Heizmaterialien","3","3","31","312","14386.70"
"494","Gals","2009","[3] KULTUR UND FREIZEIT","[32] Massenmedien","[321] Antennen- + Kabelanlagen","3","32","321","[3] Aufwand","[3] AUFWAND","[31] Sachaufwand","[312] Wasser, Energie, Heizmaterialien","3","3","31","312","888.15"
"494","Gals","2009","[6] VERKEHR","[62] Gemeindestrassen","[620] Gemeindestrassennetz","6","62","620","[3] Aufwand","[3] AUFWAND","[31] Sachaufwand","[312] Wasser, Energie, Heizmaterialien","3","3","31","312","20160.05"
"494","Gals","2009","[0] ALLGEMEINE VERWALTUNG","[09] Nicht aufteilbare Aufgaben","[090] Verwaltungsliegenschaften","0","9","90","[3] Aufwand","[3] AUFWAND","[31] Sachaufwand","[313] Verbrauchsmaterialien","3","3","31","313","1983.60"
"494","Gals","2009","[7] UMWELT UND RAUMORDNUNG","[70] Wasserversorgung","[700] Wasserversorgung","7","70","700","[3] Aufwand","[3] AUFWAND","[31] Sachaufwand","[313] Verbrauchsmaterialien","3","3","31","313","933.10"
"494","Gals","2009","[1] OEFFENTLICHE SICHERHEIT","[16] Zivile Landesverteidigung","[160] Zivilschutz","1","16","160","[3] Aufwand","[3] AUFWAND","[31] Sachaufwand","[314] Dienstleistungen Dritter für den baulichen Unterhalt","3","3","31","314","2552.85"
"494","Gals","2009","[6] VERKEHR","[62] Gemeindestrassen","[620] Gemeindestrassennetz","6","62","620","[3] Aufwand","[3] AUFWAND","[31] Sachaufwand","[314] Dienstleistungen Dritter für den baulichen Unterhalt","3","3","31","314","15753.40"
"494","Gals","2009","[7] UMWELT UND RAUMORDNUNG","[72] Abfallentsorgung","[720] Abfallentsorgung","7","72","720","[3] Aufwand","[3] AUFWAND","[31] Sachaufwand","[314] Dienstleistungen Dritter für den baulichen Unterhalt","3","3","31","314","594.50"
"494","Gals","2009","[7] UMWELT UND RAUMORDNUNG","[74] Friedhof und Bestattung","[740] Friedhof und Bestattung","7","74","740","[3] Aufwand","[3] AUFWAND","[31] Sachaufwand","[314] Dienstleistungen Dritter für den baulichen Unterhalt","3","3","31","314","1366.00"
"494","Gals","2009","[7] UMWELT UND RAUMORDNUNG","[75] Gewässerverbauungen","[750] Gewässerverbauungen","7","75","750","[3] Aufwand","[3] AUFWAND","[31] Sachaufwand","[314] Dienstleistungen Dritter für den baulichen Unterhalt","3","3","31","314","11102.00"
"494","Gals","2009","[8] VOLKSWIRTSCHAFT","[81] Forstwirtschaft","[811] Kulturen, Pflegemassnahmen","8","81","811","[3] Aufwand","[3] AUFWAND","[31] Sachaufwand","[314] Dienstleistungen Dritter für den baulichen Unterhalt","3","3","31","314","173.35"
"494","Gals","2009","[0] ALLGEMEINE VERWALTUNG","[02] Allgemeine Verwaltung","[029] Allgemeine Verwaltung","0","2","29","[3] Aufwand","[3] AUFWAND","[31] Sachaufwand","[315] Dienstleistungen Dritter für den übrigen Unterhalt","3","3","31","315","5363.05"
"494","Gals","2009","[0] ALLGEMEINE VERWALTUNG","[09] Nicht aufteilbare Aufgaben","[090] Verwaltungsliegenschaften","0","9","90","[3] Aufwand","[3] AUFWAND","[31] Sachaufwand","[315] Dienstleistungen Dritter für den übrigen Unterhalt","3","3","31","315","860.40"
"494","Gals","2009","[2] BILDUNG","[21] Volksschule","[217] Schulliegenschaften (Ki.garten sofern nicht zuteilbar, Prim + Sek 1)","2","21","217","[3] Aufwand","[3] AUFWAND","[31] Sachaufwand","[315] Dienstleistungen Dritter für den übrigen Unterhalt","3","3","31","315","322.85"
"494","Gals","2009","[6] VERKEHR","[62] Gemeindestrassen","[620] Gemeindestrassennetz","6","62","620","[3] Aufwand","[3] AUFWAND","[31] Sachaufwand","[315] Dienstleistungen Dritter für den übrigen Unterhalt","3","3","31","315","761.50"
"494","Gals","2009","[0] ALLGEMEINE VERWALTUNG","[01] Legislative und Exekutive","[012] Exekutive","0","1","12","[3] Aufwand","[3] AUFWAND","[31] Sachaufwand","[317] Spesenentschädigungen","3","3","31","317","4696.80"
"494","Gals","2009","[0] ALLGEMEINE VERWALTUNG","[02] Allgemeine Verwaltung","[029] Allgemeine Verwaltung","0","2","29","[3] Aufwand","[3] AUFWAND","[31] Sachaufwand","[317] Spesenentschädigungen","3","3","31","317","551.15"
"494","Gals","2009","[2] BILDUNG","[21] Volksschule","[210] Primarstufe (1. - 6. Schuljahr)","2","21","210","[3] Aufwand","[3] AUFWAND","[31] Sachaufwand","[317] Spesenentschädigungen","3","3","31","317","4263.35"
"494","Gals","2009","[0] ALLGEMEINE VERWALTUNG","[01] Legislative und Exekutive","[011] Legislative","0","1","11","[3] Aufwand","[3] AUFWAND","[31] Sachaufwand","[318] Dienstleistungen und Honorare, allg. Verwaltungsaufwand","3","3","31","318","648.90"
"494","Gals","2009","[0] ALLGEMEINE VERWALTUNG","[09] Nicht aufteilbare Aufgaben","[090] Verwaltungsliegenschaften","0","9","90","[3] Aufwand","[3] AUFWAND","[31] Sachaufwand","[318] Dienstleistungen und Honorare, allg. Verwaltungsaufwand","3","3","31","318","399.00"
"494","Gals","2009","[1] OEFFENTLICHE SICHERHEIT","[10] Rechtsaufsicht","[101] Uebrige Rechtspflege","1","10","101","[3] Aufwand","[3] AUFWAND","[31] Sachaufwand","[318] Dienstleistungen und Honorare, allg. Verwaltungsaufwand","3","3","31","318","22571.95"
"494","Gals","2009","[2] BILDUNG","[21] Volksschule","[217] Schulliegenschaften (Ki.garten sofern nicht zuteilbar, Prim + Sek 1)","2","21","217","[3] Aufwand","[3] AUFWAND","[31] Sachaufwand","[318] Dienstleistungen und Honorare, allg. Verwaltungsaufwand","3","3","31","318","3631.70"
"494","Gals","2009","[3] KULTUR UND FREIZEIT","[32] Massenmedien","[321] Antennen- + Kabelanlagen","3","32","321","[3] Aufwand","[3] AUFWAND","[31] Sachaufwand","[318] Dienstleistungen und Honorare, allg. Verwaltungsaufwand","3","3","31","318","3148.10"
"494","Gals","2009","[7] UMWELT UND RAUMORDNUNG","[70] Wasserversorgung","[700] Wasserversorgung","7","70","700","[3] Aufwand","[3] AUFWAND","[31] Sachaufwand","[318] Dienstleistungen und Honorare, allg. Verwaltungsaufwand","3","3","31","318","2.10"
"494","Gals","2009","[7] UMWELT UND RAUMORDNUNG","[71] Abwasserentsorgung","[710] Abwasserentsorgung","7","71","710","[3] Aufwand","[3] AUFWAND","[31] Sachaufwand","[318] Dienstleistungen und Honorare, allg. Verwaltungsaufwand","3","3","31","318","837.15"
"494","Gals","2009","[8] VOLKSWIRTSCHAFT","[80] Landwirtschaft","[800] Landwirtschaft","8","80","800","[3] Aufwand","[3] AUFWAND","[31] Sachaufwand","[318] Dienstleistungen und Honorare, allg. Verwaltungsaufwand","3","3","31","318","34.00"
"494","Gals","2009","[9] FINANZEN UND STEUERN","[94] Vermögens- und Schuldenverwaltung","[942] Liegenschaften des Finanzvermögens","9","94","942","[3] Aufwand","[3] AUFWAND","[31] Sachaufwand","[318] Dienstleistungen und Honorare, allg. Verwaltungsaufwand","3","3","31","318","3365.40"
"494","Gals","2009","[9] FINANZEN UND STEUERN","[94] Vermögens- und Schuldenverwaltung","[940] Zinsen","9","94","940","[3] Aufwand","[3] AUFWAND","[32] Passivzinsen","[322] Mittel- und langfirstige Schulden","3","3","32","322","60630.45"
"494","Gals","2009","[7] UMWELT UND RAUMORDNUNG","[71] Abwasserentsorgung","[710] Abwasserentsorgung","7","71","710","[3] Aufwand","[3] AUFWAND","[33] Abschreibungen","[331] Verwaltungsvermögen - harmonisierte Abschreibungen","3","3","33","331","42843.00"
"494","Gals","2009","[9] FINANZEN UND STEUERN","[99] Nicht aufgeteilte Posten","[990] Abschreibungen","9","99","990","[3] Aufwand","[3] AUFWAND","[33] Abschreibungen","[331] Verwaltungsvermögen - harmonisierte Abschreibungen","3","3","33","331","29253.70"
"494","Gals","2009","[0] ALLGEMEINE VERWALTUNG","[02] Allgemeine Verwaltung","[029] Allgemeine Verwaltung","0","2","29","[3] Aufwand","[3] AUFWAND","[35] Entschädigungen an Gemeinwesen","[351] Kanton","3","3","35","351","9240.00"
"494","Gals","2009","[2] BILDUNG","[20] Kindergarten","[200] Kindergarten","2","20","200","[3] Aufwand","[3] AUFWAND","[35] Entschädigungen an Gemeinwesen","[351] Kanton","3","3","35","351","23250.15"
"494","Gals","2009","[2] BILDUNG","[21] Volksschule","[210] Primarstufe (1. - 6. Schuljahr)","2","21","210","[3] Aufwand","[3] AUFWAND","[35] Entschädigungen an Gemeinwesen","[351] Kanton","3","3","35","351","153825.65"
"494","Gals","2009","[2] BILDUNG","[21] Volksschule","[212] Sekundarstufe 1 (7. - 9. Schuljahr, Real- + Sekundarschule)","2","21","212","[3] Aufwand","[3] AUFWAND","[35] Entschädigungen an Gemeinwesen","[351] Kanton","3","3","35","351","80197.45"
"494","Gals","2009","[3] KULTUR UND FREIZEIT","[32] Massenmedien","[321] Antennen- + Kabelanlagen","3","32","321","[3] Aufwand","[3] AUFWAND","[35] Entschädigungen an Gemeinwesen","[352] Gemeinden","3","3","35","352","24856.90"
"494","Gals","2009","[2] BILDUNG","[22] Sonderschulen","[220] Sonderschulen","2","22","220","[3] Aufwand","[3] AUFWAND","[36] Eigene Beiträge","[361] Kanton","3","3","36","361","14931.85"
"494","Gals","2009","[5] SOZIALE WOHLFAHRT","[53] Sonstige Sozialversicherungen","[530] Ergänzungsleistungen der AHV, IV","5","53","530","[3] Aufwand","[3] AUFWAND","[36] Eigene Beiträge","[361] Kanton","3","3","36","361","138992.00"
"494","Gals","2009","[6] VERKEHR","[65] Regionalverkehr","[650] Regionalverkehrsbetriebe","6","65","650","[3] Aufwand","[3] AUFWAND","[36] Eigene Beiträge","[361] Kanton","3","3","36","361","48719.75"
"494","Gals","2009","[7] UMWELT UND RAUMORDNUNG","[75] Gewässerverbauungen","[750] Gewässerverbauungen","7","75","750","[3] Aufwand","[3] AUFWAND","[36] Eigene Beiträge","[361] Kanton","3","3","36","361","36394.00"
"494","Gals","2009","[1] OEFFENTLICHE SICHERHEIT","[14] Wehrdienste","[140] Wehrdienste","1","14","140","[3] Aufwand","[3] AUFWAND","[36] Eigene Beiträge","[362] Gemeinden","3","3","36","362","42336.35"
"494","Gals","2009","[1] OEFFENTLICHE SICHERHEIT","[16] Zivile Landesverteidigung","[160] Zivilschutz","1","16","160","[3] Aufwand","[3] AUFWAND","[36] Eigene Beiträge","[362] Gemeinden","3","3","36","362","1127.95"
"494","Gals","2009","[2] BILDUNG","[21] Volksschule","[212] Sekundarstufe 1 (7. - 9. Schuljahr, Real- + Sekundarschule)","2","21","212","[3] Aufwand","[3] AUFWAND","[36] Eigene Beiträge","[362] Gemeinden","3","3","36","362","86212.35"
"494","Gals","2009","[2] BILDUNG","[25] Allgemeinbildende Schulen","[250] Gymnasium","2","25","250","[3] Aufwand","[3] AUFWAND","[36] Eigene Beiträge","[362] Gemeinden","3","3","36","362","2855.00"
"494","Gals","2009","[5] SOZIALE WOHLFAHRT","[58] Sozialhilfe","[582] Weitere Wohlfahrts-, Vor- + Fürsorgeeinrichtungen","5","58","582","[3] Aufwand","[3] AUFWAND","[36] Eigene Beiträge","[362] Gemeinden","3","3","36","362","19503.40"
"494","Gals","2009","[7] UMWELT UND RAUMORDNUNG","[71] Abwasserentsorgung","[710] Abwasserentsorgung","7","71","710","[3] Aufwand","[3] AUFWAND","[36] Eigene Beiträge","[362] Gemeinden","3","3","36","362","132929.35"
"494","Gals","2009","[0] ALLGEMEINE VERWALTUNG","[02] Allgemeine Verwaltung","[029] Allgemeine Verwaltung","0","2","29","[3] Aufwand","[3] AUFWAND","[36] Eigene Beiträge","[365] Private Institutionen","3","3","36","365","3471.90"
"494","Gals","2009","[1] OEFFENTLICHE SICHERHEIT","[16] Zivile Landesverteidigung","[160] Zivilschutz","1","16","160","[3] Aufwand","[3] AUFWAND","[36] Eigene Beiträge","[365] Private Institutionen","3","3","36","365","6251.40"
"494","Gals","2009","[3] KULTUR UND FREIZEIT","[30] Kulturförderung","[300] Bibliothek","3","30","300","[3] Aufwand","[3] AUFWAND","[36] Eigene Beiträge","[365] Private Institutionen","3","3","36","365","1800.00"
"494","Gals","2009","[3] KULTUR UND FREIZEIT","[30] Kulturförderung","[302] Theater, Konzerte","3","30","302","[3] Aufwand","[3] AUFWAND","[36] Eigene Beiträge","[365] Private Institutionen","3","3","36","365","10000.00"
"494","Gals","2009","[5] SOZIALE WOHLFAHRT","[58] Sozialhilfe","[582] Weitere Wohlfahrts-, Vor- + Fürsorgeeinrichtungen","5","58","582","[3] Aufwand","[3] AUFWAND","[36] Eigene Beiträge","[365] Private Institutionen","3","3","36","365","200.00"
"494","Gals","2009","[7] UMWELT UND RAUMORDNUNG","[79] Raumordnung","[790] Raumplanung","7","79","790","[3] Aufwand","[3] AUFWAND","[36] Eigene Beiträge","[365] Private Institutionen","3","3","36","365","4493.00"
"494","Gals","2009","[3] KULTUR UND FREIZEIT","[35] Uebrige Freizeitgestaltung","[350] Uebrige Freizeitgestaltung","3","35","350","[3] Aufwand","[3] AUFWAND","[36] Eigene Beiträge","[366] Private Haushalte","3","3","36","366","5867.40"
"494","Gals","2009","[0] ALLGEMEINE VERWALTUNG","[09] Nicht aufteilbare Aufgaben","[090] Verwaltungsliegenschaften","0","9","90","[3] Aufwand","[3] AUFWAND","[39] Interne Verrechnungen","[390] Verrechneter Aufwand","3","3","39","390","3000.00"
"494","Gals","2009","[3] KULTUR UND FREIZEIT","[32] Massenmedien","[321] Antennen- + Kabelanlagen","3","32","321","[3] Aufwand","[3] AUFWAND","[39] Interne Verrechnungen","[390] Verrechneter Aufwand","3","3","39","390","3000.00"
"494","Gals","2009","[7] UMWELT UND RAUMORDNUNG","[70] Wasserversorgung","[700] Wasserversorgung","7","70","700","[3] Aufwand","[3] AUFWAND","[39] Interne Verrechnungen","[390] Verrechneter Aufwand","3","3","39","390","3000.00"
"494","Gals","2009","[9] FINANZEN UND STEUERN","[94] Vermögens- und Schuldenverwaltung","[940] Zinsen","9","94","940","[3] Aufwand","[3] AUFWAND","[39] Interne Verrechnungen","[391] Verrechnete Zinsen","3","3","39","391","25621.65"
"494","Gals","2009","[9] FINANZEN UND STEUERN","[90] Steuern","[900] Obligatorische periodische Steuern","9","90","900","[4] Ertrag","[4] ERTRAG","[40] Steuern","[400] Einkommens- und Vermögenssteuern","4","4","40","400","1150196.85"
"494","Gals","2009","[9] FINANZEN UND STEUERN","[90] Steuern","[901] Obligatorische aperiodische Steuern","9","90","901","[4] Ertrag","[4] ERTRAG","[40] Steuern","[400] Einkommens- und Vermögenssteuern","4","4","40","400","950.00"
"494","Gals","2009","[9] FINANZEN UND STEUERN","[90] Steuern","[903] Steuerabschreibungen","9","90","903","[4] Ertrag","[4] ERTRAG","[40] Steuern","[400] Einkommens- und Vermögenssteuern","4","4","40","400","166.25"
"494","Gals","2009","[9] FINANZEN UND STEUERN","[90] Steuern","[900] Obligatorische periodische Steuern","9","90","900","[4] Ertrag","[4] ERTRAG","[40] Steuern","[401] Gewinn- und Kapitalsteuern","4","4","40","401","17096.40"
"494","Gals","2009","[9] FINANZEN UND STEUERN","[90] Steuern","[903] Steuerabschreibungen","9","90","903","[4] Ertrag","[4] ERTRAG","[40] Steuern","[403] Vermögensgewinnsteuern","4","4","40","403","6221.15"
"494","Gals","2009","[9] FINANZEN UND STEUERN","[94] Vermögens- und Schuldenverwaltung","[942] Liegenschaften des Finanzvermögens","9","94","942","[4] Ertrag","[4] ERTRAG","[42] Vermögenserträge","[423] Liegenschaften des Finanzvermögens","4","4","42","423","99754.05"
"494","Gals","2009","[0] ALLGEMEINE VERWALTUNG","[09] Nicht aufteilbare Aufgaben","[090] Verwaltungsliegenschaften","0","9","90","[4] Ertrag","[4] ERTRAG","[42] Vermögenserträge","[427] Liegenschaften des Verwaltungsvermögens","4","4","42","427","17000.00"
"494","Gals","2009","[3] KULTUR UND FREIZEIT","[34] Sport","[340] Sport","3","34","340","[4] Ertrag","[4] ERTRAG","[42] Vermögenserträge","[427] Liegenschaften des Verwaltungsvermögens","4","4","42","427","5800.00"
"494","Gals","2009","[0] ALLGEMEINE VERWALTUNG","[02] Allgemeine Verwaltung","[029] Allgemeine Verwaltung","0","2","29","[4] Ertrag","[4] ERTRAG","[43] Entgelte","[431] Gebühren für Amtshandlungen","4","4","43","431","120.00"
"494","Gals","2009","[6] VERKEHR","[62] Gemeindestrassen","[620] Gemeindestrassennetz","6","62","620","[4] Ertrag","[4] ERTRAG","[43] Entgelte","[434] Andere Benützungsgebühren und Dienstleistungen","4","4","43","434","1750.95"
"494","Gals","2009","[7] UMWELT UND RAUMORDNUNG","[71] Abwasserentsorgung","[710] Abwasserentsorgung","7","71","710","[4] Ertrag","[4] ERTRAG","[43] Entgelte","[434] Andere Benützungsgebühren und Dienstleistungen","4","4","43","434","241936.05"
"494","Gals","2009","[7] UMWELT UND RAUMORDNUNG","[72] Abfallentsorgung","[720] Abfallentsorgung","7","72","720","[4] Ertrag","[4] ERTRAG","[43] Entgelte","[434] Andere Benützungsgebühren und Dienstleistungen","4","4","43","434","48894.60"
"494","Gals","2009","[3] KULTUR UND FREIZEIT","[32] Massenmedien","[321] Antennen- + Kabelanlagen","3","32","321","[4] Ertrag","[4] ERTRAG","[43] Entgelte","[435] Uebrige Verkaufserlöse","4","4","43","435","46563.07"
"494","Gals","2009","[7] UMWELT UND RAUMORDNUNG","[70] Wasserversorgung","[700] Wasserversorgung","7","70","700","[4] Ertrag","[4] ERTRAG","[43] Entgelte","[435] Uebrige Verkaufserlöse","4","4","43","435","119759.90"
"494","Gals","2009","[8] VOLKSWIRTSCHAFT","[81] Forstwirtschaft","[812] Holzernte","8","81","812","[4] Ertrag","[4] ERTRAG","[43] Entgelte","[435] Uebrige Verkaufserlöse","4","4","43","435","16636.00"
"494","Gals","2009","[8] VOLKSWIRTSCHAFT","[81] Forstwirtschaft","[815] Nebennutzungen","8","81","815","[4] Ertrag","[4] ERTRAG","[43] Entgelte","[435] Uebrige Verkaufserlöse","4","4","43","435","930.00"
"494","Gals","2009","[0] ALLGEMEINE VERWALTUNG","[02] Allgemeine Verwaltung","[029] Allgemeine Verwaltung","0","2","29","[4] Ertrag","[4] ERTRAG","[43] Entgelte","[436] Rückerstattungen","4","4","43","436","17994.40"
"494","Gals","2009","[6] VERKEHR","[62] Gemeindestrassen","[620] Gemeindestrassennetz","6","62","620","[4] Ertrag","[4] ERTRAG","[43] Entgelte","[436] Rückerstattungen","4","4","43","436","1179.00"
"494","Gals","2009","[8] VOLKSWIRTSCHAFT","[81] Forstwirtschaft","[811] Kulturen, Pflegemassnahmen","8","81","811","[4] Ertrag","[4] ERTRAG","[43] Entgelte","[436] Rückerstattungen","4","4","43","436","292.50"
"494","Gals","2009","[9] FINANZEN UND STEUERN","[99] Nicht aufgeteilte Posten","[995] Neutrale Aufwendungen und Erträge","9","99","995","[4] Ertrag","[4] ERTRAG","[46] Beiträge","[469] Uebrige Beiträge für eigene Rechnung","4","4","46","469","120000.00"
"494","Gals","2009","[0] ALLGEMEINE VERWALTUNG","[09] Nicht aufteilbare Aufgaben","[090] Verwaltungsliegenschaften","0","9","90","[5] Ausgaben","[5] Ausgaben","[50] Sachgüter","[501] Tiefbauten","5","5","50","501","21992.20"
"494","Gals","2009","[3] KULTUR UND FREIZEIT","[32] Massenmedien","[321] Antennen- + Kabelanlagen","3","32","321","[5] Ausgaben","[5] Ausgaben","[50] Sachgüter","[501] Tiefbauten","5","5","50","501","924.70"
"494","Gals","2009","[9] FINANZEN UND STEUERN","[99] Nicht aufgeteilte Posten","[999] Abschluss","9","99","999","[5] Ausgaben","[5] Ausgaben","[59] Passivierungen","[592] Uebertrag Einnahmenüberschuss in die Laufende Rechnung","5","5","59","592","59905.40"
"494","Gals","2009","[7] UMWELT UND RAUMORDNUNG","[70] Wasserversorgung","[700] Wasserversorgung","7","70","700","[6] Einnahmen","[6] Einnahmen","[61] Nutzungsabgaben und Vorteilsentgelte","[610] Beiträge Dritter für eigene Rechnung","6","6","61","610","56930.10"
"494","Gals","2009","[9] FINANZEN UND STEUERN","[99] Nicht aufgeteilte Posten","[999] Abschluss","9","99","999","[6] Einnahmen","[6] Einnahmen","[69] Aktivierungen","[690] Aktivierte Ausgaben","6","6","69","690","261476.95"
"494","Gals","2010","[0] ALLGEMEINE VERWALTUNG","[01] Legislative und Exekutive","[012] Exekutive","0","1","12","[3] Aufwand","[3] AUFWAND","[30] Personalaufwand","[300] Personalaufwand der Behörden und Kommissionen","3","3","30","300","18431.40"
"494","Gals","2010","[3] KULTUR UND FREIZEIT","[35] Uebrige Freizeitgestaltung","[350] Uebrige Freizeitgestaltung","3","35","350","[3] Aufwand","[3] AUFWAND","[30] Personalaufwand","[300] Personalaufwand der Behörden und Kommissionen","3","3","30","300","1260.00"
"494","Gals","2010","[0] ALLGEMEINE VERWALTUNG","[09] Nicht aufteilbare Aufgaben","[090] Verwaltungsliegenschaften","0","9","90","[3] Aufwand","[3] AUFWAND","[30] Personalaufwand","[301] Löhne des Verwaltungs- + Betriebspersonals","3","3","30","301","29432.20"
"494","Gals","2010","[1] OEFFENTLICHE SICHERHEIT","[11] Polizei","[113] Gemeindepolizei","1","11","113","[3] Aufwand","[3] AUFWAND","[30] Personalaufwand","[301] Löhne des Verwaltungs- + Betriebspersonals","3","3","30","301","8186.85"
"494","Gals","2010","[3] KULTUR UND FREIZEIT","[32] Massenmedien","[321] Antennen- + Kabelanlagen","3","32","321","[3] Aufwand","[3] AUFWAND","[30] Personalaufwand","[301] Löhne des Verwaltungs- + Betriebspersonals","3","3","30","301","666.80"
"494","Gals","2010","[3] KULTUR UND FREIZEIT","[34] Sport","[340] Sport","3","34","340","[3] Aufwand","[3] AUFWAND","[30] Personalaufwand","[301] Löhne des Verwaltungs- + Betriebspersonals","3","3","30","301","4000.00"
"494","Gals","2010","[7] UMWELT UND RAUMORDNUNG","[70] Wasserversorgung","[700] Wasserversorgung","7","70","700","[3] Aufwand","[3] AUFWAND","[30] Personalaufwand","[301] Löhne des Verwaltungs- + Betriebspersonals","3","3","30","301","21926.25"
"494","Gals","2010","[7] UMWELT UND RAUMORDNUNG","[71] Abwasserentsorgung","[710] Abwasserentsorgung","7","71","710","[3] Aufwand","[3] AUFWAND","[30] Personalaufwand","[301] Löhne des Verwaltungs- + Betriebspersonals","3","3","30","301","3325.45"
"494","Gals","2010","[8] VOLKSWIRTSCHAFT","[80] Landwirtschaft","[800] Landwirtschaft","8","80","800","[3] Aufwand","[3] AUFWAND","[30] Personalaufwand","[301] Löhne des Verwaltungs- + Betriebspersonals","3","3","30","301","911.70"
"494","Gals","2010","[8] VOLKSWIRTSCHAFT","[81] Forstwirtschaft","[810] Forstverwaltung","8","81","810","[3] Aufwand","[3] AUFWAND","[30] Personalaufwand","[301] Löhne des Verwaltungs- + Betriebspersonals","3","3","30","301","300.00"
"494","Gals","2010","[8] VOLKSWIRTSCHAFT","[81] Forstwirtschaft","[812] Holzernte","8","81","812","[3] Aufwand","[3] AUFWAND","[30] Personalaufwand","[301] Löhne des Verwaltungs- + Betriebspersonals","3","3","30","301","431.25"
"494","Gals","2010","[8] VOLKSWIRTSCHAFT","[81] Forstwirtschaft","[815] Nebennutzungen","8","81","815","[3] Aufwand","[3] AUFWAND","[30] Personalaufwand","[301] Löhne des Verwaltungs- + Betriebspersonals","3","3","30","301","361.20"
"494","Gals","2010","[9] FINANZEN UND STEUERN","[94] Vermögens- und Schuldenverwaltung","[942] Liegenschaften des Finanzvermögens","9","94","942","[3] Aufwand","[3] AUFWAND","[30] Personalaufwand","[301] Löhne des Verwaltungs- + Betriebspersonals","3","3","30","301","5770.85"
"494","Gals","2010","[0] ALLGEMEINE VERWALTUNG","[02] Allgemeine Verwaltung","[029] Allgemeine Verwaltung","0","2","29","[3] Aufwand","[3] AUFWAND","[30] Personalaufwand","[303] Sozialversicherungsbeiträge","3","3","30","303","7559.45"
"494","Gals","2010","[0] ALLGEMEINE VERWALTUNG","[09] Nicht aufteilbare Aufgaben","[090] Verwaltungsliegenschaften","0","9","90","[3] Aufwand","[3] AUFWAND","[30] Personalaufwand","[303] Sozialversicherungsbeiträge","3","3","30","303","1450.95"
"494","Gals","2010","[2] BILDUNG","[21] Volksschule","[217] Schulliegenschaften (Ki.garten sofern nicht zuteilbar, Prim + Sek 1)","2","21","217","[3] Aufwand","[3] AUFWAND","[30] Personalaufwand","[303] Sozialversicherungsbeiträge","3","3","30","303","2710.40"
"494","Gals","2010","[3] KULTUR UND FREIZEIT","[34] Sport","[340] Sport","3","34","340","[3] Aufwand","[3] AUFWAND","[30] Personalaufwand","[303] Sozialversicherungsbeiträge","3","3","30","303","339.70"
"494","Gals","2010","[6] VERKEHR","[62] Gemeindestrassen","[620] Gemeindestrassennetz","6","62","620","[3] Aufwand","[3] AUFWAND","[30] Personalaufwand","[303] Sozialversicherungsbeiträge","3","3","30","303","1686.05"
"494","Gals","2010","[7] UMWELT UND RAUMORDNUNG","[70] Wasserversorgung","[700] Wasserversorgung","7","70","700","[3] Aufwand","[3] AUFWAND","[30] Personalaufwand","[303] Sozialversicherungsbeiträge","3","3","30","303","1168.10"
"494","Gals","2010","[7] UMWELT UND RAUMORDNUNG","[71] Abwasserentsorgung","[710] Abwasserentsorgung","7","71","710","[3] Aufwand","[3] AUFWAND","[30] Personalaufwand","[303] Sozialversicherungsbeiträge","3","3","30","303","138.35"
"494","Gals","2010","[7] UMWELT UND RAUMORDNUNG","[72] Abfallentsorgung","[720] Abfallentsorgung","7","72","720","[3] Aufwand","[3] AUFWAND","[30] Personalaufwand","[303] Sozialversicherungsbeiträge","3","3","30","303","437.70"
"494","Gals","2010","[8] VOLKSWIRTSCHAFT","[81] Forstwirtschaft","[813] Strassen- und Wegunterhalt","8","81","813","[3] Aufwand","[3] AUFWAND","[30] Personalaufwand","[303] Sozialversicherungsbeiträge","3","3","30","303","91.65"
"494","Gals","2010","[8] VOLKSWIRTSCHAFT","[81] Forstwirtschaft","[815] Nebennutzungen","8","81","815","[3] Aufwand","[3] AUFWAND","[30] Personalaufwand","[303] Sozialversicherungsbeiträge","3","3","30","303","23.25"
"494","Gals","2010","[9] FINANZEN UND STEUERN","[94] Vermögens- und Schuldenverwaltung","[942] Liegenschaften des Finanzvermögens","9","94","942","[3] Aufwand","[3] AUFWAND","[30] Personalaufwand","[303] Sozialversicherungsbeiträge","3","3","30","303","268.30"
"494","Gals","2010","[0] ALLGEMEINE VERWALTUNG","[09] Nicht aufteilbare Aufgaben","[090] Verwaltungsliegenschaften","0","9","90","[3] Aufwand","[3] AUFWAND","[30] Personalaufwand","[304] Personalversicherungsbeiträge","3","3","30","304","2500.00"
"494","Gals","2010","[0] ALLGEMEINE VERWALTUNG","[02] Allgemeine Verwaltung","[029] Allgemeine Verwaltung","0","2","29","[3] Aufwand","[3] AUFWAND","[30] Personalaufwand","[305] Unfall- und Krankenversicherungsbeiträge","3","3","30","305","5597.80"
"494","Gals","2010","[6] VERKEHR","[62] Gemeindestrassen","[620] Gemeindestrassennetz","6","62","620","[3] Aufwand","[3] AUFWAND","[30] Personalaufwand","[305] Unfall- und Krankenversicherungsbeiträge","3","3","30","305","2742.40"
"494","Gals","2010","[0] ALLGEMEINE VERWALTUNG","[02] Allgemeine Verwaltung","[029] Allgemeine Verwaltung","0","2","29","[3] Aufwand","[3] AUFWAND","[31] Sachaufwand","[310] Büro- und Schulmaterialien, Drucksachen","3","3","31","310","2315.75"
"494","Gals","2010","[2] BILDUNG","[21] Volksschule","[210] Primarstufe (1. - 6. Schuljahr)","2","21","210","[3] Aufwand","[3] AUFWAND","[31] Sachaufwand","[310] Büro- und Schulmaterialien, Drucksachen","3","3","31","310","33167.80"
"494","Gals","2010","[9] FINANZEN UND STEUERN","[90] Steuern","[904] Fakultative Steuern und Abgaben","9","90","904","[3] Aufwand","[3] AUFWAND","[31] Sachaufwand","[310] Büro- und Schulmaterialien, Drucksachen","3","3","31","310","37.45"
"494","Gals","2010","[0] ALLGEMEINE VERWALTUNG","[02] Allgemeine Verwaltung","[029] Allgemeine Verwaltung","0","2","29","[3] Aufwand","[3] AUFWAND","[31] Sachaufwand","[311] Anschaffung Mobilien, Maschinen, Fahrzeuge","3","3","31","311","324.20"
"494","Gals","2010","[6] VERKEHR","[62] Gemeindestrassen","[620] Gemeindestrassennetz","6","62","620","[3] Aufwand","[3] AUFWAND","[31] Sachaufwand","[311] Anschaffung Mobilien, Maschinen, Fahrzeuge","3","3","31","311","367.65"
"494","Gals","2010","[0] ALLGEMEINE VERWALTUNG","[09] Nicht aufteilbare Aufgaben","[090] Verwaltungsliegenschaften","0","9","90","[3] Aufwand","[3] AUFWAND","[31] Sachaufwand","[312] Wasser, Energie, Heizmaterialien","3","3","31","312","19174.20"
"494","Gals","2010","[7] UMWELT UND RAUMORDNUNG","[70] Wasserversorgung","[700] Wasserversorgung","7","70","700","[3] Aufwand","[3] AUFWAND","[31] Sachaufwand","[312] Wasser, Energie, Heizmaterialien","3","3","31","312","113.40"
"494","Gals","2010","[2] BILDUNG","[21] Volksschule","[217] Schulliegenschaften (Ki.garten sofern nicht zuteilbar, Prim + Sek 1)","2","21","217","[3] Aufwand","[3] AUFWAND","[31] Sachaufwand","[313] Verbrauchsmaterialien","3","3","31","313","1615.50"
"494","Gals","2010","[6] VERKEHR","[62] Gemeindestrassen","[620] Gemeindestrassennetz","6","62","620","[3] Aufwand","[3] AUFWAND","[31] Sachaufwand","[313] Verbrauchsmaterialien","3","3","31","313","9099.50"
"494","Gals","2010","[7] UMWELT UND RAUMORDNUNG","[74] Friedhof und Bestattung","[740] Friedhof und Bestattung","7","74","740","[3] Aufwand","[3] AUFWAND","[31] Sachaufwand","[313] Verbrauchsmaterialien","3","3","31","313","155.85"
"494","Gals","2010","[8] VOLKSWIRTSCHAFT","[81] Forstwirtschaft","[811] Kulturen, Pflegemassnahmen","8","81","811","[3] Aufwand","[3] AUFWAND","[31] Sachaufwand","[313] Verbrauchsmaterialien","3","3","31","313","503.80"
"494","Gals","2010","[0] ALLGEMEINE VERWALTUNG","[09] Nicht aufteilbare Aufgaben","[090] Verwaltungsliegenschaften","0","9","90","[3] Aufwand","[3] AUFWAND","[31] Sachaufwand","[314] Dienstleistungen Dritter für den baulichen Unterhalt","3","3","31","314","3319.20"
"494","Gals","2010","[2] BILDUNG","[21] Volksschule","[217] Schulliegenschaften (Ki.garten sofern nicht zuteilbar, Prim + Sek 1)","2","21","217","[3] Aufwand","[3] AUFWAND","[31] Sachaufwand","[314] Dienstleistungen Dritter für den baulichen Unterhalt","3","3","31","314","2043.75"
"494","Gals","2010","[3] KULTUR UND FREIZEIT","[32] Massenmedien","[321] Antennen- + Kabelanlagen","3","32","321","[3] Aufwand","[3] AUFWAND","[31] Sachaufwand","[314] Dienstleistungen Dritter für den baulichen Unterhalt","3","3","31","314","4090.70"
"494","Gals","2010","[3] KULTUR UND FREIZEIT","[34] Sport","[340] Sport","3","34","340","[3] Aufwand","[3] AUFWAND","[31] Sachaufwand","[314] Dienstleistungen Dritter für den baulichen Unterhalt","3","3","31","314","751.80"
"494","Gals","2010","[7] UMWELT UND RAUMORDNUNG","[70] Wasserversorgung","[700] Wasserversorgung","7","70","700","[3] Aufwand","[3] AUFWAND","[31] Sachaufwand","[314] Dienstleistungen Dritter für den baulichen Unterhalt","3","3","31","314","29221.75"
"494","Gals","2010","[7] UMWELT UND RAUMORDNUNG","[71] Abwasserentsorgung","[710] Abwasserentsorgung","7","71","710","[3] Aufwand","[3] AUFWAND","[31] Sachaufwand","[314] Dienstleistungen Dritter für den baulichen Unterhalt","3","3","31","314","1800.35"
"494","Gals","2010","[8] VOLKSWIRTSCHAFT","[81] Forstwirtschaft","[812] Holzernte","8","81","812","[3] Aufwand","[3] AUFWAND","[31] Sachaufwand","[314] Dienstleistungen Dritter für den baulichen Unterhalt","3","3","31","314","22945.05"
"494","Gals","2010","[8] VOLKSWIRTSCHAFT","[81] Forstwirtschaft","[813] Strassen- und Wegunterhalt","8","81","813","[3] Aufwand","[3] AUFWAND","[31] Sachaufwand","[314] Dienstleistungen Dritter für den baulichen Unterhalt","3","3","31","314","184.50"
"494","Gals","2010","[9] FINANZEN UND STEUERN","[94] Vermögens- und Schuldenverwaltung","[942] Liegenschaften des Finanzvermögens","9","94","942","[3] Aufwand","[3] AUFWAND","[31] Sachaufwand","[314] Dienstleistungen Dritter für den baulichen Unterhalt","3","3","31","314","618.95"
"494","Gals","2010","[2] BILDUNG","[21] Volksschule","[210] Primarstufe (1. - 6. Schuljahr)","2","21","210","[3] Aufwand","[3] AUFWAND","[31] Sachaufwand","[315] Dienstleistungen Dritter für den übrigen Unterhalt","3","3","31","315","404.00"
"494","Gals","2010","[6] VERKEHR","[62] Gemeindestrassen","[620] Gemeindestrassennetz","6","62","620","[3] Aufwand","[3] AUFWAND","[31] Sachaufwand","[316] Mieten, Pachten, Benützungskosten","3","3","31","316","1000.00"
"494","Gals","2010","[0] ALLGEMEINE VERWALTUNG","[02] Allgemeine Verwaltung","[029] Allgemeine Verwaltung","0","2","29","[3] Aufwand","[3] AUFWAND","[31] Sachaufwand","[318] Dienstleistungen und Honorare, allg. Verwaltungsaufwand","3","3","31","318","112509.55"
"494","Gals","2010","[1] OEFFENTLICHE SICHERHEIT","[10] Rechtsaufsicht","[100] Mass und Gewicht","1","10","100","[3] Aufwand","[3] AUFWAND","[31] Sachaufwand","[318] Dienstleistungen und Honorare, allg. Verwaltungsaufwand","3","3","31","318","18858.70"
"494","Gals","2010","[1] OEFFENTLICHE SICHERHEIT","[16] Zivile Landesverteidigung","[160] Zivilschutz","1","16","160","[3] Aufwand","[3] AUFWAND","[31] Sachaufwand","[318] Dienstleistungen und Honorare, allg. Verwaltungsaufwand","3","3","31","318","937.70"
"494","Gals","2010","[2] BILDUNG","[21] Volksschule","[210] Primarstufe (1. - 6. Schuljahr)","2","21","210","[3] Aufwand","[3] AUFWAND","[31] Sachaufwand","[318] Dienstleistungen und Honorare, allg. Verwaltungsaufwand","3","3","31","318","2050.65"
"494","Gals","2010","[2] BILDUNG","[21] Volksschule","[218] ...","2","21","218","[3] Aufwand","[3] AUFWAND","[31] Sachaufwand","[318] Dienstleistungen und Honorare, allg. Verwaltungsaufwand","3","3","31","318","2866.75"
"494","Gals","2010","[3] KULTUR UND FREIZEIT","[30] Kulturförderung","[309] Uebrige Kulturförderung","3","30","309","[3] Aufwand","[3] AUFWAND","[31] Sachaufwand","[318] Dienstleistungen und Honorare, allg. Verwaltungsaufwand","3","3","31","318","9257.95"
"494","Gals","2010","[4] GESUNDHEIT","[46] Schulgesundheitsdienst","[461] Schulzahnärztliche Pflege","4","46","461","[3] Aufwand","[3] AUFWAND","[31] Sachaufwand","[318] Dienstleistungen und Honorare, allg. Verwaltungsaufwand","3","3","31","318","1562.40"
"494","Gals","2010","[6] VERKEHR","[62] Gemeindestrassen","[620] Gemeindestrassennetz","6","62","620","[3] Aufwand","[3] AUFWAND","[31] Sachaufwand","[318] Dienstleistungen und Honorare, allg. Verwaltungsaufwand","3","3","31","318","636.40"
"494","Gals","2010","[7] UMWELT UND RAUMORDNUNG","[72] Abfallentsorgung","[720] Abfallentsorgung","7","72","720","[3] Aufwand","[3] AUFWAND","[31] Sachaufwand","[318] Dienstleistungen und Honorare, allg. Verwaltungsaufwand","3","3","31","318","51510.05"
"494","Gals","2010","[7] UMWELT UND RAUMORDNUNG","[74] Friedhof und Bestattung","[740] Friedhof und Bestattung","7","74","740","[3] Aufwand","[3] AUFWAND","[31] Sachaufwand","[318] Dienstleistungen und Honorare, allg. Verwaltungsaufwand","3","3","31","318","228.95"
"494","Gals","2010","[7] UMWELT UND RAUMORDNUNG","[79] Raumordnung","[790] Raumplanung","7","79","790","[3] Aufwand","[3] AUFWAND","[31] Sachaufwand","[318] Dienstleistungen und Honorare, allg. Verwaltungsaufwand","3","3","31","318","14069.50"
"494","Gals","2010","[8] VOLKSWIRTSCHAFT","[81] Forstwirtschaft","[810] Forstverwaltung","8","81","810","[3] Aufwand","[3] AUFWAND","[31] Sachaufwand","[319] Uebriger Sachaufwand","3","3","31","319","194.80"
"494","Gals","2010","[9] FINANZEN UND STEUERN","[94] Vermögens- und Schuldenverwaltung","[940] Zinsen","9","94","940","[3] Aufwand","[3] AUFWAND","[32] Passivzinsen","[321] Kurzfristige Schulden","3","3","32","321","6532.75"
"494","Gals","2010","[1] OEFFENTLICHE SICHERHEIT","[14] Wehrdienste","[140] Wehrdienste","1","14","140","[3] Aufwand","[3] AUFWAND","[33] Abschreibungen","[330] Finanzvermögen","3","3","33","330","374.55"
"494","Gals","2010","[9] FINANZEN UND STEUERN","[90] Steuern","[903] Steuerabschreibungen","9","90","903","[3] Aufwand","[3] AUFWAND","[33] Abschreibungen","[330] Finanzvermögen","3","3","33","330","110876.90"
"494","Gals","2010","[9] FINANZEN UND STEUERN","[99] Nicht aufgeteilte Posten","[990] Abschreibungen","9","99","990","[3] Aufwand","[3] AUFWAND","[33] Abschreibungen","[330] Finanzvermögen","3","3","33","330","498.65"
"494","Gals","2010","[9] FINANZEN UND STEUERN","[99] Nicht aufgeteilte Posten","[990] Abschreibungen","9","99","990","[3] Aufwand","[3] AUFWAND","[33] Abschreibungen","[332] Verwaltungsvermögen - übrige Abschreibungen","3","3","33","332","245975.50"
"494","Gals","2010","[5] SOZIALE WOHLFAHRT","[58] Sozialhilfe","[587] Lastenausgleich","5","58","587","[3] Aufwand","[3] AUFWAND","[35] Entschädigungen an Gemeinwesen","[351] Kanton","3","3","35","351","292484.95"
"494","Gals","2010","[2] BILDUNG","[20] Kindergarten","[200] Kindergarten","2","20","200","[3] Aufwand","[3] AUFWAND","[35] Entschädigungen an Gemeinwesen","[352] Gemeinden","3","3","35","352","33243.00"
"494","Gals","2010","[7] UMWELT UND RAUMORDNUNG","[78] Uebriger Umweltschutz","[781] Tierkörperbeseitigung","7","78","781","[3] Aufwand","[3] AUFWAND","[35] Entschädigungen an Gemeinwesen","[352] Gemeinden","3","3","35","352","2393.90"
"494","Gals","2010","[7] UMWELT UND RAUMORDNUNG","[71] Abwasserentsorgung","[710] Abwasserentsorgung","7","71","710","[3] Aufwand","[3] AUFWAND","[36] Eigene Beiträge","[361] Kanton","3","3","36","361","10827.00"
"494","Gals","2010","[9] FINANZEN UND STEUERN","[94] Vermögens- und Schuldenverwaltung","[942] Liegenschaften des Finanzvermögens","9","94","942","[3] Aufwand","[3] AUFWAND","[36] Eigene Beiträge","[361] Kanton","3","3","36","361","11586.00"
"494","Gals","2010","[1] OEFFENTLICHE SICHERHEIT","[14] Wehrdienste","[140] Wehrdienste","1","14","140","[3] Aufwand","[3] AUFWAND","[36] Eigene Beiträge","[362] Gemeinden","3","3","36","362","43331.80"
"494","Gals","2010","[2] BILDUNG","[21] Volksschule","[214] Musikschulen","2","21","214","[3] Aufwand","[3] AUFWAND","[36] Eigene Beiträge","[362] Gemeinden","3","3","36","362","27163.25"
"494","Gals","2010","[7] UMWELT UND RAUMORDNUNG","[70] Wasserversorgung","[700] Wasserversorgung","7","70","700","[3] Aufwand","[3] AUFWAND","[36] Eigene Beiträge","[362] Gemeinden","3","3","36","362","83472.10"
"494","Gals","2010","[7] UMWELT UND RAUMORDNUNG","[71] Abwasserentsorgung","[710] Abwasserentsorgung","7","71","710","[3] Aufwand","[3] AUFWAND","[36] Eigene Beiträge","[362] Gemeinden","3","3","36","362","139405.20"
"494","Gals","2010","[8] VOLKSWIRTSCHAFT","[81] Forstwirtschaft","[815] Nebennutzungen","8","81","815","[3] Aufwand","[3] AUFWAND","[36] Eigene Beiträge","[362] Gemeinden","3","3","36","362","635.90"
"494","Gals","2010","[3] KULTUR UND FREIZEIT","[33] Parkanlagen und Wanderwege","[330] Parkanlagen und Wanderwege","3","33","330","[3] Aufwand","[3] AUFWAND","[36] Eigene Beiträge","[365] Private Institutionen","3","3","36","365","144.00"
"494","Gals","2010","[5] SOZIALE WOHLFAHRT","[54] Jugendschutz","[540] Jugendschutz","5","54","540","[3] Aufwand","[3] AUFWAND","[36] Eigene Beiträge","[365] Private Institutionen","3","3","36","365","2696.30"
"494","Gals","2010","[8] VOLKSWIRTSCHAFT","[80] Landwirtschaft","[800] Landwirtschaft","8","80","800","[3] Aufwand","[3] AUFWAND","[36] Eigene Beiträge","[365] Private Institutionen","3","3","36","365","5085.65"
"494","Gals","2010","[7] UMWELT UND RAUMORDNUNG","[70] Wasserversorgung","[700] Wasserversorgung","7","70","700","[3] Aufwand","[3] AUFWAND","[38] Einlagen in Spezialfinanzierungen","[380] Einlagen in Spezialfinanzierungen","3","3","38","380","19500.00"
"494","Gals","2010","[7] UMWELT UND RAUMORDNUNG","[71] Abwasserentsorgung","[710] Abwasserentsorgung","7","71","710","[3] Aufwand","[3] AUFWAND","[38] Einlagen in Spezialfinanzierungen","[380] Einlagen in Spezialfinanzierungen","3","3","38","380","63668.10"
"494","Gals","2010","[2] BILDUNG","[21] Volksschule","[217] Schulliegenschaften (Ki.garten sofern nicht zuteilbar, Prim + Sek 1)","2","21","217","[3] Aufwand","[3] AUFWAND","[39] Interne Verrechnungen","[390] Verrechneter Aufwand","3","3","39","390","3000.00"
"494","Gals","2010","[5] SOZIALE WOHLFAHRT","[50] Altersversicherung","[500] AHV-Zweigstelle","5","50","500","[3] Aufwand","[3] AUFWAND","[39] Interne Verrechnungen","[390] Verrechneter Aufwand","3","3","39","390","10000.00"
"494","Gals","2010","[6] VERKEHR","[62] Gemeindestrassen","[620] Gemeindestrassennetz","6","62","620","[3] Aufwand","[3] AUFWAND","[39] Interne Verrechnungen","[390] Verrechneter Aufwand","3","3","39","390","3000.00"
"494","Gals","2010","[7] UMWELT UND RAUMORDNUNG","[71] Abwasserentsorgung","[710] Abwasserentsorgung","7","71","710","[3] Aufwand","[3] AUFWAND","[39] Interne Verrechnungen","[390] Verrechneter Aufwand","3","3","39","390","3000.00"
"494","Gals","2010","[7] UMWELT UND RAUMORDNUNG","[72] Abfallentsorgung","[720] Abfallentsorgung","7","72","720","[3] Aufwand","[3] AUFWAND","[39] Interne Verrechnungen","[390] Verrechneter Aufwand","3","3","39","390","2393.90"
"494","Gals","2010","[9] FINANZEN UND STEUERN","[94] Vermögens- und Schuldenverwaltung","[942] Liegenschaften des Finanzvermögens","9","94","942","[3] Aufwand","[3] AUFWAND","[39] Interne Verrechnungen","[390] Verrechneter Aufwand","3","3","39","390","7000.00"
"494","Gals","2010","[7] UMWELT UND RAUMORDNUNG","[71] Abwasserentsorgung","[710] Abwasserentsorgung","7","71","710","[3] Aufwand","[3] AUFWAND","[39] Interne Verrechnungen","[391] Verrechnete Zinsen","3","3","39","391","17172.25"
"494","Gals","2010","[9] FINANZEN UND STEUERN","[94] Vermögens- und Schuldenverwaltung","[940] Zinsen","9","94","940","[3] Aufwand","[3] AUFWAND","[39] Interne Verrechnungen","[395] Verrechneter Ertrag","3","3","39","395","26442.70"
"494","Gals","2010","[9] FINANZEN UND STEUERN","[90] Steuern","[902] Liegenschaftssteuern","9","90","902","[4] Ertrag","[4] ERTRAG","[40] Steuern","[402] Liegenschaftssteuern","4","4","40","402","142817.45"
"494","Gals","2010","[9] FINANZEN UND STEUERN","[90] Steuern","[901] Obligatorische aperiodische Steuern","9","90","901","[4] Ertrag","[4] ERTRAG","[40] Steuern","[403] Vermögensgewinnsteuern","4","4","40","403","38093.50"
"494","Gals","2010","[9] FINANZEN UND STEUERN","[90] Steuern","[904] Fakultative Steuern und Abgaben","9","90","904","[4] Ertrag","[4] ERTRAG","[40] Steuern","[406] Besitz- und Aufwandsteuern","4","4","40","406","4560.00"
"494","Gals","2010","[8] VOLKSWIRTSCHAFT","[86] Energie","[860] Elektrizität","8","86","860","[4] Ertrag","[4] ERTRAG","[41] Regalien und Konzessionen","[410] Erträge aus Regalien und Konzessionen","4","4","41","410","28525.00"
"494","Gals","2010","[9] FINANZEN UND STEUERN","[94] Vermögens- und Schuldenverwaltung","[940] Zinsen","9","94","940","[4] Ertrag","[4] ERTRAG","[42] Vermögenserträge","[421] Flüssige Mittel und Guthaben","4","4","42","421","10084.40"
"494","Gals","2010","[9] FINANZEN UND STEUERN","[94] Vermögens- und Schuldenverwaltung","[940] Zinsen","9","94","940","[4] Ertrag","[4] ERTRAG","[42] Vermögenserträge","[422] Anlagen des Finanzvermögens","4","4","42","422","2030.00"
"494","Gals","2010","[2] BILDUNG","[21] Volksschule","[217] Schulliegenschaften (Ki.garten sofern nicht zuteilbar, Prim + Sek 1)","2","21","217","[4] Ertrag","[4] ERTRAG","[42] Vermögenserträge","[427] Liegenschaften des Verwaltungsvermögens","4","4","42","427","13200.00"
"494","Gals","2010","[1] OEFFENTLICHE SICHERHEIT","[14] Wehrdienste","[140] Wehrdienste","1","14","140","[4] Ertrag","[4] ERTRAG","[43] Entgelte","[430] Ersatzabgaben","4","4","43","430","43706.35"
"494","Gals","2010","[1] OEFFENTLICHE SICHERHEIT","[16] Zivile Landesverteidigung","[160] Zivilschutz","1","16","160","[4] Ertrag","[4] ERTRAG","[43] Entgelte","[430] Ersatzabgaben","4","4","43","430","6625.00"
"494","Gals","2010","[1] OEFFENTLICHE SICHERHEIT","[10] Rechtsaufsicht","[101] Uebrige Rechtspflege","1","10","101","[4] Ertrag","[4] ERTRAG","[43] Entgelte","[431] Gebühren für Amtshandlungen","4","4","43","431","37346.88"
"494","Gals","2010","[6] VERKEHR","[65] Regionalverkehr","[650] Regionalverkehrsbetriebe","6","65","650","[4] Ertrag","[4] ERTRAG","[43] Entgelte","[431] Gebühren für Amtshandlungen","4","4","43","431","534.00"
"494","Gals","2010","[7] UMWELT UND RAUMORDNUNG","[74] Friedhof und Bestattung","[740] Friedhof und Bestattung","7","74","740","[4] Ertrag","[4] ERTRAG","[43] Entgelte","[434] Andere Benützungsgebühren und Dienstleistungen","4","4","43","434","500.00"
"494","Gals","2010","[7] UMWELT UND RAUMORDNUNG","[70] Wasserversorgung","[700] Wasserversorgung","7","70","700","[4] Ertrag","[4] ERTRAG","[43] Entgelte","[436] Rückerstattungen","4","4","43","436","1777.50"
"494","Gals","2010","[9] FINANZEN UND STEUERN","[93] Anteile an kantonalen Steuern und Abgaben","[930] Anteile an kantonalen Steuern und Abgaben","9","93","930","[4] Ertrag","[4] ERTRAG","[44] Anteile und Beiträge ohne Zweckbindungen","[441] Anteile an Kantonseinnahmen","4","4","44","441","6765.60"
"494","Gals","2010","[9] FINANZEN UND STEUERN","[92] Finanzausgleich","[920] Finanzausgleich","9","92","920","[4] Ertrag","[4] ERTRAG","[44] Anteile und Beiträge ohne Zweckbindungen","[444] Leistungen aus dem Finanzausgleich","4","4","44","444","125561.00"
"494","Gals","2010","[0] ALLGEMEINE VERWALTUNG","[02] Allgemeine Verwaltung","[029] Allgemeine Verwaltung","0","2","29","[4] Ertrag","[4] ERTRAG","[45] Rückerstattungen von Gemeinwesen","[451] Kanton","4","4","45","451","651.00"
"494","Gals","2010","[2] BILDUNG","[20] Kindergarten","[200] Kindergarten","2","20","200","[4] Ertrag","[4] ERTRAG","[45] Rückerstattungen von Gemeinwesen","[451] Kanton","4","4","45","451","7792.00"
"494","Gals","2010","[6] VERKEHR","[62] Gemeindestrassen","[620] Gemeindestrassennetz","6","62","620","[4] Ertrag","[4] ERTRAG","[45] Rückerstattungen von Gemeinwesen","[451] Kanton","4","4","45","451","62433.60"
"494","Gals","2010","[3] KULTUR UND FREIZEIT","[35] Uebrige Freizeitgestaltung","[350] Uebrige Freizeitgestaltung","3","35","350","[4] Ertrag","[4] ERTRAG","[45] Rückerstattungen von Gemeinwesen","[452] Gemeinden","4","4","45","452","4576.65"
"494","Gals","2010","[1] OEFFENTLICHE SICHERHEIT","[16] Zivile Landesverteidigung","[160] Zivilschutz","1","16","160","[4] Ertrag","[4] ERTRAG","[46] Beiträge","[461] Kanton","4","4","46","461","791.00"
"494","Gals","2010","[7] UMWELT UND RAUMORDNUNG","[71] Abwasserentsorgung","[710] Abwasserentsorgung","7","71","710","[4] Ertrag","[4] ERTRAG","[48] Entnahmen aus Spezialfinanzierungen","[480] Entnahmen aus Spezialfinanzierungen","4","4","48","480","42843.00"
"494","Gals","2010","[7] UMWELT UND RAUMORDNUNG","[72] Abfallentsorgung","[720] Abfallentsorgung","7","72","720","[4] Ertrag","[4] ERTRAG","[48] Entnahmen aus Spezialfinanzierungen","[480] Entnahmen aus Spezialfinanzierungen","4","4","48","480","22608.75"
"494","Gals","2010","[0] ALLGEMEINE VERWALTUNG","[02] Allgemeine Verwaltung","[029] Allgemeine Verwaltung","0","2","29","[4] Ertrag","[4] ERTRAG","[49] Interne Verrechnungen","[490] Verrechneter Aufwand","4","4","49","490","35000.00"
"494","Gals","2010","[7] UMWELT UND RAUMORDNUNG","[78] Uebriger Umweltschutz","[781] Tierkörperbeseitigung","7","78","781","[4] Ertrag","[4] ERTRAG","[49] Interne Verrechnungen","[490] Verrechneter Aufwand","4","4","49","490","2393.90"
"494","Gals","2010","[9] FINANZEN UND STEUERN","[94] Vermögens- und Schuldenverwaltung","[940] Zinsen","9","94","940","[4] Ertrag","[4] ERTRAG","[49] Interne Verrechnungen","[491] Verrechnete Zinsen","4","4","49","491","17172.25"
"494","Gals","2010","[6] VERKEHR","[62] Gemeindestrassen","[620] Gemeindestrassennetz","6","62","620","[5] Ausgaben","[5] Ausgaben","[50] Sachgüter","[501] Tiefbauten","5","5","50","501","115794.75"
"494","Gals","2010","[9] FINANZEN UND STEUERN","[99] Nicht aufgeteilte Posten","[999] Abschluss","9","99","999","[5] Ausgaben","[5] Ausgaben","[59] Passivierungen","[590] Passivierte Einnahmen","5","5","59","590","9748.70"
"494","Gals","2010","[3] KULTUR UND FREIZEIT","[32] Massenmedien","[321] Antennen- + Kabelanlagen","3","32","321","[6] Einnahmen","[6] Einnahmen","[61] Nutzungsabgaben und Vorteilsentgelte","[610] Beiträge Dritter für eigene Rechnung","6","6","61","610","3900.00"
"494","Gals","2010","[6] VERKEHR","[62] Gemeindestrassen","[620] Gemeindestrassennetz","6","62","620","[6] Einnahmen","[6] Einnahmen","[61] Nutzungsabgaben und Vorteilsentgelte","[610] Beiträge Dritter für eigene Rechnung","6","6","61","610","4848.70"
"494","Gals","2010","[9] FINANZEN UND STEUERN","[94] Vermögens- und Schuldenverwaltung","[942] Liegenschaften des Finanzvermögens","9","94","942","[6] Einnahmen","[6] Einnahmen","[66] Beiträge für eigene Rechnung","[669] Uebrige Beiträge für eigene Rechnung","6","6","66","669","1000.00"
"494","Gals","2006","[0] ALLGEMEINE VERWALTUNG","[01] Legislative und Exekutive","","0","1","","[3] Aufwand","[3] AUFWAND","[30] Personalaufwand","[300] Personalaufwand der Behörden und Kommissionen","3","3","30","300","25538.60"
"494","Gals","2006","[2] BILDUNG","[21] Volksschule","","2","21","","[3] Aufwand","[3] AUFWAND","[30] Personalaufwand","[300] Personalaufwand der Behörden und Kommissionen","3","3","30","300","3800.00"
"494","Gals","2006","[0] ALLGEMEINE VERWALTUNG","[09] Nicht aufteilbare Aufgaben","","0","9","","[3] Aufwand","[3] AUFWAND","[30] Personalaufwand","[301] Löhne des Verwaltungs- + Betriebspersonals","3","3","30","301","43743.50"
"494","Gals","2006","[1] OEFFENTLICHE SICHERHEIT","[16] Zivile Landesverteidigung","","1","16","","[3] Aufwand","[3] AUFWAND","[30] Personalaufwand","[301] Löhne des Verwaltungs- + Betriebspersonals","3","3","30","301","1708.35"
"494","Gals","2006","[4] GESUNDHEIT","[47] Lebensmittelkontrolle","","4","47","","[3] Aufwand","[3] AUFWAND","[30] Personalaufwand","[301] Löhne des Verwaltungs- + Betriebspersonals","3","3","30","301","1010.00"
"494","Gals","2006","[7] UMWELT UND RAUMORDNUNG","[70] Wasserversorgung","","7","70","","[3] Aufwand","[3] AUFWAND","[30] Personalaufwand","[301] Löhne des Verwaltungs- + Betriebspersonals","3","3","30","301","13279.95"
"494","Gals","2006","[7] UMWELT UND RAUMORDNUNG","[71] Abwasserentsorgung","","7","71","","[3] Aufwand","[3] AUFWAND","[30] Personalaufwand","[301] Löhne des Verwaltungs- + Betriebspersonals","3","3","30","301","4795.50"
"494","Gals","2006","[8] VOLKSWIRTSCHAFT","[80] Landwirtschaft","","8","80","","[3] Aufwand","[3] AUFWAND","[30] Personalaufwand","[301] Löhne des Verwaltungs- + Betriebspersonals","3","3","30","301","687.40"
"494","Gals","2006","[0] ALLGEMEINE VERWALTUNG","[09] Nicht aufteilbare Aufgaben","","0","9","","[3] Aufwand","[3] AUFWAND","[30] Personalaufwand","[303] Sozialversicherungsbeiträge","3","3","30","303","2541.10"
"494","Gals","2006","[1] OEFFENTLICHE SICHERHEIT","[11] Polizei","","1","11","","[3] Aufwand","[3] AUFWAND","[30] Personalaufwand","[303] Sozialversicherungsbeiträge","3","3","30","303","465.40"
"494","Gals","2006","[1] OEFFENTLICHE SICHERHEIT","[16] Zivile Landesverteidigung","","1","16","","[3] Aufwand","[3] AUFWAND","[30] Personalaufwand","[303] Sozialversicherungsbeiträge","3","3","30","303","108.80"
"494","Gals","2006","[2] BILDUNG","[21] Volksschule","","2","21","","[3] Aufwand","[3] AUFWAND","[30] Personalaufwand","[303] Sozialversicherungsbeiträge","3","3","30","303","1939.30"
"494","Gals","2006","[4] GESUNDHEIT","[47] Lebensmittelkontrolle","","4","47","","[3] Aufwand","[3] AUFWAND","[30] Personalaufwand","[303] Sozialversicherungsbeiträge","3","3","30","303","64.30"
"494","Gals","2006","[6] VERKEHR","[62] Gemeindestrassen","","6","62","","[3] Aufwand","[3] AUFWAND","[30] Personalaufwand","[303] Sozialversicherungsbeiträge","3","3","30","303","867.35"
"494","Gals","2006","[7] UMWELT UND RAUMORDNUNG","[71] Abwasserentsorgung","","7","71","","[3] Aufwand","[3] AUFWAND","[30] Personalaufwand","[303] Sozialversicherungsbeiträge","3","3","30","303","305.40"
"494","Gals","2006","[7] UMWELT UND RAUMORDNUNG","[74] Friedhof und Bestattung","","7","74","","[3] Aufwand","[3] AUFWAND","[30] Personalaufwand","[303] Sozialversicherungsbeiträge","3","3","30","303","528.10"
"494","Gals","2006","[8] VOLKSWIRTSCHAFT","[81] Forstwirtschaft","","8","81","","[3] Aufwand","[3] AUFWAND","[30] Personalaufwand","[303] Sozialversicherungsbeiträge","3","3","30","303","85.25"
"494","Gals","2006","[0] ALLGEMEINE VERWALTUNG","[02] Allgemeine Verwaltung","","0","2","","[3] Aufwand","[3] AUFWAND","[30] Personalaufwand","[305] Unfall- und Krankenversicherungsbeiträge","3","3","30","305","3648.25"
"494","Gals","2006","[2] BILDUNG","[21] Volksschule","","2","21","","[3] Aufwand","[3] AUFWAND","[30] Personalaufwand","[305] Unfall- und Krankenversicherungsbeiträge","3","3","30","305","218.00"
"494","Gals","2006","[6] VERKEHR","[62] Gemeindestrassen","","6","62","","[3] Aufwand","[3] AUFWAND","[30] Personalaufwand","[305] Unfall- und Krankenversicherungsbeiträge","3","3","30","305","1388.45"
"494","Gals","2006","[0] ALLGEMEINE VERWALTUNG","[02] Allgemeine Verwaltung","","0","2","","[3] Aufwand","[3] AUFWAND","[31] Sachaufwand","[310] Büro- und Schulmaterialien, Drucksachen","3","3","31","310","7042.25"
"494","Gals","2006","[2] BILDUNG","[21] Volksschule","","2","21","","[3] Aufwand","[3] AUFWAND","[31] Sachaufwand","[310] Büro- und Schulmaterialien, Drucksachen","3","3","31","310","19468.55"
"494","Gals","2006","[7] UMWELT UND RAUMORDNUNG","[70] Wasserversorgung","","7","70","","[3] Aufwand","[3] AUFWAND","[31] Sachaufwand","[310] Büro- und Schulmaterialien, Drucksachen","3","3","31","310","453.65"
"494","Gals","2006","[7] UMWELT UND RAUMORDNUNG","[74] Friedhof und Bestattung","","7","74","","[3] Aufwand","[3] AUFWAND","[31] Sachaufwand","[310] Büro- und Schulmaterialien, Drucksachen","3","3","31","310","79.40"
"494","Gals","2006","[0] ALLGEMEINE VERWALTUNG","[09] Nicht aufteilbare Aufgaben","","0","9","","[3] Aufwand","[3] AUFWAND","[31] Sachaufwand","[311] Anschaffung Mobilien, Maschinen, Fahrzeuge","3","3","31","311","5255.95"
"494","Gals","2006","[2] BILDUNG","[21] Volksschule","","2","21","","[3] Aufwand","[3] AUFWAND","[31] Sachaufwand","[311] Anschaffung Mobilien, Maschinen, Fahrzeuge","3","3","31","311","249.80"
"494","Gals","2006","[6] VERKEHR","[62] Gemeindestrassen","","6","62","","[3] Aufwand","[3] AUFWAND","[31] Sachaufwand","[311] Anschaffung Mobilien, Maschinen, Fahrzeuge","3","3","31","311","2003.70"
"494","Gals","2006","[3] KULTUR UND FREIZEIT","[32] Massenmedien","","3","32","","[3] Aufwand","[3] AUFWAND","[31] Sachaufwand","[312] Wasser, Energie, Heizmaterialien","3","3","31","312","1632.50"
"494","Gals","2006","[3] KULTUR UND FREIZEIT","[34] Sport","","3","34","","[3] Aufwand","[3] AUFWAND","[31] Sachaufwand","[312] Wasser, Energie, Heizmaterialien","3","3","31","312","9.00"
"494","Gals","2006","[2] BILDUNG","[21] Volksschule","","2","21","","[3] Aufwand","[3] AUFWAND","[31] Sachaufwand","[313] Verbrauchsmaterialien","3","3","31","313","2139.95"
"494","Gals","2006","[6] VERKEHR","[62] Gemeindestrassen","","6","62","","[3] Aufwand","[3] AUFWAND","[31] Sachaufwand","[313] Verbrauchsmaterialien","3","3","31","313","14388.35"
"494","Gals","2006","[8] VOLKSWIRTSCHAFT","[81] Forstwirtschaft","","8","81","","[3] Aufwand","[3] AUFWAND","[31] Sachaufwand","[313] Verbrauchsmaterialien","3","3","31","313","849.30"
"494","Gals","2006","[9] FINANZEN UND STEUERN","[94] Vermögens- und Schuldenverwaltung","","9","94","","[3] Aufwand","[3] AUFWAND","[31] Sachaufwand","[313] Verbrauchsmaterialien","3","3","31","313","112.50"
"494","Gals","2006","[0] ALLGEMEINE VERWALTUNG","[09] Nicht aufteilbare Aufgaben","","0","9","","[3] Aufwand","[3] AUFWAND","[31] Sachaufwand","[314] Dienstleistungen Dritter für den baulichen Unterhalt","3","3","31","314","33607.05"
"494","Gals","2006","[3] KULTUR UND FREIZEIT","[32] Massenmedien","","3","32","","[3] Aufwand","[3] AUFWAND","[31] Sachaufwand","[314] Dienstleistungen Dritter für den baulichen Unterhalt","3","3","31","314","4914.90"
"494","Gals","2006","[7] UMWELT UND RAUMORDNUNG","[70] Wasserversorgung","","7","70","","[3] Aufwand","[3] AUFWAND","[31] Sachaufwand","[314] Dienstleistungen Dritter für den baulichen Unterhalt","3","3","31","314","5260.35"
"494","Gals","2006","[7] UMWELT UND RAUMORDNUNG","[71] Abwasserentsorgung","","7","71","","[3] Aufwand","[3] AUFWAND","[31] Sachaufwand","[314] Dienstleistungen Dritter für den baulichen Unterhalt","3","3","31","314","1263.00"
"494","Gals","2006","[0] ALLGEMEINE VERWALTUNG","[02] Allgemeine Verwaltung","","0","2","","[3] Aufwand","[3] AUFWAND","[31] Sachaufwand","[315] Dienstleistungen Dritter für den übrigen Unterhalt","3","3","31","315","1586.30"
"494","Gals","2006","[5] SOZIALE WOHLFAHRT","[58] Sozialhilfe","","5","58","","[3] Aufwand","[3] AUFWAND","[31] Sachaufwand","[316] Mieten, Pachten, Benützungskosten","3","3","31","316","5650.00"
"494","Gals","2006","[6] VERKEHR","[62] Gemeindestrassen","","6","62","","[3] Aufwand","[3] AUFWAND","[31] Sachaufwand","[316] Mieten, Pachten, Benützungskosten","3","3","31","316","1800.00"
"494","Gals","2006","[0] ALLGEMEINE VERWALTUNG","[01] Legislative und Exekutive","","0","1","","[3] Aufwand","[3] AUFWAND","[31] Sachaufwand","[317] Spesenentschädigungen","3","3","31","317","5687.60"
"494","Gals","2006","[0] ALLGEMEINE VERWALTUNG","[02] Allgemeine Verwaltung","","0","2","","[3] Aufwand","[3] AUFWAND","[31] Sachaufwand","[318] Dienstleistungen und Honorare, allg. Verwaltungsaufwand","3","3","31","318","56092.10"
"494","Gals","2006","[1] OEFFENTLICHE SICHERHEIT","[15] Militärische Landesverteidigung","","1","15","","[3] Aufwand","[3] AUFWAND","[31] Sachaufwand","[318] Dienstleistungen und Honorare, allg. Verwaltungsaufwand","3","3","31","318","184.30"
"494","Gals","2006","[2] BILDUNG","[21] Volksschule","","2","21","","[3] Aufwand","[3] AUFWAND","[31] Sachaufwand","[318] Dienstleistungen und Honorare, allg. Verwaltungsaufwand","3","3","31","318","3357.40"
"494","Gals","2006","[4] GESUNDHEIT","[46] Schulgesundheitsdienst","","4","46","","[3] Aufwand","[3] AUFWAND","[31] Sachaufwand","[318] Dienstleistungen und Honorare, allg. Verwaltungsaufwand","3","3","31","318","1619.00"
"494","Gals","2006","[6] VERKEHR","[62] Gemeindestrassen","","6","62","","[3] Aufwand","[3] AUFWAND","[31] Sachaufwand","[318] Dienstleistungen und Honorare, allg. Verwaltungsaufwand","3","3","31","318","1213.90"
"494","Gals","2006","[7] UMWELT UND RAUMORDNUNG","[72] Abfallentsorgung","","7","72","","[3] Aufwand","[3] AUFWAND","[31] Sachaufwand","[318] Dienstleistungen und Honorare, allg. Verwaltungsaufwand","3","3","31","318","25265.15"
"494","Gals","2006","[7] UMWELT UND RAUMORDNUNG","[74] Friedhof und Bestattung","","7","74","","[3] Aufwand","[3] AUFWAND","[31] Sachaufwand","[318] Dienstleistungen und Honorare, allg. Verwaltungsaufwand","3","3","31","318","224.30"
"494","Gals","2006","[8] VOLKSWIRTSCHAFT","[81] Forstwirtschaft","","8","81","","[3] Aufwand","[3] AUFWAND","[31] Sachaufwand","[318] Dienstleistungen und Honorare, allg. Verwaltungsaufwand","3","3","31","318","60.00"
"494","Gals","2006","[9] FINANZEN UND STEUERN","[94] Vermögens- und Schuldenverwaltung","","9","94","","[3] Aufwand","[3] AUFWAND","[31] Sachaufwand","[318] Dienstleistungen und Honorare, allg. Verwaltungsaufwand","3","3","31","318","3227.80"
"494","Gals","2006","[8] VOLKSWIRTSCHAFT","[81] Forstwirtschaft","","8","81","","[3] Aufwand","[3] AUFWAND","[31] Sachaufwand","[319] Uebriger Sachaufwand","3","3","31","319","317.05"
"494","Gals","2006","[9] FINANZEN UND STEUERN","[94] Vermögens- und Schuldenverwaltung","","9","94","","[3] Aufwand","[3] AUFWAND","[32] Passivzinsen","[321] Kurzfristige Schulden","3","3","32","321","4352.65"
"494","Gals","2006","[9] FINANZEN UND STEUERN","[90] Steuern","","9","90","","[3] Aufwand","[3] AUFWAND","[33] Abschreibungen","[330] Finanzvermögen","3","3","33","330","8539.00"
"494","Gals","2006","[9] FINANZEN UND STEUERN","[99] Nicht aufgeteilte Posten","","9","99","","[3] Aufwand","[3] AUFWAND","[33] Abschreibungen","[331] Verwaltungsvermögen - harmonisierte Abschreibungen","3","3","33","331","67187.65"
"494","Gals","2006","[3] KULTUR UND FREIZEIT","[32] Massenmedien","","3","32","","[3] Aufwand","[3] AUFWAND","[33] Abschreibungen","[336] ...","3","3","33","336","60.00"
"494","Gals","2006","[7] UMWELT UND RAUMORDNUNG","[70] Wasserversorgung","","7","70","","[3] Aufwand","[3] AUFWAND","[33] Abschreibungen","[336] ...","3","3","33","336","420.00"
"494","Gals","2006","[2] BILDUNG","[20] Kindergarten","","2","20","","[3] Aufwand","[3] AUFWAND","[35] Entschädigungen an Gemeinwesen","[351] Kanton","3","3","35","351","17581.20"
"494","Gals","2006","[3] KULTUR UND FREIZEIT","[32] Massenmedien","","3","32","","[3] Aufwand","[3] AUFWAND","[35] Entschädigungen an Gemeinwesen","[352] Gemeinden","3","3","35","352","20958.25"
"494","Gals","2006","[7] UMWELT UND RAUMORDNUNG","[78] Uebriger Umweltschutz","","7","78","","[3] Aufwand","[3] AUFWAND","[35] Entschädigungen an Gemeinwesen","[352] Gemeinden","3","3","35","352","4451.15"
"494","Gals","2006","[5] SOZIALE WOHLFAHRT","[50] Altersversicherung","","5","50","","[3] Aufwand","[3] AUFWAND","[36] Eigene Beiträge","[361] Kanton","3","3","36","361","42780.00"
"494","Gals","2006","[6] VERKEHR","[65] Regionalverkehr","","6","65","","[3] Aufwand","[3] AUFWAND","[36] Eigene Beiträge","[361] Kanton","3","3","36","361","31101.00"
"494","Gals","2006","[7] UMWELT UND RAUMORDNUNG","[71] Abwasserentsorgung","","7","71","","[3] Aufwand","[3] AUFWAND","[36] Eigene Beiträge","[361] Kanton","3","3","36","361","9504.00"
"494","Gals","2006","[1] OEFFENTLICHE SICHERHEIT","[16] Zivile Landesverteidigung","","1","16","","[3] Aufwand","[3] AUFWAND","[36] Eigene Beiträge","[362] Gemeinden","3","3","36","362","1573.20"
"494","Gals","2006","[2] BILDUNG","[25] Allgemeinbildende Schulen","","2","25","","[3] Aufwand","[3] AUFWAND","[36] Eigene Beiträge","[362] Gemeinden","3","3","36","362","3030.00"
"494","Gals","2006","[7] UMWELT UND RAUMORDNUNG","[70] Wasserversorgung","","7","70","","[3] Aufwand","[3] AUFWAND","[36] Eigene Beiträge","[362] Gemeinden","3","3","36","362","110561.15"
"494","Gals","2006","[5] SOZIALE WOHLFAHRT","[54] Jugendschutz","","5","54","","[3] Aufwand","[3] AUFWAND","[36] Eigene Beiträge","[365] Private Institutionen","3","3","36","365","1385.75"
"494","Gals","2006","[8] VOLKSWIRTSCHAFT","[80] Landwirtschaft","","8","80","","[3] Aufwand","[3] AUFWAND","[36] Eigene Beiträge","[365] Private Institutionen","3","3","36","365","4352.70"
"494","Gals","2006","[5] SOZIALE WOHLFAHRT","[58] Sozialhilfe","","5","58","","[3] Aufwand","[3] AUFWAND","[36] Eigene Beiträge","[366] Private Haushalte","3","3","36","366","3438.15"
"494","Gals","2006","[1] OEFFENTLICHE SICHERHEIT","[16] Zivile Landesverteidigung","","1","16","","[3] Aufwand","[3] AUFWAND","[38] Einlagen in Spezialfinanzierungen","[380] Einlagen in Spezialfinanzierungen","3","3","38","380","17225.00"
"494","Gals","2006","[3] KULTUR UND FREIZEIT","[32] Massenmedien","","3","32","","[3] Aufwand","[3] AUFWAND","[38] Einlagen in Spezialfinanzierungen","[380] Einlagen in Spezialfinanzierungen","3","3","38","380","29948.10"
"494","Gals","2006","[7] UMWELT UND RAUMORDNUNG","[71] Abwasserentsorgung","","7","71","","[3] Aufwand","[3] AUFWAND","[38] Einlagen in Spezialfinanzierungen","[380] Einlagen in Spezialfinanzierungen","3","3","38","380","73872.70"
"494","Gals","2006","[0] ALLGEMEINE VERWALTUNG","[09] Nicht aufteilbare Aufgaben","","0","9","","[3] Aufwand","[3] AUFWAND","[39] Interne Verrechnungen","[390] Verrechneter Aufwand","3","3","39","390","3000.00"
"494","Gals","2006","[2] BILDUNG","[21] Volksschule","","2","21","","[3] Aufwand","[3] AUFWAND","[39] Interne Verrechnungen","[390] Verrechneter Aufwand","3","3","39","390","3000.00"
"494","Gals","2006","[5] SOZIALE WOHLFAHRT","[50] Altersversicherung","","5","50","","[3] Aufwand","[3] AUFWAND","[39] Interne Verrechnungen","[390] Verrechneter Aufwand","3","3","39","390","10000.00"
"494","Gals","2006","[6] VERKEHR","[62] Gemeindestrassen","","6","62","","[3] Aufwand","[3] AUFWAND","[39] Interne Verrechnungen","[390] Verrechneter Aufwand","3","3","39","390","3000.00"
"494","Gals","2006","[7] UMWELT UND RAUMORDNUNG","[71] Abwasserentsorgung","","7","71","","[3] Aufwand","[3] AUFWAND","[39] Interne Verrechnungen","[390] Verrechneter Aufwand","3","3","39","390","3000.00"
"494","Gals","2006","[7] UMWELT UND RAUMORDNUNG","[72] Abfallentsorgung","","7","72","","[3] Aufwand","[3] AUFWAND","[39] Interne Verrechnungen","[390] Verrechneter Aufwand","3","3","39","390","3636.35"
"494","Gals","2006","[7] UMWELT UND RAUMORDNUNG","[71] Abwasserentsorgung","","7","71","","[3] Aufwand","[3] AUFWAND","[39] Interne Verrechnungen","[391] Verrechnete Zinsen","3","3","39","391","25267.85"
"494","Gals","2006","[9] FINANZEN UND STEUERN","[94] Vermögens- und Schuldenverwaltung","","9","94","","[3] Aufwand","[3] AUFWAND","[39] Interne Verrechnungen","[395] Verrechneter Ertrag","3","3","39","395","21826.20"
"494","Gals","2006","[9] FINANZEN UND STEUERN","[90] Steuern","","9","90","","[4] Ertrag","[4] ERTRAG","[40] Steuern","[401] Gewinn- und Kapitalsteuern","4","4","40","401","21466.20"
"494","Gals","2006","[9] FINANZEN UND STEUERN","[90] Steuern","","9","90","","[4] Ertrag","[4] ERTRAG","[40] Steuern","[406] Besitz- und Aufwandsteuern","4","4","40","406","3255.25"
"494","Gals","2006","[9] FINANZEN UND STEUERN","[94] Vermögens- und Schuldenverwaltung","","9","94","","[4] Ertrag","[4] ERTRAG","[42] Vermögenserträge","[421] Flüssige Mittel und Guthaben","4","4","42","421","6575.55"
"494","Gals","2006","[2] BILDUNG","[21] Volksschule","","2","21","","[4] Ertrag","[4] ERTRAG","[42] Vermögenserträge","[427] Liegenschaften des Verwaltungsvermögens","4","4","42","427","13950.00"
"494","Gals","2006","[3] KULTUR UND FREIZEIT","[32] Massenmedien","","3","32","","[4] Ertrag","[4] ERTRAG","[42] Vermögenserträge","[428] Einnahmeüberschuss der Investitionsrechnung","4","4","42","428","465.35"
"494","Gals","2006","[7] UMWELT UND RAUMORDNUNG","[70] Wasserversorgung","","7","70","","[4] Ertrag","[4] ERTRAG","[42] Vermögenserträge","[428] Einnahmeüberschuss der Investitionsrechnung","4","4","42","428","31115.00"
"494","Gals","2006","[1] OEFFENTLICHE SICHERHEIT","[14] Wehrdienste","","1","14","","[4] Ertrag","[4] ERTRAG","[43] Entgelte","[430] Ersatzabgaben","4","4","43","430","42805.35"
"494","Gals","2006","[1] OEFFENTLICHE SICHERHEIT","[16] Zivile Landesverteidigung","","1","16","","[4] Ertrag","[4] ERTRAG","[43] Entgelte","[430] Ersatzabgaben","4","4","43","430","17225.00"
"494","Gals","2006","[1] OEFFENTLICHE SICHERHEIT","[10] Rechtsaufsicht","","1","10","","[4] Ertrag","[4] ERTRAG","[43] Entgelte","[431] Gebühren für Amtshandlungen","4","4","43","431","51049.00"
"494","Gals","2006","[7] UMWELT UND RAUMORDNUNG","[78] Uebriger Umweltschutz","","7","78","","[4] Ertrag","[4] ERTRAG","[43] Entgelte","[431] Gebühren für Amtshandlungen","4","4","43","431","814.80"
"494","Gals","2006","[7] UMWELT UND RAUMORDNUNG","[72] Abfallentsorgung","","7","72","","[4] Ertrag","[4] ERTRAG","[43] Entgelte","[434] Andere Benützungsgebühren und Dienstleistungen","4","4","43","434","41031.95"
"494","Gals","2006","[6] VERKEHR","[62] Gemeindestrassen","","6","62","","[4] Ertrag","[4] ERTRAG","[43] Entgelte","[435] Uebrige Verkaufserlöse","4","4","43","435","1291.20"
"494","Gals","2006","[8] VOLKSWIRTSCHAFT","[81] Forstwirtschaft","","8","81","","[4] Ertrag","[4] ERTRAG","[43] Entgelte","[435] Uebrige Verkaufserlöse","4","4","43","435","17407.40"
"494","Gals","2006","[0] ALLGEMEINE VERWALTUNG","[09] Nicht aufteilbare Aufgaben","","0","9","","[4] Ertrag","[4] ERTRAG","[43] Entgelte","[436] Rückerstattungen","4","4","43","436","11910.80"
"494","Gals","2006","[7] UMWELT UND RAUMORDNUNG","[70] Wasserversorgung","","7","70","","[4] Ertrag","[4] ERTRAG","[43] Entgelte","[436] Rückerstattungen","4","4","43","436","4427.00"
"494","Gals","2006","[9] FINANZEN UND STEUERN","[93] Anteile an kantonalen Steuern und Abgaben","","9","93","","[4] Ertrag","[4] ERTRAG","[44] Anteile und Beiträge ohne Zweckbindungen","[441] Anteile an Kantonseinnahmen","4","4","44","441","260.75"
"494","Gals","2006","[9] FINANZEN UND STEUERN","[92] Finanzausgleich","","9","92","","[4] Ertrag","[4] ERTRAG","[44] Anteile und Beiträge ohne Zweckbindungen","[444] Leistungen aus dem Finanzausgleich","4","4","44","444","124064.00"
"494","Gals","2006","[0] ALLGEMEINE VERWALTUNG","[02] Allgemeine Verwaltung","","0","2","","[4] Ertrag","[4] ERTRAG","[45] Rückerstattungen von Gemeinwesen","[451] Kanton","4","4","45","451","688.00"
"494","Gals","2006","[5] SOZIALE WOHLFAHRT","[58] Sozialhilfe","","5","58","","[4] Ertrag","[4] ERTRAG","[45] Rückerstattungen von Gemeinwesen","[451] Kanton","4","4","45","451","9504.45"
"494","Gals","2006","[6] VERKEHR","[62] Gemeindestrassen","","6","62","","[4] Ertrag","[4] ERTRAG","[45] Rückerstattungen von Gemeinwesen","[451] Kanton","4","4","45","451","54745.85"
"494","Gals","2006","[3] KULTUR UND FREIZEIT","[35] Uebrige Freizeitgestaltung","","3","35","","[4] Ertrag","[4] ERTRAG","[45] Rückerstattungen von Gemeinwesen","[452] Gemeinden","4","4","45","452","3452.00"
"494","Gals","2006","[8] VOLKSWIRTSCHAFT","[81] Forstwirtschaft","","8","81","","[4] Ertrag","[4] ERTRAG","[46] Beiträge","[461] Kanton","4","4","46","461","459.20"
"494","Gals","2006","[7] UMWELT UND RAUMORDNUNG","[71] Abwasserentsorgung","","7","71","","[4] Ertrag","[4] ERTRAG","[48] Entnahmen aus Spezialfinanzierungen","[480] Entnahmen aus Spezialfinanzierungen","4","4","48","480","42843.00"
"494","Gals","2006","[0] ALLGEMEINE VERWALTUNG","[02] Allgemeine Verwaltung","","0","2","","[4] Ertrag","[4] ERTRAG","[49] Interne Verrechnungen","[490] Verrechneter Aufwand","4","4","49","490","35000.00"
"494","Gals","2006","[7] UMWELT UND RAUMORDNUNG","[78] Uebriger Umweltschutz","","7","78","","[4] Ertrag","[4] ERTRAG","[49] Interne Verrechnungen","[490] Verrechneter Aufwand","4","4","49","490","3636.35"
"494","Gals","2006","[3] KULTUR UND FREIZEIT","[32] Massenmedien","","3","32","","[4] Ertrag","[4] ERTRAG","[49] Interne Verrechnungen","[495] Verrechneter Ertrag","4","4","49","495","2742.10"
"494","Gals","2006","[7] UMWELT UND RAUMORDNUNG","[70] Wasserversorgung","","7","70","","[4] Ertrag","[4] ERTRAG","[49] Interne Verrechnungen","[495] Verrechneter Ertrag","4","4","49","495","16219.55"
"494","Gals","2006","[3] KULTUR UND FREIZEIT","[35] Uebrige Freizeitgestaltung","","3","35","","[3] Aufwand","[3] AUFWAND","[30] Personalaufwand","[300] Personalaufwand der Behörden und Kommissionen","3","3","30","300","1833.30"
"494","Gals","2006","[0] ALLGEMEINE VERWALTUNG","[02] Allgemeine Verwaltung","","0","2","","[3] Aufwand","[3] AUFWAND","[30] Personalaufwand","[301] Löhne des Verwaltungs- + Betriebspersonals","3","3","30","301","153126.10"
"494","Gals","2006","[1] OEFFENTLICHE SICHERHEIT","[11] Polizei","","1","11","","[3] Aufwand","[3] AUFWAND","[30] Personalaufwand","[301] Löhne des Verwaltungs- + Betriebspersonals","3","3","30","301","7308.40"
"494","Gals","2006","[2] BILDUNG","[21] Volksschule","","2","21","","[3] Aufwand","[3] AUFWAND","[30] Personalaufwand","[301] Löhne des Verwaltungs- + Betriebspersonals","3","3","30","301","34187.15"
"494","Gals","2006","[3] KULTUR UND FREIZEIT","[34] Sport","","3","34","","[3] Aufwand","[3] AUFWAND","[30] Personalaufwand","[301] Löhne des Verwaltungs- + Betriebspersonals","3","3","30","301","4000.00"
"494","Gals","2006","[6] VERKEHR","[62] Gemeindestrassen","","6","62","","[3] Aufwand","[3] AUFWAND","[30] Personalaufwand","[301] Löhne des Verwaltungs- + Betriebspersonals","3","3","30","301","13620.65"
"494","Gals","2006","[7] UMWELT UND RAUMORDNUNG","[72] Abfallentsorgung","","7","72","","[3] Aufwand","[3] AUFWAND","[30] Personalaufwand","[301] Löhne des Verwaltungs- + Betriebspersonals","3","3","30","301","6158.75"
"494","Gals","2006","[7] UMWELT UND RAUMORDNUNG","[74] Friedhof und Bestattung","","7","74","","[3] Aufwand","[3] AUFWAND","[30] Personalaufwand","[301] Löhne des Verwaltungs- + Betriebspersonals","3","3","30","301","8293.10"
"494","Gals","2006","[7] UMWELT UND RAUMORDNUNG","[75] Gewässerverbauungen","","7","75","","[3] Aufwand","[3] AUFWAND","[30] Personalaufwand","[301] Löhne des Verwaltungs- + Betriebspersonals","3","3","30","301","849.75"
"494","Gals","2006","[8] VOLKSWIRTSCHAFT","[81] Forstwirtschaft","","8","81","","[3] Aufwand","[3] AUFWAND","[30] Personalaufwand","[301] Löhne des Verwaltungs- + Betriebspersonals","3","3","30","301","3760.90"
"494","Gals","2006","[9] FINANZEN UND STEUERN","[94] Vermögens- und Schuldenverwaltung","","9","94","","[3] Aufwand","[3] AUFWAND","[30] Personalaufwand","[301] Löhne des Verwaltungs- + Betriebspersonals","3","3","30","301","3894.05"
"494","Gals","2006","[0] ALLGEMEINE VERWALTUNG","[02] Allgemeine Verwaltung","","0","2","","[3] Aufwand","[3] AUFWAND","[30] Personalaufwand","[303] Sozialversicherungsbeiträge","3","3","30","303","9478.60"
"494","Gals","2006","[3] KULTUR UND FREIZEIT","[34] Sport","","3","34","","[3] Aufwand","[3] AUFWAND","[30] Personalaufwand","[303] Sozialversicherungsbeiträge","3","3","30","303","254.70"
"494","Gals","2006","[7] UMWELT UND RAUMORDNUNG","[70] Wasserversorgung","","7","70","","[3] Aufwand","[3] AUFWAND","[30] Personalaufwand","[303] Sozialversicherungsbeiträge","3","3","30","303","845.70"
"494","Gals","2006","[7] UMWELT UND RAUMORDNUNG","[72] Abfallentsorgung","","7","72","","[3] Aufwand","[3] AUFWAND","[30] Personalaufwand","[303] Sozialversicherungsbeiträge","3","3","30","303","392.20"
"494","Gals","2006","[7] UMWELT UND RAUMORDNUNG","[75] Gewässerverbauungen","","7","75","","[3] Aufwand","[3] AUFWAND","[30] Personalaufwand","[303] Sozialversicherungsbeiträge","3","3","30","303","54.10"
"494","Gals","2006","[9] FINANZEN UND STEUERN","[94] Vermögens- und Schuldenverwaltung","","9","94","","[3] Aufwand","[3] AUFWAND","[30] Personalaufwand","[303] Sozialversicherungsbeiträge","3","3","30","303","248.00"
"494","Gals","2006","[0] ALLGEMEINE VERWALTUNG","[02] Allgemeine Verwaltung","","0","2","","[3] Aufwand","[3] AUFWAND","[30] Personalaufwand","[304] Personalversicherungsbeiträge","3","3","30","304","13957.75"
"494","Gals","2006","[0] ALLGEMEINE VERWALTUNG","[09] Nicht aufteilbare Aufgaben","","0","9","","[3] Aufwand","[3] AUFWAND","[30] Personalaufwand","[304] Personalversicherungsbeiträge","3","3","30","304","3889.20"
"494","Gals","2006","[6] VERKEHR","[62] Gemeindestrassen","","6","62","","[3] Aufwand","[3] AUFWAND","[30] Personalaufwand","[304] Personalversicherungsbeiträge","3","3","30","304","2319.40"
"494","Gals","2006","[2] BILDUNG","[21] Volksschule","","2","21","","[3] Aufwand","[3] AUFWAND","[30] Personalaufwand","[309] Uebriger Personalaufwand","3","3","30","309","852.40"
"494","Gals","2006","[0] ALLGEMEINE VERWALTUNG","[01] Legislative und Exekutive","","0","1","","[3] Aufwand","[3] AUFWAND","[31] Sachaufwand","[310] Büro- und Schulmaterialien, Drucksachen","3","3","31","310","3214.70"
"494","Gals","2006","[4] GESUNDHEIT","[47] Lebensmittelkontrolle","","4","47","","[3] Aufwand","[3] AUFWAND","[31] Sachaufwand","[310] Büro- und Schulmaterialien, Drucksachen","3","3","31","310","162.85"
"494","Gals","2006","[0] ALLGEMEINE VERWALTUNG","[02] Allgemeine Verwaltung","","0","2","","[3] Aufwand","[3] AUFWAND","[31] Sachaufwand","[311] Anschaffung Mobilien, Maschinen, Fahrzeuge","3","3","31","311","1872.20"
"494","Gals","2006","[7] UMWELT UND RAUMORDNUNG","[72] Abfallentsorgung","","7","72","","[3] Aufwand","[3] AUFWAND","[31] Sachaufwand","[311] Anschaffung Mobilien, Maschinen, Fahrzeuge","3","3","31","311","684.00"
"494","Gals","2006","[0] ALLGEMEINE VERWALTUNG","[09] Nicht aufteilbare Aufgaben","","0","9","","[3] Aufwand","[3] AUFWAND","[31] Sachaufwand","[312] Wasser, Energie, Heizmaterialien","3","3","31","312","22770.70"
"494","Gals","2006","[1] OEFFENTLICHE SICHERHEIT","[16] Zivile Landesverteidigung","","1","16","","[3] Aufwand","[3] AUFWAND","[31] Sachaufwand","[312] Wasser, Energie, Heizmaterialien","3","3","31","312","2482.20"
"494","Gals","2006","[2] BILDUNG","[21] Volksschule","","2","21","","[3] Aufwand","[3] AUFWAND","[31] Sachaufwand","[312] Wasser, Energie, Heizmaterialien","3","3","31","312","13914.85"
"494","Gals","2006","[6] VERKEHR","[62] Gemeindestrassen","","6","62","","[3] Aufwand","[3] AUFWAND","[31] Sachaufwand","[312] Wasser, Energie, Heizmaterialien","3","3","31","312","11790.75"
"494","Gals","2006","[0] ALLGEMEINE VERWALTUNG","[09] Nicht aufteilbare Aufgaben","","0","9","","[3] Aufwand","[3] AUFWAND","[31] Sachaufwand","[313] Verbrauchsmaterialien","3","3","31","313","3502.05"
"494","Gals","2006","[2] BILDUNG","[21] Volksschule","","2","21","","[3] Aufwand","[3] AUFWAND","[31] Sachaufwand","[314] Dienstleistungen Dritter für den baulichen Unterhalt","3","3","31","314","2066.00"
"494","Gals","2006","[3] KULTUR UND FREIZEIT","[34] Sport","","3","34","","[3] Aufwand","[3] AUFWAND","[31] Sachaufwand","[314] Dienstleistungen Dritter für den baulichen Unterhalt","3","3","31","314","114.30"
"494","Gals","2006","[6] VERKEHR","[62] Gemeindestrassen","","6","62","","[3] Aufwand","[3] AUFWAND","[31] Sachaufwand","[314] Dienstleistungen Dritter für den baulichen Unterhalt","3","3","31","314","12865.70"
"494","Gals","2006","[7] UMWELT UND RAUMORDNUNG","[72] Abfallentsorgung","","7","72","","[3] Aufwand","[3] AUFWAND","[31] Sachaufwand","[314] Dienstleistungen Dritter für den baulichen Unterhalt","3","3","31","314","1428.85"
"494","Gals","2006","[7] UMWELT UND RAUMORDNUNG","[74] Friedhof und Bestattung","","7","74","","[3] Aufwand","[3] AUFWAND","[31] Sachaufwand","[314] Dienstleistungen Dritter für den baulichen Unterhalt","3","3","31","314","2576.45"
"494","Gals","2006","[7] UMWELT UND RAUMORDNUNG","[75] Gewässerverbauungen","","7","75","","[3] Aufwand","[3] AUFWAND","[31] Sachaufwand","[314] Dienstleistungen Dritter für den baulichen Unterhalt","3","3","31","314","4000.00"
"494","Gals","2006","[8] VOLKSWIRTSCHAFT","[81] Forstwirtschaft","","8","81","","[3] Aufwand","[3] AUFWAND","[31] Sachaufwand","[314] Dienstleistungen Dritter für den baulichen Unterhalt","3","3","31","314","12856.37"
"494","Gals","2006","[9] FINANZEN UND STEUERN","[94] Vermögens- und Schuldenverwaltung","","9","94","","[3] Aufwand","[3] AUFWAND","[31] Sachaufwand","[314] Dienstleistungen Dritter für den baulichen Unterhalt","3","3","31","314","1034.30"
"494","Gals","2006","[0] ALLGEMEINE VERWALTUNG","[09] Nicht aufteilbare Aufgaben","","0","9","","[3] Aufwand","[3] AUFWAND","[31] Sachaufwand","[315] Dienstleistungen Dritter für den übrigen Unterhalt","3","3","31","315","2553.80"
"494","Gals","2006","[2] BILDUNG","[21] Volksschule","","2","21","","[3] Aufwand","[3] AUFWAND","[31] Sachaufwand","[315] Dienstleistungen Dritter für den übrigen Unterhalt","3","3","31","315","2316.15"
"494","Gals","2006","[6] VERKEHR","[62] Gemeindestrassen","","6","62","","[3] Aufwand","[3] AUFWAND","[31] Sachaufwand","[315] Dienstleistungen Dritter für den übrigen Unterhalt","3","3","31","315","478.95"
"494","Gals","2006","[2] BILDUNG","[21] Volksschule","","2","21","","[3] Aufwand","[3] AUFWAND","[31] Sachaufwand","[317] Spesenentschädigungen","3","3","31","317","5172.10"
"494","Gals","2006","[0] ALLGEMEINE VERWALTUNG","[01] Legislative und Exekutive","","0","1","","[3] Aufwand","[3] AUFWAND","[31] Sachaufwand","[318] Dienstleistungen und Honorare, allg. Verwaltungsaufwand","3","3","31","318","973.75"
"494","Gals","2006","[0] ALLGEMEINE VERWALTUNG","[09] Nicht aufteilbare Aufgaben","","0","9","","[3] Aufwand","[3] AUFWAND","[31] Sachaufwand","[318] Dienstleistungen und Honorare, allg. Verwaltungsaufwand","3","3","31","318","829.25"
"494","Gals","2006","[1] OEFFENTLICHE SICHERHEIT","[10] Rechtsaufsicht","","1","10","","[3] Aufwand","[3] AUFWAND","[31] Sachaufwand","[318] Dienstleistungen und Honorare, allg. Verwaltungsaufwand","3","3","31","318","31407.35"
"494","Gals","2006","[1] OEFFENTLICHE SICHERHEIT","[16] Zivile Landesverteidigung","","1","16","","[3] Aufwand","[3] AUFWAND","[31] Sachaufwand","[318] Dienstleistungen und Honorare, allg. Verwaltungsaufwand","3","3","31","318","846.30"
"494","Gals","2006","[3] KULTUR UND FREIZEIT","[30] Kulturförderung","","3","30","","[3] Aufwand","[3] AUFWAND","[31] Sachaufwand","[318] Dienstleistungen und Honorare, allg. Verwaltungsaufwand","3","3","31","318","2466.05"
"494","Gals","2006","[3] KULTUR UND FREIZEIT","[32] Massenmedien","","3","32","","[3] Aufwand","[3] AUFWAND","[31] Sachaufwand","[318] Dienstleistungen und Honorare, allg. Verwaltungsaufwand","3","3","31","318","2117.95"
"494","Gals","2006","[7] UMWELT UND RAUMORDNUNG","[70] Wasserversorgung","","7","70","","[3] Aufwand","[3] AUFWAND","[31] Sachaufwand","[318] Dienstleistungen und Honorare, allg. Verwaltungsaufwand","3","3","31","318","99.75"
"494","Gals","2006","[7] UMWELT UND RAUMORDNUNG","[71] Abwasserentsorgung","","7","71","","[3] Aufwand","[3] AUFWAND","[31] Sachaufwand","[318] Dienstleistungen und Honorare, allg. Verwaltungsaufwand","3","3","31","318","7140.90"
"494","Gals","2006","[7] UMWELT UND RAUMORDNUNG","[78] Uebriger Umweltschutz","","7","78","","[3] Aufwand","[3] AUFWAND","[31] Sachaufwand","[318] Dienstleistungen und Honorare, allg. Verwaltungsaufwand","3","3","31","318","90.70"
"494","Gals","2006","[7] UMWELT UND RAUMORDNUNG","[79] Raumordnung","","7","79","","[3] Aufwand","[3] AUFWAND","[31] Sachaufwand","[318] Dienstleistungen und Honorare, allg. Verwaltungsaufwand","3","3","31","318","20404.55"
"494","Gals","2006","[9] FINANZEN UND STEUERN","[94] Vermögens- und Schuldenverwaltung","","9","94","","[3] Aufwand","[3] AUFWAND","[32] Passivzinsen","[322] Mittel- und langfirstige Schulden","3","3","32","322","94914.30"
"494","Gals","2006","[1] OEFFENTLICHE SICHERHEIT","[14] Wehrdienste","","1","14","","[3] Aufwand","[3] AUFWAND","[33] Abschreibungen","[330] Finanzvermögen","3","3","33","330","1262.95"
"494","Gals","2006","[9] FINANZEN UND STEUERN","[99] Nicht aufgeteilte Posten","","9","99","","[3] Aufwand","[3] AUFWAND","[33] Abschreibungen","[330] Finanzvermögen","3","3","33","330","263.88"
"494","Gals","2006","[7] UMWELT UND RAUMORDNUNG","[71] Abwasserentsorgung","","7","71","","[3] Aufwand","[3] AUFWAND","[33] Abschreibungen","[331] Verwaltungsvermögen - harmonisierte Abschreibungen","3","3","33","331","42843.00"
"494","Gals","2006","[9] FINANZEN UND STEUERN","[99] Nicht aufgeteilte Posten","","9","99","","[3] Aufwand","[3] AUFWAND","[33] Abschreibungen","[332] Verwaltungsvermögen - übrige Abschreibungen","3","3","33","332","200000.00"
"494","Gals","2006","[0] ALLGEMEINE VERWALTUNG","[02] Allgemeine Verwaltung","","0","2","","[3] Aufwand","[3] AUFWAND","[35] Entschädigungen an Gemeinwesen","[351] Kanton","3","3","35","351","13115.00"
"494","Gals","2006","[2] BILDUNG","[21] Volksschule","","2","21","","[3] Aufwand","[3] AUFWAND","[35] Entschädigungen an Gemeinwesen","[351] Kanton","3","3","35","351","164389.05"
"494","Gals","2006","[5] SOZIALE WOHLFAHRT","[58] Sozialhilfe","","5","58","","[3] Aufwand","[3] AUFWAND","[35] Entschädigungen an Gemeinwesen","[351] Kanton","3","3","35","351","155934.05"
"494","Gals","2006","[2] BILDUNG","[20] Kindergarten","","2","20","","[3] Aufwand","[3] AUFWAND","[35] Entschädigungen an Gemeinwesen","[352] Gemeinden","3","3","35","352","22973.25"
"494","Gals","2006","[2] BILDUNG","[22] Sonderschulen","","2","22","","[3] Aufwand","[3] AUFWAND","[36] Eigene Beiträge","[361] Kanton","3","3","36","361","18816.85"
"494","Gals","2006","[5] SOZIALE WOHLFAHRT","[51] Invalidenversicherung","","5","51","","[3] Aufwand","[3] AUFWAND","[36] Eigene Beiträge","[361] Kanton","3","3","36","361","40074.00"
"494","Gals","2006","[5] SOZIALE WOHLFAHRT","[53] Sonstige Sozialversicherungen","","5","53","","[3] Aufwand","[3] AUFWAND","[36] Eigene Beiträge","[361] Kanton","3","3","36","361","98445.00"
"494","Gals","2006","[7] UMWELT UND RAUMORDNUNG","[75] Gewässerverbauungen","","7","75","","[3] Aufwand","[3] AUFWAND","[36] Eigene Beiträge","[361] Kanton","3","3","36","361","28749.00"
"494","Gals","2006","[9] FINANZEN UND STEUERN","[94] Vermögens- und Schuldenverwaltung","","9","94","","[3] Aufwand","[3] AUFWAND","[36] Eigene Beiträge","[361] Kanton","3","3","36","361","11586.00"
"494","Gals","2006","[1] OEFFENTLICHE SICHERHEIT","[14] Wehrdienste","","1","14","","[3] Aufwand","[3] AUFWAND","[36] Eigene Beiträge","[362] Gemeinden","3","3","36","362","41542.40"
"494","Gals","2006","[2] BILDUNG","[21] Volksschule","","2","21","","[3] Aufwand","[3] AUFWAND","[36] Eigene Beiträge","[362] Gemeinden","3","3","36","362","114735.55"
"494","Gals","2006","[5] SOZIALE WOHLFAHRT","[58] Sozialhilfe","","5","58","","[3] Aufwand","[3] AUFWAND","[36] Eigene Beiträge","[362] Gemeinden","3","3","36","362","15205.10"
"494","Gals","2006","[7] UMWELT UND RAUMORDNUNG","[71] Abwasserentsorgung","","7","71","","[3] Aufwand","[3] AUFWAND","[36] Eigene Beiträge","[362] Gemeinden","3","3","36","362","122223.10"
"494","Gals","2006","[8] VOLKSWIRTSCHAFT","[81] Forstwirtschaft","","8","81","","[3] Aufwand","[3] AUFWAND","[36] Eigene Beiträge","[362] Gemeinden","3","3","36","362","506.90"
"494","Gals","2006","[0] ALLGEMEINE VERWALTUNG","[02] Allgemeine Verwaltung","","0","2","","[3] Aufwand","[3] AUFWAND","[36] Eigene Beiträge","[365] Private Institutionen","3","3","36","365","2460.00"
"494","Gals","2006","[1] OEFFENTLICHE SICHERHEIT","[16] Zivile Landesverteidigung","","1","16","","[3] Aufwand","[3] AUFWAND","[36] Eigene Beiträge","[365] Private Institutionen","3","3","36","365","5456.80"
"494","Gals","2006","[3] KULTUR UND FREIZEIT","[30] Kulturförderung","","3","30","","[3] Aufwand","[3] AUFWAND","[36] Eigene Beiträge","[365] Private Institutionen","3","3","36","365","4988.15"
"494","Gals","2006","[3] KULTUR UND FREIZEIT","[33] Parkanlagen und Wanderwege","","3","33","","[3] Aufwand","[3] AUFWAND","[36] Eigene Beiträge","[365] Private Institutionen","3","3","36","365","210.00"
"494","Gals","2006","[3] KULTUR UND FREIZEIT","[35] Uebrige Freizeitgestaltung","","3","35","","[3] Aufwand","[3] AUFWAND","[36] Eigene Beiträge","[365] Private Institutionen","3","3","36","365","78.90"
"494","Gals","2006","[5] SOZIALE WOHLFAHRT","[58] Sozialhilfe","","5","58","","[3] Aufwand","[3] AUFWAND","[36] Eigene Beiträge","[365] Private Institutionen","3","3","36","365","350.00"
"494","Gals","2006","[7] UMWELT UND RAUMORDNUNG","[79] Raumordnung","","7","79","","[3] Aufwand","[3] AUFWAND","[36] Eigene Beiträge","[365] Private Institutionen","3","3","36","365","4338.60"
"494","Gals","2006","[3] KULTUR UND FREIZEIT","[35] Uebrige Freizeitgestaltung","","3","35","","[3] Aufwand","[3] AUFWAND","[36] Eigene Beiträge","[366] Private Haushalte","3","3","36","366","8190.30"
"494","Gals","2006","[7] UMWELT UND RAUMORDNUNG","[70] Wasserversorgung","","7","70","","[3] Aufwand","[3] AUFWAND","[38] Einlagen in Spezialfinanzierungen","[380] Einlagen in Spezialfinanzierungen","3","3","38","380","19500.00"
"494","Gals","2006","[7] UMWELT UND RAUMORDNUNG","[72] Abfallentsorgung","","7","72","","[3] Aufwand","[3] AUFWAND","[38] Einlagen in Spezialfinanzierungen","[380] Einlagen in Spezialfinanzierungen","3","3","38","380","6331.20"
"494","Gals","2006","[3] KULTUR UND FREIZEIT","[32] Massenmedien","","3","32","","[3] Aufwand","[3] AUFWAND","[39] Interne Verrechnungen","[390] Verrechneter Aufwand","3","3","39","390","3000.00"
"494","Gals","2006","[7] UMWELT UND RAUMORDNUNG","[70] Wasserversorgung","","7","70","","[3] Aufwand","[3] AUFWAND","[39] Interne Verrechnungen","[390] Verrechneter Aufwand","3","3","39","390","3000.00"
"494","Gals","2006","[9] FINANZEN UND STEUERN","[94] Vermögens- und Schuldenverwaltung","","9","94","","[3] Aufwand","[3] AUFWAND","[39] Interne Verrechnungen","[390] Verrechneter Aufwand","3","3","39","390","7000.00"
"494","Gals","2006","[9] FINANZEN UND STEUERN","[90] Steuern","","9","90","","[4] Ertrag","[4] ERTRAG","[40] Steuern","[400] Einkommens- und Vermögenssteuern","4","4","40","400","1096690.05"
"494","Gals","2006","[9] FINANZEN UND STEUERN","[90] Steuern","","9","90","","[4] Ertrag","[4] ERTRAG","[40] Steuern","[402] Liegenschaftssteuern","4","4","40","402","133383.50"
"494","Gals","2006","[9] FINANZEN UND STEUERN","[90] Steuern","","9","90","","[4] Ertrag","[4] ERTRAG","[40] Steuern","[403] Vermögensgewinnsteuern","4","4","40","403","94778.30"
"494","Gals","2006","[8] VOLKSWIRTSCHAFT","[86] Energie","","8","86","","[4] Ertrag","[4] ERTRAG","[41] Regalien und Konzessionen","[410] Erträge aus Regalien und Konzessionen","4","4","41","410","27057.00"
"494","Gals","2006","[9] FINANZEN UND STEUERN","[94] Vermögens- und Schuldenverwaltung","","9","94","","[4] Ertrag","[4] ERTRAG","[42] Vermögenserträge","[422] Anlagen des Finanzvermögens","4","4","42","422","3635.10"
"494","Gals","2006","[9] FINANZEN UND STEUERN","[94] Vermögens- und Schuldenverwaltung","","9","94","","[4] Ertrag","[4] ERTRAG","[42] Vermögenserträge","[423] Liegenschaften des Finanzvermögens","4","4","42","423","106371.35"
"494","Gals","2006","[0] ALLGEMEINE VERWALTUNG","[09] Nicht aufteilbare Aufgaben","","0","9","","[4] Ertrag","[4] ERTRAG","[42] Vermögenserträge","[427] Liegenschaften des Verwaltungsvermögens","4","4","42","427","18805.00"
"494","Gals","2006","[3] KULTUR UND FREIZEIT","[34] Sport","","3","34","","[4] Ertrag","[4] ERTRAG","[42] Vermögenserträge","[427] Liegenschaften des Verwaltungsvermögens","4","4","42","427","1000.00"
"494","Gals","2006","[6] VERKEHR","[62] Gemeindestrassen","","6","62","","[4] Ertrag","[4] ERTRAG","[43] Entgelte","[434] Andere Benützungsgebühren und Dienstleistungen","4","4","43","434","3770.00"
"494","Gals","2006","[7] UMWELT UND RAUMORDNUNG","[71] Abwasserentsorgung","","7","71","","[4] Ertrag","[4] ERTRAG","[43] Entgelte","[434] Andere Benützungsgebühren und Dienstleistungen","4","4","43","434","247372.45"
"494","Gals","2006","[7] UMWELT UND RAUMORDNUNG","[74] Friedhof und Bestattung","","7","74","","[4] Ertrag","[4] ERTRAG","[43] Entgelte","[434] Andere Benützungsgebühren und Dienstleistungen","4","4","43","434","1855.10"
"494","Gals","2006","[3] KULTUR UND FREIZEIT","[32] Massenmedien","","3","32","","[4] Ertrag","[4] ERTRAG","[43] Entgelte","[435] Uebrige Verkaufserlöse","4","4","43","435","59424.25"
"494","Gals","2006","[7] UMWELT UND RAUMORDNUNG","[70] Wasserversorgung","","7","70","","[4] Ertrag","[4] ERTRAG","[43] Entgelte","[435] Uebrige Verkaufserlöse","4","4","43","435","95582.35"
"494","Gals","2006","[0] ALLGEMEINE VERWALTUNG","[02] Allgemeine Verwaltung","","0","2","","[4] Ertrag","[4] ERTRAG","[43] Entgelte","[436] Rückerstattungen","4","4","43","436","-290.60"
"494","Gals","2006","[5] SOZIALE WOHLFAHRT","[58] Sozialhilfe","","5","58","","[4] Ertrag","[4] ERTRAG","[43] Entgelte","[436] Rückerstattungen","4","4","43","436","971.50"
"494","Gals","2006","[0] ALLGEMEINE VERWALTUNG","[01] Legislative und Exekutive","","0","1","","[4] Ertrag","[4] ERTRAG","[43] Entgelte","[437] Bussen","4","4","43","437","100.00"
"494","Gals","2006","[7] UMWELT UND RAUMORDNUNG","[79] Raumordnung","","7","79","","[4] Ertrag","[4] ERTRAG","[43] Entgelte","[439] Uebrige Entgelte","4","4","43","439","113460.00"
"494","Gals","2006","[1] OEFFENTLICHE SICHERHEIT","[16] Zivile Landesverteidigung","","1","16","","[4] Ertrag","[4] ERTRAG","[46] Beiträge","[461] Kanton","4","4","46","461","1400.00"
"494","Gals","2006","[7] UMWELT UND RAUMORDNUNG","[70] Wasserversorgung","","7","70","","[4] Ertrag","[4] ERTRAG","[48] Entnahmen aus Spezialfinanzierungen","[480] Entnahmen aus Spezialfinanzierungen","4","4","48","480","6076.65"
"494","Gals","2006","[9] FINANZEN UND STEUERN","[94] Vermögens- und Schuldenverwaltung","","9","94","","[4] Ertrag","[4] ERTRAG","[49] Interne Verrechnungen","[491] Verrechnete Zinsen","4","4","49","491","25267.85"
"494","Gals","2006","[3] KULTUR UND FREIZEIT","[32] Massenmedien","","3","32","","[5] Ausgaben","[5] Ausgaben","[50] Sachgüter","[501] Tiefbauten","5","5","50","501","7334.65"
"494","Gals","2006","[9] FINANZEN UND STEUERN","[99] Nicht aufgeteilte Posten","","9","99","","[5] Ausgaben","[5] Ausgaben","[59] Passivierungen","[590] Passivierte Einnahmen","5","5","59","590","32703.65"
"494","Gals","2006","[7] UMWELT UND RAUMORDNUNG","[72] Abfallentsorgung","","7","72","","[4] Ertrag","[4] ERTRAG","[49] Interne Verrechnungen","[495] Verrechneter Ertrag","4","4","49","495","2864.55"
"494","Gals","2006","[7] UMWELT UND RAUMORDNUNG","[71] Abwasserentsorgung","","7","71","","[6] Einnahmen","[6] Einnahmen","[61] Nutzungsabgaben und Vorteilsentgelte","[610] Beiträge Dritter für eigene Rechnung","6","6","61","610","25369.00"
"494","Gals","2007","[0] ALLGEMEINE VERWALTUNG","[02] Allgemeine Verwaltung","","0","2","","[3] Aufwand","[3] AUFWAND","[30] Personalaufwand","[301] Löhne des Verwaltungs- + Betriebspersonals","3","3","30","301","170180.40"
"494","Gals","2007","[0] ALLGEMEINE VERWALTUNG","[09] Nicht aufteilbare Aufgaben","","0","9","","[3] Aufwand","[3] AUFWAND","[30] Personalaufwand","[301] Löhne des Verwaltungs- + Betriebspersonals","3","3","30","301","39924.10"
"494","Gals","2007","[1] OEFFENTLICHE SICHERHEIT","[11] Polizei","","1","11","","[3] Aufwand","[3] AUFWAND","[30] Personalaufwand","[301] Löhne des Verwaltungs- + Betriebspersonals","3","3","30","301","8068.25"
"494","Gals","2007","[1] OEFFENTLICHE SICHERHEIT","[16] Zivile Landesverteidigung","","1","16","","[3] Aufwand","[3] AUFWAND","[30] Personalaufwand","[301] Löhne des Verwaltungs- + Betriebspersonals","3","3","30","301","2495.40"
"494","Gals","2007","[2] BILDUNG","[21] Volksschule","","2","21","","[3] Aufwand","[3] AUFWAND","[30] Personalaufwand","[301] Löhne des Verwaltungs- + Betriebspersonals","3","3","30","301","33229.25"
"494","Gals","2007","[6] VERKEHR","[62] Gemeindestrassen","","6","62","","[3] Aufwand","[3] AUFWAND","[30] Personalaufwand","[301] Löhne des Verwaltungs- + Betriebspersonals","3","3","30","301","19769.95"
"494","Gals","2007","[7] UMWELT UND RAUMORDNUNG","[71] Abwasserentsorgung","","7","71","","[3] Aufwand","[3] AUFWAND","[30] Personalaufwand","[301] Löhne des Verwaltungs- + Betriebspersonals","3","3","30","301","2958.80"
"494","Gals","2007","[7] UMWELT UND RAUMORDNUNG","[72] Abfallentsorgung","","7","72","","[3] Aufwand","[3] AUFWAND","[30] Personalaufwand","[301] Löhne des Verwaltungs- + Betriebspersonals","3","3","30","301","6862.90"
"494","Gals","2007","[7] UMWELT UND RAUMORDNUNG","[74] Friedhof und Bestattung","","7","74","","[3] Aufwand","[3] AUFWAND","[30] Personalaufwand","[301] Löhne des Verwaltungs- + Betriebspersonals","3","3","30","301","7348.00"
"494","Gals","2007","[8] VOLKSWIRTSCHAFT","[81] Forstwirtschaft","","8","81","","[3] Aufwand","[3] AUFWAND","[30] Personalaufwand","[301] Löhne des Verwaltungs- + Betriebspersonals","3","3","30","301","3572.95"
"494","Gals","2007","[0] ALLGEMEINE VERWALTUNG","[02] Allgemeine Verwaltung","","0","2","","[3] Aufwand","[3] AUFWAND","[30] Personalaufwand","[303] Sozialversicherungsbeiträge","3","3","30","303","8264.45"
"494","Gals","2007","[2] BILDUNG","[21] Volksschule","","2","21","","[3] Aufwand","[3] AUFWAND","[30] Personalaufwand","[303] Sozialversicherungsbeiträge","3","3","30","303","1653.00"
"494","Gals","2007","[3] KULTUR UND FREIZEIT","[34] Sport","","3","34","","[3] Aufwand","[3] AUFWAND","[30] Personalaufwand","[303] Sozialversicherungsbeiträge","3","3","30","303","199.00"
"494","Gals","2007","[6] VERKEHR","[62] Gemeindestrassen","","6","62","","[3] Aufwand","[3] AUFWAND","[30] Personalaufwand","[303] Sozialversicherungsbeiträge","3","3","30","303","948.00"
"494","Gals","2007","[7] UMWELT UND RAUMORDNUNG","[70] Wasserversorgung","","7","70","","[3] Aufwand","[3] AUFWAND","[30] Personalaufwand","[303] Sozialversicherungsbeiträge","3","3","30","303","511.15"
"494","Gals","2007","[7] UMWELT UND RAUMORDNUNG","[72] Abfallentsorgung","","7","72","","[3] Aufwand","[3] AUFWAND","[30] Personalaufwand","[303] Sozialversicherungsbeiträge","3","3","30","303","341.40"
"494","Gals","2007","[7] UMWELT UND RAUMORDNUNG","[75] Gewässerverbauungen","","7","75","","[3] Aufwand","[3] AUFWAND","[30] Personalaufwand","[303] Sozialversicherungsbeiträge","3","3","30","303","29.35"
"494","Gals","2007","[9] FINANZEN UND STEUERN","[94] Vermögens- und Schuldenverwaltung","","9","94","","[3] Aufwand","[3] AUFWAND","[30] Personalaufwand","[303] Sozialversicherungsbeiträge","3","3","30","303","259.30"
"494","Gals","2007","[0] ALLGEMEINE VERWALTUNG","[02] Allgemeine Verwaltung","","0","2","","[3] Aufwand","[3] AUFWAND","[30] Personalaufwand","[304] Personalversicherungsbeiträge","3","3","30","304","17405.80"
"494","Gals","2007","[0] ALLGEMEINE VERWALTUNG","[09] Nicht aufteilbare Aufgaben","","0","9","","[3] Aufwand","[3] AUFWAND","[30] Personalaufwand","[304] Personalversicherungsbeiträge","3","3","30","304","1201.95"
"494","Gals","2007","[6] VERKEHR","[62] Gemeindestrassen","","6","62","","[3] Aufwand","[3] AUFWAND","[30] Personalaufwand","[304] Personalversicherungsbeiträge","3","3","30","304","3867.65"
"494","Gals","2007","[2] BILDUNG","[21] Volksschule","","2","21","","[3] Aufwand","[3] AUFWAND","[30] Personalaufwand","[309] Uebriger Personalaufwand","3","3","30","309","1778.90"
"494","Gals","2007","[0] ALLGEMEINE VERWALTUNG","[01] Legislative und Exekutive","","0","1","","[3] Aufwand","[3] AUFWAND","[31] Sachaufwand","[310] Büro- und Schulmaterialien, Drucksachen","3","3","31","310","1214.55"
"494","Gals","2007","[7] UMWELT UND RAUMORDNUNG","[70] Wasserversorgung","","7","70","","[3] Aufwand","[3] AUFWAND","[31] Sachaufwand","[310] Büro- und Schulmaterialien, Drucksachen","3","3","31","310","349.70"
"494","Gals","2007","[0] ALLGEMEINE VERWALTUNG","[02] Allgemeine Verwaltung","","0","2","","[3] Aufwand","[3] AUFWAND","[31] Sachaufwand","[311] Anschaffung Mobilien, Maschinen, Fahrzeuge","3","3","31","311","1853.65"
"494","Gals","2007","[2] BILDUNG","[21] Volksschule","","2","21","","[3] Aufwand","[3] AUFWAND","[31] Sachaufwand","[311] Anschaffung Mobilien, Maschinen, Fahrzeuge","3","3","31","311","8567.25"
"494","Gals","2007","[6] VERKEHR","[62] Gemeindestrassen","","6","62","","[3] Aufwand","[3] AUFWAND","[31] Sachaufwand","[311] Anschaffung Mobilien, Maschinen, Fahrzeuge","3","3","31","311","525.50"
"494","Gals","2007","[0] ALLGEMEINE VERWALTUNG","[09] Nicht aufteilbare Aufgaben","","0","9","","[3] Aufwand","[3] AUFWAND","[31] Sachaufwand","[312] Wasser, Energie, Heizmaterialien","3","3","31","312","17291.50"
"494","Gals","2007","[1] OEFFENTLICHE SICHERHEIT","[16] Zivile Landesverteidigung","","1","16","","[3] Aufwand","[3] AUFWAND","[31] Sachaufwand","[312] Wasser, Energie, Heizmaterialien","3","3","31","312","1680.80"
"494","Gals","2007","[2] BILDUNG","[21] Volksschule","","2","21","","[3] Aufwand","[3] AUFWAND","[31] Sachaufwand","[312] Wasser, Energie, Heizmaterialien","3","3","31","312","15082.50"
"494","Gals","2007","[6] VERKEHR","[62] Gemeindestrassen","","6","62","","[3] Aufwand","[3] AUFWAND","[31] Sachaufwand","[312] Wasser, Energie, Heizmaterialien","3","3","31","312","22131.15"
"494","Gals","2007","[7] UMWELT UND RAUMORDNUNG","[70] Wasserversorgung","","7","70","","[3] Aufwand","[3] AUFWAND","[31] Sachaufwand","[313] Verbrauchsmaterialien","3","3","31","313","2034.45"
"494","Gals","2007","[2] BILDUNG","[21] Volksschule","","2","21","","[3] Aufwand","[3] AUFWAND","[31] Sachaufwand","[314] Dienstleistungen Dritter für den baulichen Unterhalt","3","3","31","314","9003.75"
"494","Gals","2007","[3] KULTUR UND FREIZEIT","[34] Sport","","3","34","","[3] Aufwand","[3] AUFWAND","[31] Sachaufwand","[314] Dienstleistungen Dritter für den baulichen Unterhalt","3","3","31","314","25.00"
"494","Gals","2007","[6] VERKEHR","[62] Gemeindestrassen","","6","62","","[3] Aufwand","[3] AUFWAND","[31] Sachaufwand","[314] Dienstleistungen Dritter für den baulichen Unterhalt","3","3","31","314","73264.45"
"494","Gals","2007","[7] UMWELT UND RAUMORDNUNG","[72] Abfallentsorgung","","7","72","","[3] Aufwand","[3] AUFWAND","[31] Sachaufwand","[314] Dienstleistungen Dritter für den baulichen Unterhalt","3","3","31","314","717.50"
"494","Gals","2007","[7] UMWELT UND RAUMORDNUNG","[74] Friedhof und Bestattung","","7","74","","[3] Aufwand","[3] AUFWAND","[31] Sachaufwand","[314] Dienstleistungen Dritter für den baulichen Unterhalt","3","3","31","314","1386.15"
"494","Gals","2007","[8] VOLKSWIRTSCHAFT","[81] Forstwirtschaft","","8","81","","[3] Aufwand","[3] AUFWAND","[31] Sachaufwand","[314] Dienstleistungen Dritter für den baulichen Unterhalt","3","3","31","314","11678.60"
"494","Gals","2007","[9] FINANZEN UND STEUERN","[94] Vermögens- und Schuldenverwaltung","","9","94","","[3] Aufwand","[3] AUFWAND","[31] Sachaufwand","[314] Dienstleistungen Dritter für den baulichen Unterhalt","3","3","31","314","421.00"
"494","Gals","2007","[0] ALLGEMEINE VERWALTUNG","[09] Nicht aufteilbare Aufgaben","","0","9","","[3] Aufwand","[3] AUFWAND","[31] Sachaufwand","[315] Dienstleistungen Dritter für den übrigen Unterhalt","3","3","31","315","541.55"
"494","Gals","2007","[0] ALLGEMEINE VERWALTUNG","[01] Legislative und Exekutive","","0","1","","[3] Aufwand","[3] AUFWAND","[31] Sachaufwand","[317] Spesenentschädigungen","3","3","31","317","9120.70"
"494","Gals","2007","[0] ALLGEMEINE VERWALTUNG","[02] Allgemeine Verwaltung","","0","2","","[3] Aufwand","[3] AUFWAND","[31] Sachaufwand","[317] Spesenentschädigungen","3","3","31","317","300.00"
"494","Gals","2007","[2] BILDUNG","[21] Volksschule","","2","21","","[3] Aufwand","[3] AUFWAND","[31] Sachaufwand","[317] Spesenentschädigungen","3","3","31","317","2106.15"
"494","Gals","2007","[0] ALLGEMEINE VERWALTUNG","[01] Legislative und Exekutive","","0","1","","[3] Aufwand","[3] AUFWAND","[31] Sachaufwand","[318] Dienstleistungen und Honorare, allg. Verwaltungsaufwand","3","3","31","318","325.45"
"494","Gals","2007","[0] ALLGEMEINE VERWALTUNG","[09] Nicht aufteilbare Aufgaben","","0","9","","[3] Aufwand","[3] AUFWAND","[31] Sachaufwand","[318] Dienstleistungen und Honorare, allg. Verwaltungsaufwand","3","3","31","318","1015.75"
"494","Gals","2007","[1] OEFFENTLICHE SICHERHEIT","[10] Rechtsaufsicht","","1","10","","[3] Aufwand","[3] AUFWAND","[31] Sachaufwand","[318] Dienstleistungen und Honorare, allg. Verwaltungsaufwand","3","3","31","318","60050.30"
"494","Gals","2007","[1] OEFFENTLICHE SICHERHEIT","[15] Militärische Landesverteidigung","","1","15","","[3] Aufwand","[3] AUFWAND","[31] Sachaufwand","[318] Dienstleistungen und Honorare, allg. Verwaltungsaufwand","3","3","31","318","188.00"
"494","Gals","2007","[1] OEFFENTLICHE SICHERHEIT","[16] Zivile Landesverteidigung","","1","16","","[3] Aufwand","[3] AUFWAND","[31] Sachaufwand","[318] Dienstleistungen und Honorare, allg. Verwaltungsaufwand","3","3","31","318","893.70"
"494","Gals","2007","[3] KULTUR UND FREIZEIT","[30] Kulturförderung","","3","30","","[3] Aufwand","[3] AUFWAND","[31] Sachaufwand","[318] Dienstleistungen und Honorare, allg. Verwaltungsaufwand","3","3","31","318","2285.90"
"494","Gals","2007","[3] KULTUR UND FREIZEIT","[32] Massenmedien","","3","32","","[3] Aufwand","[3] AUFWAND","[31] Sachaufwand","[318] Dienstleistungen und Honorare, allg. Verwaltungsaufwand","3","3","31","318","2134.00"
"494","Gals","2007","[7] UMWELT UND RAUMORDNUNG","[70] Wasserversorgung","","7","70","","[3] Aufwand","[3] AUFWAND","[31] Sachaufwand","[318] Dienstleistungen und Honorare, allg. Verwaltungsaufwand","3","3","31","318","2.40"
"494","Gals","2007","[7] UMWELT UND RAUMORDNUNG","[71] Abwasserentsorgung","","7","71","","[3] Aufwand","[3] AUFWAND","[31] Sachaufwand","[318] Dienstleistungen und Honorare, allg. Verwaltungsaufwand","3","3","31","318","44483.35"
"494","Gals","2007","[7] UMWELT UND RAUMORDNUNG","[78] Uebriger Umweltschutz","","7","78","","[3] Aufwand","[3] AUFWAND","[31] Sachaufwand","[318] Dienstleistungen und Honorare, allg. Verwaltungsaufwand","3","3","31","318","2300.00"
"494","Gals","2007","[8] VOLKSWIRTSCHAFT","[81] Forstwirtschaft","","8","81","","[3] Aufwand","[3] AUFWAND","[31] Sachaufwand","[319] Uebriger Sachaufwand","3","3","31","319","130.00"
"494","Gals","2007","[9] FINANZEN UND STEUERN","[94] Vermögens- und Schuldenverwaltung","","9","94","","[3] Aufwand","[3] AUFWAND","[31] Sachaufwand","[319] Uebriger Sachaufwand","3","3","31","319","50.00"
"494","Gals","2007","[9] FINANZEN UND STEUERN","[94] Vermögens- und Schuldenverwaltung","","9","94","","[3] Aufwand","[3] AUFWAND","[32] Passivzinsen","[321] Kurzfristige Schulden","3","3","32","321","6220.95"
"494","Gals","2007","[9] FINANZEN UND STEUERN","[94] Vermögens- und Schuldenverwaltung","","9","94","","[3] Aufwand","[3] AUFWAND","[32] Passivzinsen","[322] Mittel- und langfirstige Schulden","3","3","32","322","93972.70"
"494","Gals","2007","[1] OEFFENTLICHE SICHERHEIT","[14] Wehrdienste","","1","14","","[3] Aufwand","[3] AUFWAND","[33] Abschreibungen","[330] Finanzvermögen","3","3","33","330","1518.70"
"494","Gals","2007","[9] FINANZEN UND STEUERN","[99] Nicht aufgeteilte Posten","","9","99","","[3] Aufwand","[3] AUFWAND","[33] Abschreibungen","[330] Finanzvermögen","3","3","33","330","5190.10"
"494","Gals","2007","[7] UMWELT UND RAUMORDNUNG","[71] Abwasserentsorgung","","7","71","","[3] Aufwand","[3] AUFWAND","[33] Abschreibungen","[331] Verwaltungsvermögen - harmonisierte Abschreibungen","3","3","33","331","42843.00"
"494","Gals","2007","[9] FINANZEN UND STEUERN","[99] Nicht aufgeteilte Posten","","9","99","","[3] Aufwand","[3] AUFWAND","[33] Abschreibungen","[332] Verwaltungsvermögen - übrige Abschreibungen","3","3","33","332","200000.00"
"494","Gals","2007","[3] KULTUR UND FREIZEIT","[32] Massenmedien","","3","32","","[3] Aufwand","[3] AUFWAND","[33] Abschreibungen","[336] ...","3","3","33","336","420.00"
"494","Gals","2007","[0] ALLGEMEINE VERWALTUNG","[02] Allgemeine Verwaltung","","0","2","","[3] Aufwand","[3] AUFWAND","[35] Entschädigungen an Gemeinwesen","[351] Kanton","3","3","35","351","13703.80"
"494","Gals","2007","[2] BILDUNG","[21] Volksschule","","2","21","","[3] Aufwand","[3] AUFWAND","[35] Entschädigungen an Gemeinwesen","[351] Kanton","3","3","35","351","203432.55"
"494","Gals","2007","[5] SOZIALE WOHLFAHRT","[58] Sozialhilfe","","5","58","","[3] Aufwand","[3] AUFWAND","[35] Entschädigungen an Gemeinwesen","[351] Kanton","3","3","35","351","268488.95"
"494","Gals","2007","[2] BILDUNG","[20] Kindergarten","","2","20","","[3] Aufwand","[3] AUFWAND","[35] Entschädigungen an Gemeinwesen","[352] Gemeinden","3","3","35","352","27617.00"
"494","Gals","2007","[3] KULTUR UND FREIZEIT","[32] Massenmedien","","3","32","","[3] Aufwand","[3] AUFWAND","[35] Entschädigungen an Gemeinwesen","[352] Gemeinden","3","3","35","352","21388.40"
"494","Gals","2007","[2] BILDUNG","[22] Sonderschulen","","2","22","","[3] Aufwand","[3] AUFWAND","[36] Eigene Beiträge","[361] Kanton","3","3","36","361","13625.60"
"494","Gals","2007","[5] SOZIALE WOHLFAHRT","[50] Altersversicherung","","5","50","","[3] Aufwand","[3] AUFWAND","[36] Eigene Beiträge","[361] Kanton","3","3","36","361","45267.00"
"494","Gals","2007","[5] SOZIALE WOHLFAHRT","[51] Invalidenversicherung","","5","51","","[3] Aufwand","[3] AUFWAND","[36] Eigene Beiträge","[361] Kanton","3","3","36","361","41053.00"
"494","Gals","2007","[5] SOZIALE WOHLFAHRT","[53] Sonstige Sozialversicherungen","","5","53","","[3] Aufwand","[3] AUFWAND","[36] Eigene Beiträge","[361] Kanton","3","3","36","361","108437.00"
"494","Gals","2007","[6] VERKEHR","[65] Regionalverkehr","","6","65","","[3] Aufwand","[3] AUFWAND","[36] Eigene Beiträge","[361] Kanton","3","3","36","361","28766.00"
"494","Gals","2007","[7] UMWELT UND RAUMORDNUNG","[75] Gewässerverbauungen","","7","75","","[3] Aufwand","[3] AUFWAND","[36] Eigene Beiträge","[361] Kanton","3","3","36","361","32335.00"
"494","Gals","2007","[9] FINANZEN UND STEUERN","[94] Vermögens- und Schuldenverwaltung","","9","94","","[3] Aufwand","[3] AUFWAND","[36] Eigene Beiträge","[361] Kanton","3","3","36","361","11586.00"
"494","Gals","2007","[1] OEFFENTLICHE SICHERHEIT","[14] Wehrdienste","","1","14","","[3] Aufwand","[3] AUFWAND","[36] Eigene Beiträge","[362] Gemeinden","3","3","36","362","48492.45"
"494","Gals","2007","[1] OEFFENTLICHE SICHERHEIT","[16] Zivile Landesverteidigung","","1","16","","[3] Aufwand","[3] AUFWAND","[36] Eigene Beiträge","[362] Gemeinden","3","3","36","362","1652.70"
"494","Gals","2007","[2] BILDUNG","[21] Volksschule","","2","21","","[3] Aufwand","[3] AUFWAND","[36] Eigene Beiträge","[362] Gemeinden","3","3","36","362","127084.60"
"494","Gals","2007","[5] SOZIALE WOHLFAHRT","[58] Sozialhilfe","","5","58","","[3] Aufwand","[3] AUFWAND","[36] Eigene Beiträge","[362] Gemeinden","3","3","36","362","6737.85"
"494","Gals","2007","[7] UMWELT UND RAUMORDNUNG","[71] Abwasserentsorgung","","7","71","","[3] Aufwand","[3] AUFWAND","[36] Eigene Beiträge","[362] Gemeinden","3","3","36","362","142494.70"
"494","Gals","2007","[8] VOLKSWIRTSCHAFT","[81] Forstwirtschaft","","8","81","","[3] Aufwand","[3] AUFWAND","[36] Eigene Beiträge","[362] Gemeinden","3","3","36","362","727.05"
"494","Gals","2007","[1] OEFFENTLICHE SICHERHEIT","[16] Zivile Landesverteidigung","","1","16","","[3] Aufwand","[3] AUFWAND","[36] Eigene Beiträge","[365] Private Institutionen","3","3","36","365","6055.55"
"494","Gals","2007","[3] KULTUR UND FREIZEIT","[30] Kulturförderung","","3","30","","[3] Aufwand","[3] AUFWAND","[36] Eigene Beiträge","[365] Private Institutionen","3","3","36","365","3800.00"
"494","Gals","2007","[3] KULTUR UND FREIZEIT","[33] Parkanlagen und Wanderwege","","3","33","","[3] Aufwand","[3] AUFWAND","[36] Eigene Beiträge","[365] Private Institutionen","3","3","36","365","210.00"
"494","Gals","2007","[5] SOZIALE WOHLFAHRT","[54] Jugendschutz","","5","54","","[3] Aufwand","[3] AUFWAND","[36] Eigene Beiträge","[365] Private Institutionen","3","3","36","365","2609.60"
"494","Gals","2007","[7] UMWELT UND RAUMORDNUNG","[79] Raumordnung","","7","79","","[3] Aufwand","[3] AUFWAND","[36] Eigene Beiträge","[365] Private Institutionen","3","3","36","365","4337.70"
"494","Gals","2007","[8] VOLKSWIRTSCHAFT","[80] Landwirtschaft","","8","80","","[3] Aufwand","[3] AUFWAND","[36] Eigene Beiträge","[365] Private Institutionen","3","3","36","365","5438.60"
"494","Gals","2007","[3] KULTUR UND FREIZEIT","[32] Massenmedien","","3","32","","[3] Aufwand","[3] AUFWAND","[39] Interne Verrechnungen","[390] Verrechneter Aufwand","3","3","39","390","10000.00"
"494","Gals","2007","[7] UMWELT UND RAUMORDNUNG","[70] Wasserversorgung","","7","70","","[3] Aufwand","[3] AUFWAND","[39] Interne Verrechnungen","[390] Verrechneter Aufwand","3","3","39","390","3000.00"
"494","Gals","2007","[7] UMWELT UND RAUMORDNUNG","[72] Abfallentsorgung","","7","72","","[3] Aufwand","[3] AUFWAND","[39] Interne Verrechnungen","[390] Verrechneter Aufwand","3","3","39","390","2529.50"
"494","Gals","2007","[9] FINANZEN UND STEUERN","[94] Vermögens- und Schuldenverwaltung","","9","94","","[3] Aufwand","[3] AUFWAND","[39] Interne Verrechnungen","[390] Verrechneter Aufwand","3","3","39","390","7000.00"
"494","Gals","2007","[7] UMWELT UND RAUMORDNUNG","[71] Abwasserentsorgung","","7","71","","[3] Aufwand","[3] AUFWAND","[39] Interne Verrechnungen","[391] Verrechnete Zinsen","3","3","39","391","23283.05"
"494","Gals","2007","[9] FINANZEN UND STEUERN","[94] Vermögens- und Schuldenverwaltung","","9","94","","[3] Aufwand","[3] AUFWAND","[39] Interne Verrechnungen","[391] Verrechnete Zinsen","3","3","39","391","22820.25"
"494","Gals","2007","[9] FINANZEN UND STEUERN","[90] Steuern","","9","90","","[4] Ertrag","[4] ERTRAG","[40] Steuern","[400] Einkommens- und Vermögenssteuern","4","4","40","400","1276447.85"
"494","Gals","2007","[9] FINANZEN UND STEUERN","[90] Steuern","","9","90","","[4] Ertrag","[4] ERTRAG","[40] Steuern","[402] Liegenschaftssteuern","4","4","40","402","138183.50"
"494","Gals","2007","[8] VOLKSWIRTSCHAFT","[86] Energie","","8","86","","[4] Ertrag","[4] ERTRAG","[41] Regalien und Konzessionen","[410] Erträge aus Regalien und Konzessionen","4","4","41","410","30327.00"
"494","Gals","2007","[9] FINANZEN UND STEUERN","[94] Vermögens- und Schuldenverwaltung","","9","94","","[4] Ertrag","[4] ERTRAG","[42] Vermögenserträge","[422] Anlagen des Finanzvermögens","4","4","42","422","6707.00"
"494","Gals","2007","[3] KULTUR UND FREIZEIT","[34] Sport","","3","34","","[4] Ertrag","[4] ERTRAG","[42] Vermögenserträge","[427] Liegenschaften des Verwaltungsvermögens","4","4","42","427","4630.00"
"494","Gals","2007","[0] ALLGEMEINE VERWALTUNG","[02] Allgemeine Verwaltung","","0","2","","[4] Ertrag","[4] ERTRAG","[43] Entgelte","[431] Gebühren für Amtshandlungen","4","4","43","431","130.00"
"494","Gals","2007","[7] UMWELT UND RAUMORDNUNG","[71] Abwasserentsorgung","","7","71","","[4] Ertrag","[4] ERTRAG","[43] Entgelte","[434] Andere Benützungsgebühren und Dienstleistungen","4","4","43","434","228398.20"
"494","Gals","2007","[7] UMWELT UND RAUMORDNUNG","[74] Friedhof und Bestattung","","7","74","","[4] Ertrag","[4] ERTRAG","[43] Entgelte","[434] Andere Benützungsgebühren und Dienstleistungen","4","4","43","434","530.00"
"494","Gals","2007","[3] KULTUR UND FREIZEIT","[32] Massenmedien","","3","32","","[4] Ertrag","[4] ERTRAG","[43] Entgelte","[435] Uebrige Verkaufserlöse","4","4","43","435","59951.20"
"494","Gals","2007","[7] UMWELT UND RAUMORDNUNG","[70] Wasserversorgung","","7","70","","[4] Ertrag","[4] ERTRAG","[43] Entgelte","[435] Uebrige Verkaufserlöse","4","4","43","435","135424.00"
"494","Gals","2007","[0] ALLGEMEINE VERWALTUNG","[02] Allgemeine Verwaltung","","0","2","","[4] Ertrag","[4] ERTRAG","[43] Entgelte","[436] Rückerstattungen","4","4","43","436","988.00"
"494","Gals","2007","[4] GESUNDHEIT","[40] Spitäler","","4","40","","[4] Ertrag","[4] ERTRAG","[43] Entgelte","[436] Rückerstattungen","4","4","43","436","114178.00"
"494","Gals","2006","[9] FINANZEN UND STEUERN","[99] Nicht aufgeteilte Posten","","9","99","","[5] Ausgaben","[5] Ausgaben","[59] Passivierungen","[592] Uebertrag Einnahmenüberschuss in die Laufende Rechnung","5","5","59","592","31580.35"
"494","Gals","2006","[3] KULTUR UND FREIZEIT","[32] Massenmedien","","3","32","","[6] Einnahmen","[6] Einnahmen","[61] Nutzungsabgaben und Vorteilsentgelte","[610] Beiträge Dritter für eigene Rechnung","6","6","61","610","7800.00"
"494","Gals","2006","[7] UMWELT UND RAUMORDNUNG","[70] Wasserversorgung","","7","70","","[6] Einnahmen","[6] Einnahmen","[61] Nutzungsabgaben und Vorteilsentgelte","[610] Beiträge Dritter für eigene Rechnung","6","6","61","610","31115.00"
"494","Gals","2006","[9] FINANZEN UND STEUERN","[99] Nicht aufgeteilte Posten","","9","99","","[6] Einnahmen","[6] Einnahmen","[69] Aktivierungen","[690] Aktivierte Ausgaben","6","6","69","690","7334.65"
"494","Gals","2007","[0] ALLGEMEINE VERWALTUNG","[01] Legislative und Exekutive","","0","1","","[3] Aufwand","[3] AUFWAND","[30] Personalaufwand","[300] Personalaufwand der Behörden und Kommissionen","3","3","30","300","21957.00"
"494","Gals","2007","[2] BILDUNG","[21] Volksschule","","2","21","","[3] Aufwand","[3] AUFWAND","[30] Personalaufwand","[300] Personalaufwand der Behörden und Kommissionen","3","3","30","300","7160.00"
"494","Gals","2007","[3] KULTUR UND FREIZEIT","[35] Uebrige Freizeitgestaltung","","3","35","","[3] Aufwand","[3] AUFWAND","[30] Personalaufwand","[300] Personalaufwand der Behörden und Kommissionen","3","3","30","300","1683.40"
"494","Gals","2007","[3] KULTUR UND FREIZEIT","[34] Sport","","3","34","","[3] Aufwand","[3] AUFWAND","[30] Personalaufwand","[301] Löhne des Verwaltungs- + Betriebspersonals","3","3","30","301","4000.00"
"494","Gals","2007","[7] UMWELT UND RAUMORDNUNG","[70] Wasserversorgung","","7","70","","[3] Aufwand","[3] AUFWAND","[30] Personalaufwand","[301] Löhne des Verwaltungs- + Betriebspersonals","3","3","30","301","10274.95"
"494","Gals","2007","[7] UMWELT UND RAUMORDNUNG","[75] Gewässerverbauungen","","7","75","","[3] Aufwand","[3] AUFWAND","[30] Personalaufwand","[301] Löhne des Verwaltungs- + Betriebspersonals","3","3","30","301","589.35"
"494","Gals","2007","[8] VOLKSWIRTSCHAFT","[80] Landwirtschaft","","8","80","","[3] Aufwand","[3] AUFWAND","[30] Personalaufwand","[301] Löhne des Verwaltungs- + Betriebspersonals","3","3","30","301","713.00"
"494","Gals","2007","[9] FINANZEN UND STEUERN","[94] Vermögens- und Schuldenverwaltung","","9","94","","[3] Aufwand","[3] AUFWAND","[30] Personalaufwand","[301] Löhne des Verwaltungs- + Betriebspersonals","3","3","30","301","5212.85"
"494","Gals","2007","[0] ALLGEMEINE VERWALTUNG","[01] Legislative und Exekutive","","0","1","","[3] Aufwand","[3] AUFWAND","[30] Personalaufwand","[303] Sozialversicherungsbeiträge","3","3","30","303","198.90"
"494","Gals","2007","[0] ALLGEMEINE VERWALTUNG","[09] Nicht aufteilbare Aufgaben","","0","9","","[3] Aufwand","[3] AUFWAND","[30] Personalaufwand","[303] Sozialversicherungsbeiträge","3","3","30","303","1986.05"
"494","Gals","2007","[1] OEFFENTLICHE SICHERHEIT","[11] Polizei","","1","11","","[3] Aufwand","[3] AUFWAND","[30] Personalaufwand","[303] Sozialversicherungsbeiträge","3","3","30","303","401.35"
"494","Gals","2007","[1] OEFFENTLICHE SICHERHEIT","[16] Zivile Landesverteidigung","","1","16","","[3] Aufwand","[3] AUFWAND","[30] Personalaufwand","[303] Sozialversicherungsbeiträge","3","3","30","303","124.15"
"494","Gals","2007","[7] UMWELT UND RAUMORDNUNG","[71] Abwasserentsorgung","","7","71","","[3] Aufwand","[3] AUFWAND","[30] Personalaufwand","[303] Sozialversicherungsbeiträge","3","3","30","303","147.20"
"494","Gals","2007","[7] UMWELT UND RAUMORDNUNG","[74] Friedhof und Bestattung","","7","74","","[3] Aufwand","[3] AUFWAND","[30] Personalaufwand","[303] Sozialversicherungsbeiträge","3","3","30","303","365.55"
"494","Gals","2007","[8] VOLKSWIRTSCHAFT","[80] Landwirtschaft","","8","80","","[3] Aufwand","[3] AUFWAND","[30] Personalaufwand","[303] Sozialversicherungsbeiträge","3","3","30","303","35.45"
"494","Gals","2007","[0] ALLGEMEINE VERWALTUNG","[02] Allgemeine Verwaltung","","0","2","","[3] Aufwand","[3] AUFWAND","[30] Personalaufwand","[305] Unfall- und Krankenversicherungsbeiträge","3","3","30","305","7236.65"
"494","Gals","2007","[0] ALLGEMEINE VERWALTUNG","[09] Nicht aufteilbare Aufgaben","","0","9","","[3] Aufwand","[3] AUFWAND","[30] Personalaufwand","[305] Unfall- und Krankenversicherungsbeiträge","3","3","30","305","260.00"
"494","Gals","2007","[2] BILDUNG","[21] Volksschule","","2","21","","[3] Aufwand","[3] AUFWAND","[30] Personalaufwand","[305] Unfall- und Krankenversicherungsbeiträge","3","3","30","305","218.00"
"494","Gals","2007","[6] VERKEHR","[62] Gemeindestrassen","","6","62","","[3] Aufwand","[3] AUFWAND","[30] Personalaufwand","[305] Unfall- und Krankenversicherungsbeiträge","3","3","30","305","3333.15"
"494","Gals","2007","[0] ALLGEMEINE VERWALTUNG","[02] Allgemeine Verwaltung","","0","2","","[3] Aufwand","[3] AUFWAND","[31] Sachaufwand","[310] Büro- und Schulmaterialien, Drucksachen","3","3","31","310","10740.80"
"494","Gals","2007","[2] BILDUNG","[21] Volksschule","","2","21","","[3] Aufwand","[3] AUFWAND","[31] Sachaufwand","[310] Büro- und Schulmaterialien, Drucksachen","3","3","31","310","20893.85"
"494","Gals","2007","[9] FINANZEN UND STEUERN","[94] Vermögens- und Schuldenverwaltung","","9","94","","[3] Aufwand","[3] AUFWAND","[31] Sachaufwand","[310] Büro- und Schulmaterialien, Drucksachen","3","3","31","310","86.45"
"494","Gals","2007","[0] ALLGEMEINE VERWALTUNG","[09] Nicht aufteilbare Aufgaben","","0","9","","[3] Aufwand","[3] AUFWAND","[31] Sachaufwand","[311] Anschaffung Mobilien, Maschinen, Fahrzeuge","3","3","31","311","290.50"
"494","Gals","2007","[3] KULTUR UND FREIZEIT","[32] Massenmedien","","3","32","","[3] Aufwand","[3] AUFWAND","[31] Sachaufwand","[312] Wasser, Energie, Heizmaterialien","3","3","31","312","762.15"
"494","Gals","2007","[7] UMWELT UND RAUMORDNUNG","[70] Wasserversorgung","","7","70","","[3] Aufwand","[3] AUFWAND","[31] Sachaufwand","[312] Wasser, Energie, Heizmaterialien","3","3","31","312","112.10"
"494","Gals","2007","[0] ALLGEMEINE VERWALTUNG","[09] Nicht aufteilbare Aufgaben","","0","9","","[3] Aufwand","[3] AUFWAND","[31] Sachaufwand","[313] Verbrauchsmaterialien","3","3","31","313","655.15"
"494","Gals","2007","[2] BILDUNG","[21] Volksschule","","2","21","","[3] Aufwand","[3] AUFWAND","[31] Sachaufwand","[313] Verbrauchsmaterialien","3","3","31","313","1592.05"
"494","Gals","2007","[6] VERKEHR","[62] Gemeindestrassen","","6","62","","[3] Aufwand","[3] AUFWAND","[31] Sachaufwand","[313] Verbrauchsmaterialien","3","3","31","313","7776.95"
"494","Gals","2007","[8] VOLKSWIRTSCHAFT","[81] Forstwirtschaft","","8","81","","[3] Aufwand","[3] AUFWAND","[31] Sachaufwand","[313] Verbrauchsmaterialien","3","3","31","313","273.75"
"494","Gals","2007","[0] ALLGEMEINE VERWALTUNG","[09] Nicht aufteilbare Aufgaben","","0","9","","[3] Aufwand","[3] AUFWAND","[31] Sachaufwand","[314] Dienstleistungen Dritter für den baulichen Unterhalt","3","3","31","314","1321.69"
"494","Gals","2007","[1] OEFFENTLICHE SICHERHEIT","[16] Zivile Landesverteidigung","","1","16","","[3] Aufwand","[3] AUFWAND","[31] Sachaufwand","[314] Dienstleistungen Dritter für den baulichen Unterhalt","3","3","31","314","653.45"
"494","Gals","2007","[3] KULTUR UND FREIZEIT","[32] Massenmedien","","3","32","","[3] Aufwand","[3] AUFWAND","[31] Sachaufwand","[314] Dienstleistungen Dritter für den baulichen Unterhalt","3","3","31","314","3456.00"
"494","Gals","2007","[7] UMWELT UND RAUMORDNUNG","[70] Wasserversorgung","","7","70","","[3] Aufwand","[3] AUFWAND","[31] Sachaufwand","[314] Dienstleistungen Dritter für den baulichen Unterhalt","3","3","31","314","6743.45"
"494","Gals","2007","[7] UMWELT UND RAUMORDNUNG","[71] Abwasserentsorgung","","7","71","","[3] Aufwand","[3] AUFWAND","[31] Sachaufwand","[314] Dienstleistungen Dritter für den baulichen Unterhalt","3","3","31","314","12722.30"
"494","Gals","2007","[0] ALLGEMEINE VERWALTUNG","[02] Allgemeine Verwaltung","","0","2","","[3] Aufwand","[3] AUFWAND","[31] Sachaufwand","[315] Dienstleistungen Dritter für den übrigen Unterhalt","3","3","31","315","1200.80"
"494","Gals","2007","[2] BILDUNG","[21] Volksschule","","2","21","","[3] Aufwand","[3] AUFWAND","[31] Sachaufwand","[315] Dienstleistungen Dritter für den übrigen Unterhalt","3","3","31","315","2193.65"
"494","Gals","2007","[6] VERKEHR","[62] Gemeindestrassen","","6","62","","[3] Aufwand","[3] AUFWAND","[31] Sachaufwand","[315] Dienstleistungen Dritter für den übrigen Unterhalt","3","3","31","315","348.75"
"494","Gals","2007","[6] VERKEHR","[62] Gemeindestrassen","","6","62","","[3] Aufwand","[3] AUFWAND","[31] Sachaufwand","[316] Mieten, Pachten, Benützungskosten","3","3","31","316","1700.00"
"494","Gals","2007","[0] ALLGEMEINE VERWALTUNG","[02] Allgemeine Verwaltung","","0","2","","[3] Aufwand","[3] AUFWAND","[31] Sachaufwand","[318] Dienstleistungen und Honorare, allg. Verwaltungsaufwand","3","3","31","318","61743.40"
"494","Gals","2007","[2] BILDUNG","[21] Volksschule","","2","21","","[3] Aufwand","[3] AUFWAND","[31] Sachaufwand","[318] Dienstleistungen und Honorare, allg. Verwaltungsaufwand","3","3","31","318","3796.35"
"494","Gals","2007","[4] GESUNDHEIT","[46] Schulgesundheitsdienst","","4","46","","[3] Aufwand","[3] AUFWAND","[31] Sachaufwand","[318] Dienstleistungen und Honorare, allg. Verwaltungsaufwand","3","3","31","318","1227.40"
"494","Gals","2007","[6] VERKEHR","[62] Gemeindestrassen","","6","62","","[3] Aufwand","[3] AUFWAND","[31] Sachaufwand","[318] Dienstleistungen und Honorare, allg. Verwaltungsaufwand","3","3","31","318","1213.90"
"494","Gals","2007","[7] UMWELT UND RAUMORDNUNG","[72] Abfallentsorgung","","7","72","","[3] Aufwand","[3] AUFWAND","[31] Sachaufwand","[318] Dienstleistungen und Honorare, allg. Verwaltungsaufwand","3","3","31","318","40658.85"
"494","Gals","2007","[7] UMWELT UND RAUMORDNUNG","[74] Friedhof und Bestattung","","7","74","","[3] Aufwand","[3] AUFWAND","[31] Sachaufwand","[318] Dienstleistungen und Honorare, allg. Verwaltungsaufwand","3","3","31","318","335.60"
"494","Gals","2007","[7] UMWELT UND RAUMORDNUNG","[79] Raumordnung","","7","79","","[3] Aufwand","[3] AUFWAND","[31] Sachaufwand","[318] Dienstleistungen und Honorare, allg. Verwaltungsaufwand","3","3","31","318","9545.70"
"494","Gals","2007","[8] VOLKSWIRTSCHAFT","[81] Forstwirtschaft","","8","81","","[3] Aufwand","[3] AUFWAND","[31] Sachaufwand","[318] Dienstleistungen und Honorare, allg. Verwaltungsaufwand","3","3","31","318","70.20"
"494","Gals","2007","[9] FINANZEN UND STEUERN","[94] Vermögens- und Schuldenverwaltung","","9","94","","[3] Aufwand","[3] AUFWAND","[31] Sachaufwand","[318] Dienstleistungen und Honorare, allg. Verwaltungsaufwand","3","3","31","318","3227.80"
"494","Gals","2007","[9] FINANZEN UND STEUERN","[90] Steuern","","9","90","","[3] Aufwand","[3] AUFWAND","[33] Abschreibungen","[330] Finanzvermögen","3","3","33","330","11855.75"
"494","Gals","2007","[9] FINANZEN UND STEUERN","[99] Nicht aufgeteilte Posten","","9","99","","[3] Aufwand","[3] AUFWAND","[33] Abschreibungen","[331] Verwaltungsvermögen - harmonisierte Abschreibungen","3","3","33","331","40468.85"
"494","Gals","2007","[2] BILDUNG","[20] Kindergarten","","2","20","","[3] Aufwand","[3] AUFWAND","[35] Entschädigungen an Gemeinwesen","[351] Kanton","3","3","35","351","23365.15"
"494","Gals","2007","[7] UMWELT UND RAUMORDNUNG","[78] Uebriger Umweltschutz","","7","78","","[3] Aufwand","[3] AUFWAND","[35] Entschädigungen an Gemeinwesen","[352] Gemeinden","3","3","35","352","3298.45"
"494","Gals","2007","[7] UMWELT UND RAUMORDNUNG","[71] Abwasserentsorgung","","7","71","","[3] Aufwand","[3] AUFWAND","[36] Eigene Beiträge","[361] Kanton","3","3","36","361","9504.00"
"494","Gals","2007","[7] UMWELT UND RAUMORDNUNG","[70] Wasserversorgung","","7","70","","[3] Aufwand","[3] AUFWAND","[36] Eigene Beiträge","[362] Gemeinden","3","3","36","362","99985.95"
"494","Gals","2007","[0] ALLGEMEINE VERWALTUNG","[02] Allgemeine Verwaltung","","0","2","","[3] Aufwand","[3] AUFWAND","[36] Eigene Beiträge","[365] Private Institutionen","3","3","36","365","2841.00"
"494","Gals","2007","[5] SOZIALE WOHLFAHRT","[58] Sozialhilfe","","5","58","","[3] Aufwand","[3] AUFWAND","[36] Eigene Beiträge","[365] Private Institutionen","3","3","36","365","250.00"
"494","Gals","2007","[3] KULTUR UND FREIZEIT","[35] Uebrige Freizeitgestaltung","","3","35","","[3] Aufwand","[3] AUFWAND","[36] Eigene Beiträge","[366] Private Haushalte","3","3","36","366","4350.15"
"494","Gals","2007","[1] OEFFENTLICHE SICHERHEIT","[16] Zivile Landesverteidigung","","1","16","","[3] Aufwand","[3] AUFWAND","[38] Einlagen in Spezialfinanzierungen","[380] Einlagen in Spezialfinanzierungen","3","3","38","380","15900.00"
"494","Gals","2007","[3] KULTUR UND FREIZEIT","[32] Massenmedien","","3","32","","[3] Aufwand","[3] AUFWAND","[38] Einlagen in Spezialfinanzierungen","[380] Einlagen in Spezialfinanzierungen","3","3","38","380","35014.25"
"494","Gals","2007","[7] UMWELT UND RAUMORDNUNG","[70] Wasserversorgung","","7","70","","[3] Aufwand","[3] AUFWAND","[38] Einlagen in Spezialfinanzierungen","[380] Einlagen in Spezialfinanzierungen","3","3","38","380","51102.85"
"494","Gals","2007","[7] UMWELT UND RAUMORDNUNG","[71] Abwasserentsorgung","","7","71","","[3] Aufwand","[3] AUFWAND","[38] Einlagen in Spezialfinanzierungen","[380] Einlagen in Spezialfinanzierungen","3","3","38","380","42843.00"
"494","Gals","2007","[0] ALLGEMEINE VERWALTUNG","[09] Nicht aufteilbare Aufgaben","","0","9","","[3] Aufwand","[3] AUFWAND","[39] Interne Verrechnungen","[390] Verrechneter Aufwand","3","3","39","390","3000.00"
"494","Gals","2007","[2] BILDUNG","[21] Volksschule","","2","21","","[3] Aufwand","[3] AUFWAND","[39] Interne Verrechnungen","[390] Verrechneter Aufwand","3","3","39","390","3000.00"
"494","Gals","2007","[5] SOZIALE WOHLFAHRT","[50] Altersversicherung","","5","50","","[3] Aufwand","[3] AUFWAND","[39] Interne Verrechnungen","[390] Verrechneter Aufwand","3","3","39","390","3000.00"
"494","Gals","2007","[6] VERKEHR","[62] Gemeindestrassen","","6","62","","[3] Aufwand","[3] AUFWAND","[39] Interne Verrechnungen","[390] Verrechneter Aufwand","3","3","39","390","3000.00"
"494","Gals","2007","[7] UMWELT UND RAUMORDNUNG","[71] Abwasserentsorgung","","7","71","","[3] Aufwand","[3] AUFWAND","[39] Interne Verrechnungen","[390] Verrechneter Aufwand","3","3","39","390","3000.00"
"494","Gals","2007","[9] FINANZEN UND STEUERN","[90] Steuern","","9","90","","[4] Ertrag","[4] ERTRAG","[40] Steuern","[401] Gewinn- und Kapitalsteuern","4","4","40","401","17636.75"
"494","Gals","2007","[9] FINANZEN UND STEUERN","[90] Steuern","","9","90","","[4] Ertrag","[4] ERTRAG","[40] Steuern","[403] Vermögensgewinnsteuern","4","4","40","403","37975.90"
"494","Gals","2007","[9] FINANZEN UND STEUERN","[90] Steuern","","9","90","","[4] Ertrag","[4] ERTRAG","[40] Steuern","[406] Besitz- und Aufwandsteuern","4","4","40","406","3895.00"
"494","Gals","2007","[9] FINANZEN UND STEUERN","[94] Vermögens- und Schuldenverwaltung","","9","94","","[4] Ertrag","[4] ERTRAG","[42] Vermögenserträge","[421] Flüssige Mittel und Guthaben","4","4","42","421","7847.90"
"494","Gals","2007","[9] FINANZEN UND STEUERN","[94] Vermögens- und Schuldenverwaltung","","9","94","","[4] Ertrag","[4] ERTRAG","[42] Vermögenserträge","[423] Liegenschaften des Finanzvermögens","4","4","42","423","74782.00"
"494","Gals","2007","[0] ALLGEMEINE VERWALTUNG","[09] Nicht aufteilbare Aufgaben","","0","9","","[4] Ertrag","[4] ERTRAG","[42] Vermögenserträge","[427] Liegenschaften des Verwaltungsvermögens","4","4","42","427","18430.00"
"494","Gals","2007","[2] BILDUNG","[21] Volksschule","","2","21","","[4] Ertrag","[4] ERTRAG","[42] Vermögenserträge","[427] Liegenschaften des Verwaltungsvermögens","4","4","42","427","13200.00"
"494","Gals","2007","[3] KULTUR UND FREIZEIT","[32] Massenmedien","","3","32","","[4] Ertrag","[4] ERTRAG","[42] Vermögenserträge","[428] Einnahmeüberschuss der Investitionsrechnung","4","4","42","428","9882.55"
"494","Gals","2007","[7] UMWELT UND RAUMORDNUNG","[70] Wasserversorgung","","7","70","","[4] Ertrag","[4] ERTRAG","[42] Vermögenserträge","[428] Einnahmeüberschuss der Investitionsrechnung","4","4","42","428","18015.00"
"494","Gals","2007","[1] OEFFENTLICHE SICHERHEIT","[14] Wehrdienste","","1","14","","[4] Ertrag","[4] ERTRAG","[43] Entgelte","[430] Ersatzabgaben","4","4","43","430","50011.15"
"494","Gals","2007","[1] OEFFENTLICHE SICHERHEIT","[16] Zivile Landesverteidigung","","1","16","","[4] Ertrag","[4] ERTRAG","[43] Entgelte","[430] Ersatzabgaben","4","4","43","430","15900.00"
"494","Gals","2007","[1] OEFFENTLICHE SICHERHEIT","[10] Rechtsaufsicht","","1","10","","[4] Ertrag","[4] ERTRAG","[43] Entgelte","[431] Gebühren für Amtshandlungen","4","4","43","431","41809.60"
"494","Gals","2007","[7] UMWELT UND RAUMORDNUNG","[78] Uebriger Umweltschutz","","7","78","","[4] Ertrag","[4] ERTRAG","[43] Entgelte","[431] Gebühren für Amtshandlungen","4","4","43","431","3618.95"
"494","Gals","2007","[6] VERKEHR","[62] Gemeindestrassen","","6","62","","[4] Ertrag","[4] ERTRAG","[43] Entgelte","[434] Andere Benützungsgebühren und Dienstleistungen","4","4","43","434","6240.00"
"494","Gals","2007","[7] UMWELT UND RAUMORDNUNG","[72] Abfallentsorgung","","7","72","","[4] Ertrag","[4] ERTRAG","[43] Entgelte","[434] Andere Benützungsgebühren und Dienstleistungen","4","4","43","434","46141.15"
"494","Gals","2007","[8] VOLKSWIRTSCHAFT","[81] Forstwirtschaft","","8","81","","[4] Ertrag","[4] ERTRAG","[43] Entgelte","[435] Uebrige Verkaufserlöse","4","4","43","435","14916.00"
"494","Gals","2007","[0] ALLGEMEINE VERWALTUNG","[09] Nicht aufteilbare Aufgaben","","0","9","","[4] Ertrag","[4] ERTRAG","[43] Entgelte","[436] Rückerstattungen","4","4","43","436","319.70"
"494","Gals","2007","[7] UMWELT UND RAUMORDNUNG","[70] Wasserversorgung","","7","70","","[4] Ertrag","[4] ERTRAG","[43] Entgelte","[436] Rückerstattungen","4","4","43","436","4190.00"
"494","Gals","2007","[9] FINANZEN UND STEUERN","[93] Anteile an kantonalen Steuern und Abgaben","","9","93","","[4] Ertrag","[4] ERTRAG","[44] Anteile und Beiträge ohne Zweckbindungen","[441] Anteile an Kantonseinnahmen","4","4","44","441","5992.45"
"494","Gals","2007","[9] FINANZEN UND STEUERN","[92] Finanzausgleich","","9","92","","[4] Ertrag","[4] ERTRAG","[44] Anteile und Beiträge ohne Zweckbindungen","[444] Leistungen aus dem Finanzausgleich","4","4","44","444","135448.00"
"494","Gals","2007","[6] VERKEHR","[62] Gemeindestrassen","","6","62","","[4] Ertrag","[4] ERTRAG","[45] Rückerstattungen von Gemeinwesen","[451] Kanton","4","4","45","451","55452.45"
"494","Gals","2007","[3] KULTUR UND FREIZEIT","[35] Uebrige Freizeitgestaltung","","3","35","","[4] Ertrag","[4] ERTRAG","[45] Rückerstattungen von Gemeinwesen","[452] Gemeinden","4","4","45","452","200.00"
"494","Gals","2007","[8] VOLKSWIRTSCHAFT","[81] Forstwirtschaft","","8","81","","[4] Ertrag","[4] ERTRAG","[46] Beiträge","[461] Kanton","4","4","46","461","1190.00"
"494","Gals","2007","[7] UMWELT UND RAUMORDNUNG","[71] Abwasserentsorgung","","7","71","","[4] Ertrag","[4] ERTRAG","[48] Entnahmen aus Spezialfinanzierungen","[480] Entnahmen aus Spezialfinanzierungen","4","4","48","480","95881.20"
"494","Gals","2007","[0] ALLGEMEINE VERWALTUNG","[02] Allgemeine Verwaltung","","0","2","","[4] Ertrag","[4] ERTRAG","[49] Interne Verrechnungen","[490] Verrechneter Aufwand","4","4","49","490","35000.00"
"494","Gals","2007","[3] KULTUR UND FREIZEIT","[32] Massenmedien","","3","32","","[4] Ertrag","[4] ERTRAG","[49] Interne Verrechnungen","[491] Verrechnete Zinsen","4","4","49","491","3341.05"
"494","Gals","2007","[7] UMWELT UND RAUMORDNUNG","[71] Abwasserentsorgung","","7","71","","[5] Ausgaben","[5] Ausgaben","[50] Sachgüter","[501] Tiefbauten","5","5","50","501","47475.25"
"494","Gals","2007","[9] FINANZEN UND STEUERN","[94] Vermögens- und Schuldenverwaltung","","9","94","","[5] Ausgaben","[5] Ausgaben","[50] Sachgüter","[503] Hochbauten","5","5","50","503","3542.20"
"494","Gals","2007","[9] FINANZEN UND STEUERN","[99] Nicht aufgeteilte Posten","","9","99","","[5] Ausgaben","[5] Ausgaben","[59] Passivierungen","[590] Passivierte Einnahmen","5","5","59","590","96712.30"
"494","Gals","2007","[7] UMWELT UND RAUMORDNUNG","[71] Abwasserentsorgung","","7","71","","[6] Einnahmen","[6] Einnahmen","[61] Nutzungsabgaben und Vorteilsentgelte","[610] Beiträge Dritter für eigene Rechnung","6","6","61","610","19557.85"
"494","Gals","2007","[7] UMWELT UND RAUMORDNUNG","[71] Abwasserentsorgung","","7","71","","[6] Einnahmen","[6] Einnahmen","[66] Beiträge für eigene Rechnung","[661] Kanton","6","6","66","661","73387.00"
"494","Gals","2008","[2] BILDUNG","[21] Volksschule","","2","21","","[3] Aufwand","[3] AUFWAND","[30] Personalaufwand","[300] Personalaufwand der Behörden und Kommissionen","3","3","30","300","4015.00"
"494","Gals","2008","[0] ALLGEMEINE VERWALTUNG","[09] Nicht aufteilbare Aufgaben","","0","9","","[3] Aufwand","[3] AUFWAND","[30] Personalaufwand","[301] Löhne des Verwaltungs- + Betriebspersonals","3","3","30","301","38219.40"
"494","Gals","2008","[1] OEFFENTLICHE SICHERHEIT","[11] Polizei","","1","11","","[3] Aufwand","[3] AUFWAND","[30] Personalaufwand","[301] Löhne des Verwaltungs- + Betriebspersonals","3","3","30","301","7157.15"
"494","Gals","2008","[1] OEFFENTLICHE SICHERHEIT","[16] Zivile Landesverteidigung","","1","16","","[3] Aufwand","[3] AUFWAND","[30] Personalaufwand","[301] Löhne des Verwaltungs- + Betriebspersonals","3","3","30","301","2191.15"
"494","Gals","2008","[3] KULTUR UND FREIZEIT","[32] Massenmedien","","3","32","","[3] Aufwand","[3] AUFWAND","[30] Personalaufwand","[301] Löhne des Verwaltungs- + Betriebspersonals","3","3","30","301","178.25"
"494","Gals","2008","[7] UMWELT UND RAUMORDNUNG","[71] Abwasserentsorgung","","7","71","","[3] Aufwand","[3] AUFWAND","[30] Personalaufwand","[301] Löhne des Verwaltungs- + Betriebspersonals","3","3","30","301","2535.70"
"494","Gals","2007","[5] SOZIALE WOHLFAHRT","[58] Sozialhilfe","","5","58","","[4] Ertrag","[4] ERTRAG","[43] Entgelte","[436] Rückerstattungen","4","4","43","436","37.00"
"494","Gals","2007","[6] VERKEHR","[62] Gemeindestrassen","","6","62","","[4] Ertrag","[4] ERTRAG","[43] Entgelte","[436] Rückerstattungen","4","4","43","436","420.00"
"494","Gals","2007","[7] UMWELT UND RAUMORDNUNG","[79] Raumordnung","","7","79","","[4] Ertrag","[4] ERTRAG","[43] Entgelte","[436] Rückerstattungen","4","4","43","436","61558.20"
"494","Gals","2007","[8] VOLKSWIRTSCHAFT","[81] Forstwirtschaft","","8","81","","[4] Ertrag","[4] ERTRAG","[43] Entgelte","[436] Rückerstattungen","4","4","43","436","266.55"
"494","Gals","2007","[0] ALLGEMEINE VERWALTUNG","[02] Allgemeine Verwaltung","","0","2","","[4] Ertrag","[4] ERTRAG","[45] Rückerstattungen von Gemeinwesen","[451] Kanton","4","4","45","451","1266.00"
"494","Gals","2007","[5] SOZIALE WOHLFAHRT","[50] Altersversicherung","","5","50","","[4] Ertrag","[4] ERTRAG","[45] Rückerstattungen von Gemeinwesen","[451] Kanton","4","4","45","451","2442.65"
"494","Gals","2007","[5] SOZIALE WOHLFAHRT","[58] Sozialhilfe","","5","58","","[4] Ertrag","[4] ERTRAG","[45] Rückerstattungen von Gemeinwesen","[451] Kanton","4","4","45","451","195.65"
"494","Gals","2007","[1] OEFFENTLICHE SICHERHEIT","[16] Zivile Landesverteidigung","","1","16","","[4] Ertrag","[4] ERTRAG","[46] Beiträge","[461] Kanton","4","4","46","461","700.00"
"494","Gals","2007","[7] UMWELT UND RAUMORDNUNG","[72] Abfallentsorgung","","7","72","","[4] Ertrag","[4] ERTRAG","[48] Entnahmen aus Spezialfinanzierungen","[480] Entnahmen aus Spezialfinanzierungen","4","4","48","480","1977.80"
"494","Gals","2007","[7] UMWELT UND RAUMORDNUNG","[78] Uebriger Umweltschutz","","7","78","","[4] Ertrag","[4] ERTRAG","[49] Interne Verrechnungen","[490] Verrechneter Aufwand","4","4","49","490","2529.50"
"494","Gals","2007","[7] UMWELT UND RAUMORDNUNG","[70] Wasserversorgung","","7","70","","[4] Ertrag","[4] ERTRAG","[49] Interne Verrechnungen","[491] Verrechnete Zinsen","4","4","49","491","16488.00"
"494","Gals","2007","[7] UMWELT UND RAUMORDNUNG","[72] Abfallentsorgung","","7","72","","[4] Ertrag","[4] ERTRAG","[49] Interne Verrechnungen","[491] Verrechnete Zinsen","4","4","49","491","2991.20"
"494","Gals","2007","[9] FINANZEN UND STEUERN","[94] Vermögens- und Schuldenverwaltung","","9","94","","[4] Ertrag","[4] ERTRAG","[49] Interne Verrechnungen","[491] Verrechnete Zinsen","4","4","49","491","23283.05"
"494","Gals","2007","[3] KULTUR UND FREIZEIT","[32] Massenmedien","","3","32","","[5] Ausgaben","[5] Ausgaben","[50] Sachgüter","[501] Tiefbauten","5","5","50","501","3767.45"
"494","Gals","2007","[9] FINANZEN UND STEUERN","[99] Nicht aufgeteilte Posten","","9","99","","[5] Ausgaben","[5] Ausgaben","[59] Passivierungen","[592] Uebertrag Einnahmenüberschuss in die Laufende Rechnung","5","5","59","592","27897.55"
"494","Gals","2007","[3] KULTUR UND FREIZEIT","[32] Massenmedien","","3","32","","[6] Einnahmen","[6] Einnahmen","[61] Nutzungsabgaben und Vorteilsentgelte","[610] Beiträge Dritter für eigene Rechnung","6","6","61","610","13650.00"
"494","Gals","2007","[7] UMWELT UND RAUMORDNUNG","[70] Wasserversorgung","","7","70","","[6] Einnahmen","[6] Einnahmen","[61] Nutzungsabgaben und Vorteilsentgelte","[610] Beiträge Dritter für eigene Rechnung","6","6","61","610","18015.00"
"494","Gals","2007","[9] FINANZEN UND STEUERN","[99] Nicht aufgeteilte Posten","","9","99","","[6] Einnahmen","[6] Einnahmen","[69] Aktivierungen","[690] Aktivierte Ausgaben","6","6","69","690","51242.70"
"494","Gals","2007","[9] FINANZEN UND STEUERN","[99] Nicht aufgeteilte Posten","","9","99","","[6] Einnahmen","[6] Einnahmen","[69] Aktivierungen","[695] Uebertrag Zugänge von Liegenschaften des Finanzvermögens","6","6","69","695","3542.20"
"494","Gals","2008","[0] ALLGEMEINE VERWALTUNG","[01] Legislative und Exekutive","","0","1","","[3] Aufwand","[3] AUFWAND","[30] Personalaufwand","[300] Personalaufwand der Behörden und Kommissionen","3","3","30","300","16699.25"
"494","Gals","2008","[3] KULTUR UND FREIZEIT","[35] Uebrige Freizeitgestaltung","","3","35","","[3] Aufwand","[3] AUFWAND","[30] Personalaufwand","[300] Personalaufwand der Behörden und Kommissionen","3","3","30","300","1520.00"
"494","Gals","2008","[7] UMWELT UND RAUMORDNUNG","[71] Abwasserentsorgung","","7","71","","[3] Aufwand","[3] AUFWAND","[30] Personalaufwand","[300] Personalaufwand der Behörden und Kommissionen","3","3","30","300","390.00"
"494","Gals","2008","[0] ALLGEMEINE VERWALTUNG","[02] Allgemeine Verwaltung","","0","2","","[3] Aufwand","[3] AUFWAND","[30] Personalaufwand","[301] Löhne des Verwaltungs- + Betriebspersonals","3","3","30","301","87424.70"
"494","Gals","2008","[2] BILDUNG","[21] Volksschule","","2","21","","[3] Aufwand","[3] AUFWAND","[30] Personalaufwand","[301] Löhne des Verwaltungs- + Betriebspersonals","3","3","30","301","37685.90"
"494","Gals","2008","[3] KULTUR UND FREIZEIT","[34] Sport","","3","34","","[3] Aufwand","[3] AUFWAND","[30] Personalaufwand","[301] Löhne des Verwaltungs- + Betriebspersonals","3","3","30","301","4000.00"
"494","Gals","2008","[6] VERKEHR","[62] Gemeindestrassen","","6","62","","[3] Aufwand","[3] AUFWAND","[30] Personalaufwand","[301] Löhne des Verwaltungs- + Betriebspersonals","3","3","30","301","14682.75"
"494","Gals","2008","[7] UMWELT UND RAUMORDNUNG","[70] Wasserversorgung","","7","70","","[3] Aufwand","[3] AUFWAND","[30] Personalaufwand","[301] Löhne des Verwaltungs- + Betriebspersonals","3","3","30","301","10234.45"
"494","Gals","2008","[7] UMWELT UND RAUMORDNUNG","[72] Abfallentsorgung","","7","72","","[3] Aufwand","[3] AUFWAND","[30] Personalaufwand","[301] Löhne des Verwaltungs- + Betriebspersonals","3","3","30","301","5600.25"
"494","Gals","2008","[7] UMWELT UND RAUMORDNUNG","[75] Gewässerverbauungen","","7","75","","[3] Aufwand","[3] AUFWAND","[30] Personalaufwand","[301] Löhne des Verwaltungs- + Betriebspersonals","3","3","30","301","763.15"
"494","Gals","2008","[8] VOLKSWIRTSCHAFT","[81] Forstwirtschaft","","8","81","","[3] Aufwand","[3] AUFWAND","[30] Personalaufwand","[301] Löhne des Verwaltungs- + Betriebspersonals","3","3","30","301","4419.25"
"494","Gals","2008","[9] FINANZEN UND STEUERN","[94] Vermögens- und Schuldenverwaltung","","9","94","","[3] Aufwand","[3] AUFWAND","[30] Personalaufwand","[301] Löhne des Verwaltungs- + Betriebspersonals","3","3","30","301","3734.45"
"494","Gals","2008","[3] KULTUR UND FREIZEIT","[32] Massenmedien","","3","32","","[3] Aufwand","[3] AUFWAND","[30] Personalaufwand","[303] Sozialversicherungsbeiträge","3","3","30","303","9.40"
"494","Gals","2008","[3] KULTUR UND FREIZEIT","[34] Sport","","3","34","","[3] Aufwand","[3] AUFWAND","[30] Personalaufwand","[303] Sozialversicherungsbeiträge","3","3","30","303","210.90"
"494","Gals","2008","[7] UMWELT UND RAUMORDNUNG","[70] Wasserversorgung","","7","70","","[3] Aufwand","[3] AUFWAND","[30] Personalaufwand","[303] Sozialversicherungsbeiträge","3","3","30","303","539.60"
"494","Gals","2008","[7] UMWELT UND RAUMORDNUNG","[75] Gewässerverbauungen","","7","75","","[3] Aufwand","[3] AUFWAND","[30] Personalaufwand","[303] Sozialversicherungsbeiträge","3","3","30","303","40.25"
"494","Gals","2008","[8] VOLKSWIRTSCHAFT","[80] Landwirtschaft","","8","80","","[3] Aufwand","[3] AUFWAND","[30] Personalaufwand","[303] Sozialversicherungsbeiträge","3","3","30","303","38.85"
"494","Gals","2008","[9] FINANZEN UND STEUERN","[94] Vermögens- und Schuldenverwaltung","","9","94","","[3] Aufwand","[3] AUFWAND","[30] Personalaufwand","[303] Sozialversicherungsbeiträge","3","3","30","303","196.90"
"494","Gals","2008","[0] ALLGEMEINE VERWALTUNG","[02] Allgemeine Verwaltung","","0","2","","[3] Aufwand","[3] AUFWAND","[30] Personalaufwand","[304] Personalversicherungsbeiträge","3","3","30","304","2673.90"
"494","Gals","2008","[2] BILDUNG","[21] Volksschule","","2","21","","[3] Aufwand","[3] AUFWAND","[30] Personalaufwand","[304] Personalversicherungsbeiträge","3","3","30","304","4956.35"
"494","Gals","2008","[6] VERKEHR","[62] Gemeindestrassen","","6","62","","[3] Aufwand","[3] AUFWAND","[30] Personalaufwand","[304] Personalversicherungsbeiträge","3","3","30","304","2239.55"
"494","Gals","2008","[0] ALLGEMEINE VERWALTUNG","[09] Nicht aufteilbare Aufgaben","","0","9","","[3] Aufwand","[3] AUFWAND","[30] Personalaufwand","[305] Unfall- und Krankenversicherungsbeiträge","3","3","30","305","525.20"
"494","Gals","2008","[2] BILDUNG","[21] Volksschule","","2","21","","[3] Aufwand","[3] AUFWAND","[30] Personalaufwand","[309] Uebriger Personalaufwand","3","3","30","309","479.85"
"494","Gals","2008","[0] ALLGEMEINE VERWALTUNG","[01] Legislative und Exekutive","","0","1","","[3] Aufwand","[3] AUFWAND","[31] Sachaufwand","[310] Büro- und Schulmaterialien, Drucksachen","3","3","31","310","1140.90"
"494","Gals","2008","[2] BILDUNG","[21] Volksschule","","2","21","","[3] Aufwand","[3] AUFWAND","[31] Sachaufwand","[310] Büro- und Schulmaterialien, Drucksachen","3","3","31","310","22714.91"
"494","Gals","2008","[9] FINANZEN UND STEUERN","[90] Steuern","","9","90","","[3] Aufwand","[3] AUFWAND","[31] Sachaufwand","[310] Büro- und Schulmaterialien, Drucksachen","3","3","31","310","40.90"
"494","Gals","2008","[2] BILDUNG","[21] Volksschule","","2","21","","[3] Aufwand","[3] AUFWAND","[31] Sachaufwand","[312] Wasser, Energie, Heizmaterialien","3","3","31","312","16212.30"
"494","Gals","2008","[6] VERKEHR","[62] Gemeindestrassen","","6","62","","[3] Aufwand","[3] AUFWAND","[31] Sachaufwand","[312] Wasser, Energie, Heizmaterialien","3","3","31","312","19694.30"
"494","Gals","2008","[0] ALLGEMEINE VERWALTUNG","[09] Nicht aufteilbare Aufgaben","","0","9","","[3] Aufwand","[3] AUFWAND","[31] Sachaufwand","[313] Verbrauchsmaterialien","3","3","31","313","1584.05"
"494","Gals","2008","[7] UMWELT UND RAUMORDNUNG","[70] Wasserversorgung","","7","70","","[3] Aufwand","[3] AUFWAND","[31] Sachaufwand","[313] Verbrauchsmaterialien","3","3","31","313","991.95"
"494","Gals","2008","[7] UMWELT UND RAUMORDNUNG","[70] Wasserversorgung","","7","70","","[3] Aufwand","[3] AUFWAND","[31] Sachaufwand","[314] Dienstleistungen Dritter für den baulichen Unterhalt","3","3","31","314","12110.40"
"494","Gals","2008","[7] UMWELT UND RAUMORDNUNG","[72] Abfallentsorgung","","7","72","","[3] Aufwand","[3] AUFWAND","[31] Sachaufwand","[314] Dienstleistungen Dritter für den baulichen Unterhalt","3","3","31","314","1319.50"
"494","Gals","2008","[7] UMWELT UND RAUMORDNUNG","[75] Gewässerverbauungen","","7","75","","[3] Aufwand","[3] AUFWAND","[31] Sachaufwand","[314] Dienstleistungen Dritter für den baulichen Unterhalt","3","3","31","314","2000.00"
"494","Gals","2008","[9] FINANZEN UND STEUERN","[94] Vermögens- und Schuldenverwaltung","","9","94","","[3] Aufwand","[3] AUFWAND","[31] Sachaufwand","[314] Dienstleistungen Dritter für den baulichen Unterhalt","3","3","31","314","6892.40"
"494","Gals","2008","[0] ALLGEMEINE VERWALTUNG","[02] Allgemeine Verwaltung","","0","2","","[3] Aufwand","[3] AUFWAND","[31] Sachaufwand","[315] Dienstleistungen Dritter für den übrigen Unterhalt","3","3","31","315","5336.95"
"494","Gals","2008","[0] ALLGEMEINE VERWALTUNG","[09] Nicht aufteilbare Aufgaben","","0","9","","[3] Aufwand","[3] AUFWAND","[31] Sachaufwand","[315] Dienstleistungen Dritter für den übrigen Unterhalt","3","3","31","315","2627.40"
"494","Gals","2008","[2] BILDUNG","[21] Volksschule","","2","21","","[3] Aufwand","[3] AUFWAND","[31] Sachaufwand","[315] Dienstleistungen Dritter für den übrigen Unterhalt","3","3","31","315","1108.25"
"494","Gals","2008","[6] VERKEHR","[62] Gemeindestrassen","","6","62","","[3] Aufwand","[3] AUFWAND","[31] Sachaufwand","[315] Dienstleistungen Dritter für den übrigen Unterhalt","3","3","31","315","385.00"
"494","Gals","2008","[0] ALLGEMEINE VERWALTUNG","[02] Allgemeine Verwaltung","","0","2","","[3] Aufwand","[3] AUFWAND","[31] Sachaufwand","[317] Spesenentschädigungen","3","3","31","317","70.50"
"494","Gals","2008","[2] BILDUNG","[21] Volksschule","","2","21","","[3] Aufwand","[3] AUFWAND","[31] Sachaufwand","[317] Spesenentschädigungen","3","3","31","317","6194.55"
"494","Gals","2008","[0] ALLGEMEINE VERWALTUNG","[01] Legislative und Exekutive","","0","1","","[3] Aufwand","[3] AUFWAND","[31] Sachaufwand","[318] Dienstleistungen und Honorare, allg. Verwaltungsaufwand","3","3","31","318","68.30"
"494","Gals","2008","[0] ALLGEMEINE VERWALTUNG","[09] Nicht aufteilbare Aufgaben","","0","9","","[3] Aufwand","[3] AUFWAND","[31] Sachaufwand","[318] Dienstleistungen und Honorare, allg. Verwaltungsaufwand","3","3","31","318","852.30"
"494","Gals","2008","[1] OEFFENTLICHE SICHERHEIT","[11] Polizei","","1","11","","[3] Aufwand","[3] AUFWAND","[31] Sachaufwand","[318] Dienstleistungen und Honorare, allg. Verwaltungsaufwand","3","3","31","318","200.00"
"494","Gals","2008","[1] OEFFENTLICHE SICHERHEIT","[16] Zivile Landesverteidigung","","1","16","","[3] Aufwand","[3] AUFWAND","[31] Sachaufwand","[318] Dienstleistungen und Honorare, allg. Verwaltungsaufwand","3","3","31","318","870.00"
"494","Gals","2008","[3] KULTUR UND FREIZEIT","[30] Kulturförderung","","3","30","","[3] Aufwand","[3] AUFWAND","[31] Sachaufwand","[318] Dienstleistungen und Honorare, allg. Verwaltungsaufwand","3","3","31","318","1591.25"
"494","Gals","2008","[3] KULTUR UND FREIZEIT","[32] Massenmedien","","3","32","","[3] Aufwand","[3] AUFWAND","[31] Sachaufwand","[318] Dienstleistungen und Honorare, allg. Verwaltungsaufwand","3","3","31","318","2147.90"
"494","Gals","2008","[6] VERKEHR","[62] Gemeindestrassen","","6","62","","[3] Aufwand","[3] AUFWAND","[31] Sachaufwand","[318] Dienstleistungen und Honorare, allg. Verwaltungsaufwand","3","3","31","318","2084.50"
"494","Gals","2008","[7] UMWELT UND RAUMORDNUNG","[71] Abwasserentsorgung","","7","71","","[3] Aufwand","[3] AUFWAND","[31] Sachaufwand","[318] Dienstleistungen und Honorare, allg. Verwaltungsaufwand","3","3","31","318","634.85"
"494","Gals","2008","[7] UMWELT UND RAUMORDNUNG","[74] Friedhof und Bestattung","","7","74","","[3] Aufwand","[3] AUFWAND","[31] Sachaufwand","[318] Dienstleistungen und Honorare, allg. Verwaltungsaufwand","3","3","31","318","253.50"
"494","Gals","2008","[7] UMWELT UND RAUMORDNUNG","[79] Raumordnung","","7","79","","[3] Aufwand","[3] AUFWAND","[31] Sachaufwand","[318] Dienstleistungen und Honorare, allg. Verwaltungsaufwand","3","3","31","318","6439.20"
"494","Gals","2008","[8] VOLKSWIRTSCHAFT","[81] Forstwirtschaft","","8","81","","[3] Aufwand","[3] AUFWAND","[31] Sachaufwand","[318] Dienstleistungen und Honorare, allg. Verwaltungsaufwand","3","3","31","318","30.00"
"494","Gals","2008","[9] FINANZEN UND STEUERN","[94] Vermögens- und Schuldenverwaltung","","9","94","","[3] Aufwand","[3] AUFWAND","[32] Passivzinsen","[322] Mittel- und langfirstige Schulden","3","3","32","322","63614.70"
"494","Gals","2008","[1] OEFFENTLICHE SICHERHEIT","[14] Wehrdienste","","1","14","","[3] Aufwand","[3] AUFWAND","[33] Abschreibungen","[330] Finanzvermögen","3","3","33","330","707.40"
"494","Gals","2008","[9] FINANZEN UND STEUERN","[99] Nicht aufgeteilte Posten","","9","99","","[3] Aufwand","[3] AUFWAND","[33] Abschreibungen","[330] Finanzvermögen","3","3","33","330","6153.15"
"494","Gals","2008","[7] UMWELT UND RAUMORDNUNG","[71] Abwasserentsorgung","","7","71","","[3] Aufwand","[3] AUFWAND","[33] Abschreibungen","[331] Verwaltungsvermögen - harmonisierte Abschreibungen","3","3","33","331","42843.00"
"494","Gals","2008","[0] ALLGEMEINE VERWALTUNG","[02] Allgemeine Verwaltung","","0","2","","[3] Aufwand","[3] AUFWAND","[35] Entschädigungen an Gemeinwesen","[351] Kanton","3","3","35","351","12266.25"
"494","Gals","2008","[5] SOZIALE WOHLFAHRT","[58] Sozialhilfe","","5","58","","[3] Aufwand","[3] AUFWAND","[35] Entschädigungen an Gemeinwesen","[351] Kanton","3","3","35","351","272743.55"
"494","Gals","2008","[2] BILDUNG","[22] Sonderschulen","","2","22","","[3] Aufwand","[3] AUFWAND","[36] Eigene Beiträge","[361] Kanton","3","3","36","361","14130.05"
"494","Gals","2008","[5] SOZIALE WOHLFAHRT","[51] Invalidenversicherung","","5","51","","[3] Aufwand","[3] AUFWAND","[36] Eigene Beiträge","[361] Kanton","3","3","36","361","65151.00"
"494","Gals","2008","[7] UMWELT UND RAUMORDNUNG","[75] Gewässerverbauungen","","7","75","","[3] Aufwand","[3] AUFWAND","[36] Eigene Beiträge","[361] Kanton","3","3","36","361","39286.00"
"494","Gals","2008","[1] OEFFENTLICHE SICHERHEIT","[14] Wehrdienste","","1","14","","[3] Aufwand","[3] AUFWAND","[36] Eigene Beiträge","[362] Gemeinden","3","3","36","362","47008.15"
"494","Gals","2008","[2] BILDUNG","[21] Volksschule","","2","21","","[3] Aufwand","[3] AUFWAND","[36] Eigene Beiträge","[362] Gemeinden","3","3","36","362","117460.20"
"494","Gals","2008","[5] SOZIALE WOHLFAHRT","[58] Sozialhilfe","","5","58","","[3] Aufwand","[3] AUFWAND","[36] Eigene Beiträge","[362] Gemeinden","3","3","36","362","8920.20"
"494","Gals","2008","[8] VOLKSWIRTSCHAFT","[81] Forstwirtschaft","","8","81","","[3] Aufwand","[3] AUFWAND","[36] Eigene Beiträge","[362] Gemeinden","3","3","36","362","962.55"
"494","Gals","2008","[0] ALLGEMEINE VERWALTUNG","[02] Allgemeine Verwaltung","","0","2","","[3] Aufwand","[3] AUFWAND","[36] Eigene Beiträge","[365] Private Institutionen","3","3","36","365","2191.00"
"494","Gals","2008","[3] KULTUR UND FREIZEIT","[30] Kulturförderung","","3","30","","[3] Aufwand","[3] AUFWAND","[36] Eigene Beiträge","[365] Private Institutionen","3","3","36","365","3800.00"
"494","Gals","2008","[3] KULTUR UND FREIZEIT","[33] Parkanlagen und Wanderwege","","3","33","","[3] Aufwand","[3] AUFWAND","[36] Eigene Beiträge","[365] Private Institutionen","3","3","36","365","215.10"
"494","Gals","2008","[5] SOZIALE WOHLFAHRT","[58] Sozialhilfe","","5","58","","[3] Aufwand","[3] AUFWAND","[36] Eigene Beiträge","[365] Private Institutionen","3","3","36","365","200.00"
"494","Gals","2008","[7] UMWELT UND RAUMORDNUNG","[79] Raumordnung","","7","79","","[3] Aufwand","[3] AUFWAND","[36] Eigene Beiträge","[365] Private Institutionen","3","3","36","365","4341.90"
"494","Gals","2008","[3] KULTUR UND FREIZEIT","[35] Uebrige Freizeitgestaltung","","3","35","","[3] Aufwand","[3] AUFWAND","[36] Eigene Beiträge","[366] Private Haushalte","3","3","36","366","8387.25"
"494","Gals","2008","[3] KULTUR UND FREIZEIT","[32] Massenmedien","","3","32","","[3] Aufwand","[3] AUFWAND","[38] Einlagen in Spezialfinanzierungen","[380] Einlagen in Spezialfinanzierungen","3","3","38","380","20680.70"
"494","Gals","2008","[7] UMWELT UND RAUMORDNUNG","[70] Wasserversorgung","","7","70","","[3] Aufwand","[3] AUFWAND","[38] Einlagen in Spezialfinanzierungen","[380] Einlagen in Spezialfinanzierungen","3","3","38","380","38102.45"
"494","Gals","2008","[0] ALLGEMEINE VERWALTUNG","[09] Nicht aufteilbare Aufgaben","","0","9","","[3] Aufwand","[3] AUFWAND","[39] Interne Verrechnungen","[390] Verrechneter Aufwand","3","3","39","390","3000.00"
"494","Gals","2008","[3] KULTUR UND FREIZEIT","[32] Massenmedien","","3","32","","[3] Aufwand","[3] AUFWAND","[39] Interne Verrechnungen","[390] Verrechneter Aufwand","3","3","39","390","3000.00"
"494","Gals","2008","[7] UMWELT UND RAUMORDNUNG","[70] Wasserversorgung","","7","70","","[3] Aufwand","[3] AUFWAND","[39] Interne Verrechnungen","[390] Verrechneter Aufwand","3","3","39","390","3000.00"
"494","Gals","2008","[7] UMWELT UND RAUMORDNUNG","[71] Abwasserentsorgung","","7","71","","[3] Aufwand","[3] AUFWAND","[39] Interne Verrechnungen","[390] Verrechneter Aufwand","3","3","39","390","3000.00"
"494","Gals","2008","[9] FINANZEN UND STEUERN","[94] Vermögens- und Schuldenverwaltung","","9","94","","[3] Aufwand","[3] AUFWAND","[39] Interne Verrechnungen","[391] Verrechnete Zinsen","3","3","39","391","24503.05"
"494","Gals","2008","[9] FINANZEN UND STEUERN","[90] Steuern","","9","90","","[4] Ertrag","[4] ERTRAG","[40] Steuern","[400] Einkommens- und Vermögenssteuern","4","4","40","400","1300260.10"
"494","Gals","2008","[9] FINANZEN UND STEUERN","[90] Steuern","","9","90","","[4] Ertrag","[4] ERTRAG","[40] Steuern","[403] Vermögensgewinnsteuern","4","4","40","403","127911.40"
"494","Gals","2008","[9] FINANZEN UND STEUERN","[90] Steuern","","9","90","","[4] Ertrag","[4] ERTRAG","[40] Steuern","[406] Besitz- und Aufwandsteuern","4","4","40","406","4595.00"
"494","Gals","2008","[8] VOLKSWIRTSCHAFT","[86] Energie","","8","86","","[4] Ertrag","[4] ERTRAG","[41] Regalien und Konzessionen","[410] Erträge aus Regalien und Konzessionen","4","4","41","410","27668.00"
"494","Gals","2008","[9] FINANZEN UND STEUERN","[94] Vermögens- und Schuldenverwaltung","","9","94","","[4] Ertrag","[4] ERTRAG","[42] Vermögenserträge","[423] Liegenschaften des Finanzvermögens","4","4","42","423","97394.25"
"494","Gals","2008","[0] ALLGEMEINE VERWALTUNG","[09] Nicht aufteilbare Aufgaben","","0","9","","[4] Ertrag","[4] ERTRAG","[42] Vermögenserträge","[427] Liegenschaften des Verwaltungsvermögens","4","4","42","427","20300.00"
"494","Gals","2008","[7] UMWELT UND RAUMORDNUNG","[70] Wasserversorgung","","7","70","","[4] Ertrag","[4] ERTRAG","[42] Vermögenserträge","[428] Einnahmeüberschuss der Investitionsrechnung","4","4","42","428","29887.70"
"494","Gals","2008","[0] ALLGEMEINE VERWALTUNG","[02] Allgemeine Verwaltung","","0","2","","[4] Ertrag","[4] ERTRAG","[43] Entgelte","[431] Gebühren für Amtshandlungen","4","4","43","431","20.00"
"494","Gals","2008","[6] VERKEHR","[65] Regionalverkehr","","6","65","","[4] Ertrag","[4] ERTRAG","[43] Entgelte","[431] Gebühren für Amtshandlungen","4","4","43","431","623.00"
"494","Gals","2008","[6] VERKEHR","[62] Gemeindestrassen","","6","62","","[4] Ertrag","[4] ERTRAG","[43] Entgelte","[434] Andere Benützungsgebühren und Dienstleistungen","4","4","43","434","1837.50"
"494","Gals","2008","[7] UMWELT UND RAUMORDNUNG","[71] Abwasserentsorgung","","7","71","","[4] Ertrag","[4] ERTRAG","[43] Entgelte","[434] Andere Benützungsgebühren und Dienstleistungen","4","4","43","434","235102.90"
"494","Gals","2008","[7] UMWELT UND RAUMORDNUNG","[72] Abfallentsorgung","","7","72","","[4] Ertrag","[4] ERTRAG","[43] Entgelte","[434] Andere Benützungsgebühren und Dienstleistungen","4","4","43","434","45918.25"
"494","Gals","2008","[7] UMWELT UND RAUMORDNUNG","[74] Friedhof und Bestattung","","7","74","","[4] Ertrag","[4] ERTRAG","[43] Entgelte","[434] Andere Benützungsgebühren und Dienstleistungen","4","4","43","434","700.00"
"494","Gals","2008","[3] KULTUR UND FREIZEIT","[32] Massenmedien","","3","32","","[4] Ertrag","[4] ERTRAG","[43] Entgelte","[435] Uebrige Verkaufserlöse","4","4","43","435","48196.60"
"494","Gals","2008","[7] UMWELT UND RAUMORDNUNG","[70] Wasserversorgung","","7","70","","[4] Ertrag","[4] ERTRAG","[43] Entgelte","[435] Uebrige Verkaufserlöse","4","4","43","435","113537.65"
"494","Gals","2008","[0] ALLGEMEINE VERWALTUNG","[02] Allgemeine Verwaltung","","0","2","","[4] Ertrag","[4] ERTRAG","[43] Entgelte","[436] Rückerstattungen","4","4","43","436","37855.00"
"494","Gals","2008","[6] VERKEHR","[62] Gemeindestrassen","","6","62","","[4] Ertrag","[4] ERTRAG","[43] Entgelte","[436] Rückerstattungen","4","4","43","436","1237.50"
"494","Gals","2008","[7] UMWELT UND RAUMORDNUNG","[70] Wasserversorgung","","7","70","","[4] Ertrag","[4] ERTRAG","[43] Entgelte","[436] Rückerstattungen","4","4","43","436","2381.50"
"494","Gals","2008","[1] OEFFENTLICHE SICHERHEIT","[16] Zivile Landesverteidigung","","1","16","","[4] Ertrag","[4] ERTRAG","[46] Beiträge","[461] Kanton","4","4","46","461","700.00"
"494","Gals","2008","[8] VOLKSWIRTSCHAFT","[81] Forstwirtschaft","","8","81","","[4] Ertrag","[4] ERTRAG","[46] Beiträge","[461] Kanton","4","4","46","461","560.00"
"494","Gals","2008","[7] UMWELT UND RAUMORDNUNG","[71] Abwasserentsorgung","","7","71","","[4] Ertrag","[4] ERTRAG","[48] Entnahmen aus Spezialfinanzierungen","[480] Entnahmen aus Spezialfinanzierungen","4","4","48","480","42843.00"
"494","Gals","2008","[3] KULTUR UND FREIZEIT","[32] Massenmedien","","3","32","","[4] Ertrag","[4] ERTRAG","[49] Interne Verrechnungen","[491] Verrechnete Zinsen","4","4","49","491","4041.35"
"494","Gals","2008","[7] UMWELT UND RAUMORDNUNG","[70] Wasserversorgung","","7","70","","[4] Ertrag","[4] ERTRAG","[49] Interne Verrechnungen","[491] Verrechnete Zinsen","4","4","49","491","17510.05"
"494","Gals","2008","[9] FINANZEN UND STEUERN","[94] Vermögens- und Schuldenverwaltung","","9","94","","[4] Ertrag","[4] ERTRAG","[49] Interne Verrechnungen","[491] Verrechnete Zinsen","4","4","49","491","22577.55"
"494","Gals","2008","[9] FINANZEN UND STEUERN","[99] Nicht aufgeteilte Posten","","9","99","","[4] Ertrag","[4] ERTRAG","[49] Interne Verrechnungen","[492] Verrechnete Abschreibungen","4","4","49","492","792.00"
"494","Gals","2008","[3] KULTUR UND FREIZEIT","[32] Massenmedien","","3","32","","[5] Ausgaben","[5] Ausgaben","[50] Sachgüter","[501] Tiefbauten","5","5","50","501","792.00"
"494","Gals","2008","[0] ALLGEMEINE VERWALTUNG","[09] Nicht aufteilbare Aufgaben","","0","9","","[5] Ausgaben","[5] Ausgaben","[50] Sachgüter","[503] Hochbauten","5","5","50","503","20376.40"
"494","Gals","2008","[9] FINANZEN UND STEUERN","[99] Nicht aufgeteilte Posten","","9","99","","[5] Ausgaben","[5] Ausgaben","[59] Passivierungen","[590] Passivierte Einnahmen","5","5","59","590","36781.75"
"494","Gals","2008","[9] FINANZEN UND STEUERN","[99] Nicht aufgeteilte Posten","","9","99","","[5] Ausgaben","[5] Ausgaben","[59] Passivierungen","[592] Uebertrag Einnahmenüberschuss in die Laufende Rechnung","5","5","59","592","29887.70"
"494","Gals","2008","[7] UMWELT UND RAUMORDNUNG","[70] Wasserversorgung","","7","70","","[6] Einnahmen","[6] Einnahmen","[61] Nutzungsabgaben und Vorteilsentgelte","[610] Beiträge Dritter für eigene Rechnung","6","6","61","610","29887.70"
"494","Gals","2008","[9] FINANZEN UND STEUERN","[99] Nicht aufgeteilte Posten","","9","99","","[6] Einnahmen","[6] Einnahmen","[69] Aktivierungen","[690] Aktivierte Ausgaben","6","6","69","690","152367.55"
"494","Gals","2009","[2] BILDUNG","[21] Volksschule","","2","21","","[3] Aufwand","[3] AUFWAND","[30] Personalaufwand","[300] Personalaufwand der Behörden und Kommissionen","3","3","30","300","4415.00"
"494","Gals","2009","[0] ALLGEMEINE VERWALTUNG","[09] Nicht aufteilbare Aufgaben","","0","9","","[3] Aufwand","[3] AUFWAND","[30] Personalaufwand","[301] Löhne des Verwaltungs- + Betriebspersonals","3","3","30","301","42966.65"
"494","Gals","2009","[1] OEFFENTLICHE SICHERHEIT","[11] Polizei","","1","11","","[3] Aufwand","[3] AUFWAND","[30] Personalaufwand","[301] Löhne des Verwaltungs- + Betriebspersonals","3","3","30","301","11380.65"
"494","Gals","2009","[1] OEFFENTLICHE SICHERHEIT","[16] Zivile Landesverteidigung","","1","16","","[3] Aufwand","[3] AUFWAND","[30] Personalaufwand","[301] Löhne des Verwaltungs- + Betriebspersonals","3","3","30","301","1604.30"
"494","Gals","2009","[7] UMWELT UND RAUMORDNUNG","[70] Wasserversorgung","","7","70","","[3] Aufwand","[3] AUFWAND","[30] Personalaufwand","[301] Löhne des Verwaltungs- + Betriebspersonals","3","3","30","301","11728.25"
"494","Gals","2009","[7] UMWELT UND RAUMORDNUNG","[71] Abwasserentsorgung","","7","71","","[3] Aufwand","[3] AUFWAND","[30] Personalaufwand","[301] Löhne des Verwaltungs- + Betriebspersonals","3","3","30","301","2045.05"
"494","Gals","2009","[8] VOLKSWIRTSCHAFT","[80] Landwirtschaft","","8","80","","[3] Aufwand","[3] AUFWAND","[30] Personalaufwand","[301] Löhne des Verwaltungs- + Betriebspersonals","3","3","30","301","705.00"
"494","Gals","2009","[0] ALLGEMEINE VERWALTUNG","[02] Allgemeine Verwaltung","","0","2","","[3] Aufwand","[3] AUFWAND","[30] Personalaufwand","[303] Sozialversicherungsbeiträge","3","3","30","303","5110.70"
"494","Gals","2009","[0] ALLGEMEINE VERWALTUNG","[09] Nicht aufteilbare Aufgaben","","0","9","","[3] Aufwand","[3] AUFWAND","[30] Personalaufwand","[303] Sozialversicherungsbeiträge","3","3","30","303","3417.35"
"494","Gals","2009","[1] OEFFENTLICHE SICHERHEIT","[11] Polizei","","1","11","","[3] Aufwand","[3] AUFWAND","[30] Personalaufwand","[303] Sozialversicherungsbeiträge","3","3","30","303","846.05"
"494","Gals","2009","[1] OEFFENTLICHE SICHERHEIT","[16] Zivile Landesverteidigung","","1","16","","[3] Aufwand","[3] AUFWAND","[30] Personalaufwand","[303] Sozialversicherungsbeiträge","3","3","30","303","119.25"
"494","Gals","2009","[2] BILDUNG","[21] Volksschule","","2","21","","[3] Aufwand","[3] AUFWAND","[30] Personalaufwand","[303] Sozialversicherungsbeiträge","3","3","30","303","2668.20"
"494","Gals","2009","[6] VERKEHR","[62] Gemeindestrassen","","6","62","","[3] Aufwand","[3] AUFWAND","[30] Personalaufwand","[303] Sozialversicherungsbeiträge","3","3","30","303","1354.35"
"494","Gals","2009","[7] UMWELT UND RAUMORDNUNG","[71] Abwasserentsorgung","","7","71","","[3] Aufwand","[3] AUFWAND","[30] Personalaufwand","[303] Sozialversicherungsbeiträge","3","3","30","303","152.05"
"494","Gals","2009","[7] UMWELT UND RAUMORDNUNG","[74] Friedhof und Bestattung","","7","74","","[3] Aufwand","[3] AUFWAND","[30] Personalaufwand","[303] Sozialversicherungsbeiträge","3","3","30","303","680.30"
"494","Gals","2009","[8] VOLKSWIRTSCHAFT","[81] Forstwirtschaft","","8","81","","[3] Aufwand","[3] AUFWAND","[30] Personalaufwand","[303] Sozialversicherungsbeiträge","3","3","30","303","353.10"
"494","Gals","2009","[0] ALLGEMEINE VERWALTUNG","[02] Allgemeine Verwaltung","","0","2","","[3] Aufwand","[3] AUFWAND","[30] Personalaufwand","[305] Unfall- und Krankenversicherungsbeiträge","3","3","30","305","4262.25"
"494","Gals","2009","[2] BILDUNG","[21] Volksschule","","2","21","","[3] Aufwand","[3] AUFWAND","[30] Personalaufwand","[305] Unfall- und Krankenversicherungsbeiträge","3","3","30","305","218.00"
"494","Gals","2009","[6] VERKEHR","[62] Gemeindestrassen","","6","62","","[3] Aufwand","[3] AUFWAND","[30] Personalaufwand","[305] Unfall- und Krankenversicherungsbeiträge","3","3","30","305","1512.70"
"494","Gals","2009","[0] ALLGEMEINE VERWALTUNG","[02] Allgemeine Verwaltung","","0","2","","[3] Aufwand","[3] AUFWAND","[31] Sachaufwand","[310] Büro- und Schulmaterialien, Drucksachen","3","3","31","310","5385.40"
"494","Gals","2009","[2] BILDUNG","[21] Volksschule","","2","21","","[3] Aufwand","[3] AUFWAND","[31] Sachaufwand","[310] Büro- und Schulmaterialien, Drucksachen","3","3","31","310","22517.41"
"494","Gals","2009","[0] ALLGEMEINE VERWALTUNG","[02] Allgemeine Verwaltung","","0","2","","[3] Aufwand","[3] AUFWAND","[31] Sachaufwand","[311] Anschaffung Mobilien, Maschinen, Fahrzeuge","3","3","31","311","2437.10"
"494","Gals","2009","[0] ALLGEMEINE VERWALTUNG","[09] Nicht aufteilbare Aufgaben","","0","9","","[3] Aufwand","[3] AUFWAND","[31] Sachaufwand","[311] Anschaffung Mobilien, Maschinen, Fahrzeuge","3","3","31","311","13249.40"
"494","Gals","2009","[2] BILDUNG","[21] Volksschule","","2","21","","[3] Aufwand","[3] AUFWAND","[31] Sachaufwand","[311] Anschaffung Mobilien, Maschinen, Fahrzeuge","3","3","31","311","3928.50"
"494","Gals","2009","[6] VERKEHR","[62] Gemeindestrassen","","6","62","","[3] Aufwand","[3] AUFWAND","[31] Sachaufwand","[311] Anschaffung Mobilien, Maschinen, Fahrzeuge","3","3","31","311","7000.00"
"494","Gals","2009","[0] ALLGEMEINE VERWALTUNG","[09] Nicht aufteilbare Aufgaben","","0","9","","[3] Aufwand","[3] AUFWAND","[31] Sachaufwand","[312] Wasser, Energie, Heizmaterialien","3","3","31","312","18107.15"
"494","Gals","2009","[3] KULTUR UND FREIZEIT","[32] Massenmedien","","3","32","","[3] Aufwand","[3] AUFWAND","[31] Sachaufwand","[312] Wasser, Energie, Heizmaterialien","3","3","31","312","888.15"
"494","Gals","2009","[7] UMWELT UND RAUMORDNUNG","[70] Wasserversorgung","","7","70","","[3] Aufwand","[3] AUFWAND","[31] Sachaufwand","[312] Wasser, Energie, Heizmaterialien","3","3","31","312","112.10"
"494","Gals","2009","[2] BILDUNG","[21] Volksschule","","2","21","","[3] Aufwand","[3] AUFWAND","[31] Sachaufwand","[313] Verbrauchsmaterialien","3","3","31","313","1473.95"
"494","Gals","2009","[6] VERKEHR","[62] Gemeindestrassen","","6","62","","[3] Aufwand","[3] AUFWAND","[31] Sachaufwand","[313] Verbrauchsmaterialien","3","3","31","313","9175.00"
"494","Gals","2009","[7] UMWELT UND RAUMORDNUNG","[74] Friedhof und Bestattung","","7","74","","[3] Aufwand","[3] AUFWAND","[31] Sachaufwand","[313] Verbrauchsmaterialien","3","3","31","313","20.95"
"494","Gals","2009","[0] ALLGEMEINE VERWALTUNG","[09] Nicht aufteilbare Aufgaben","","0","9","","[3] Aufwand","[3] AUFWAND","[31] Sachaufwand","[314] Dienstleistungen Dritter für den baulichen Unterhalt","3","3","31","314","1860.55"
"494","Gals","2009","[1] OEFFENTLICHE SICHERHEIT","[16] Zivile Landesverteidigung","","1","16","","[3] Aufwand","[3] AUFWAND","[31] Sachaufwand","[314] Dienstleistungen Dritter für den baulichen Unterhalt","3","3","31","314","2552.85"
"494","Gals","2009","[3] KULTUR UND FREIZEIT","[32] Massenmedien","","3","32","","[3] Aufwand","[3] AUFWAND","[31] Sachaufwand","[314] Dienstleistungen Dritter für den baulichen Unterhalt","3","3","31","314","3511.95"
"494","Gals","2009","[7] UMWELT UND RAUMORDNUNG","[71] Abwasserentsorgung","","7","71","","[3] Aufwand","[3] AUFWAND","[31] Sachaufwand","[314] Dienstleistungen Dritter für den baulichen Unterhalt","3","3","31","314","403.00"
"494","Gals","2009","[7] UMWELT UND RAUMORDNUNG","[74] Friedhof und Bestattung","","7","74","","[3] Aufwand","[3] AUFWAND","[31] Sachaufwand","[314] Dienstleistungen Dritter für den baulichen Unterhalt","3","3","31","314","1366.00"
"494","Gals","2009","[8] VOLKSWIRTSCHAFT","[81] Forstwirtschaft","","8","81","","[3] Aufwand","[3] AUFWAND","[31] Sachaufwand","[314] Dienstleistungen Dritter für den baulichen Unterhalt","3","3","31","314","18318.10"
"494","Gals","2009","[6] VERKEHR","[62] Gemeindestrassen","","6","62","","[3] Aufwand","[3] AUFWAND","[31] Sachaufwand","[316] Mieten, Pachten, Benützungskosten","3","3","31","316","1000.00"
"494","Gals","2009","[0] ALLGEMEINE VERWALTUNG","[01] Legislative und Exekutive","","0","1","","[3] Aufwand","[3] AUFWAND","[31] Sachaufwand","[317] Spesenentschädigungen","3","3","31","317","4696.80"
"494","Gals","2009","[0] ALLGEMEINE VERWALTUNG","[02] Allgemeine Verwaltung","","0","2","","[3] Aufwand","[3] AUFWAND","[31] Sachaufwand","[318] Dienstleistungen und Honorare, allg. Verwaltungsaufwand","3","3","31","318","113025.59"
"494","Gals","2009","[2] BILDUNG","[21] Volksschule","","2","21","","[3] Aufwand","[3] AUFWAND","[31] Sachaufwand","[318] Dienstleistungen und Honorare, allg. Verwaltungsaufwand","3","3","31","318","5091.00"
"494","Gals","2009","[4] GESUNDHEIT","[46] Schulgesundheitsdienst","","4","46","","[3] Aufwand","[3] AUFWAND","[31] Sachaufwand","[318] Dienstleistungen und Honorare, allg. Verwaltungsaufwand","3","3","31","318","1415.20"
"494","Gals","2009","[6] VERKEHR","[62] Gemeindestrassen","","6","62","","[3] Aufwand","[3] AUFWAND","[31] Sachaufwand","[318] Dienstleistungen und Honorare, allg. Verwaltungsaufwand","3","3","31","318","1375.05"
"494","Gals","2009","[7] UMWELT UND RAUMORDNUNG","[70] Wasserversorgung","","7","70","","[3] Aufwand","[3] AUFWAND","[31] Sachaufwand","[318] Dienstleistungen und Honorare, allg. Verwaltungsaufwand","3","3","31","318","2.10"
"494","Gals","2009","[7] UMWELT UND RAUMORDNUNG","[72] Abfallentsorgung","","7","72","","[3] Aufwand","[3] AUFWAND","[31] Sachaufwand","[318] Dienstleistungen und Honorare, allg. Verwaltungsaufwand","3","3","31","318","44614.85"
"494","Gals","2009","[7] UMWELT UND RAUMORDNUNG","[78] Uebriger Umweltschutz","","7","78","","[3] Aufwand","[3] AUFWAND","[31] Sachaufwand","[318] Dienstleistungen und Honorare, allg. Verwaltungsaufwand","3","3","31","318","2400.00"
"494","Gals","2009","[9] FINANZEN UND STEUERN","[94] Vermögens- und Schuldenverwaltung","","9","94","","[3] Aufwand","[3] AUFWAND","[31] Sachaufwand","[318] Dienstleistungen und Honorare, allg. Verwaltungsaufwand","3","3","31","318","3365.40"
"494","Gals","2009","[8] VOLKSWIRTSCHAFT","[81] Forstwirtschaft","","8","81","","[3] Aufwand","[3] AUFWAND","[31] Sachaufwand","[319] Uebriger Sachaufwand","3","3","31","319","256.50"
"494","Gals","2009","[9] FINANZEN UND STEUERN","[94] Vermögens- und Schuldenverwaltung","","9","94","","[3] Aufwand","[3] AUFWAND","[32] Passivzinsen","[321] Kurzfristige Schulden","3","3","32","321","4507.65"
"494","Gals","2009","[9] FINANZEN UND STEUERN","[90] Steuern","","9","90","","[3] Aufwand","[3] AUFWAND","[33] Abschreibungen","[330] Finanzvermögen","3","3","33","330","12810.15"
"494","Gals","2009","[9] FINANZEN UND STEUERN","[99] Nicht aufgeteilte Posten","","9","99","","[3] Aufwand","[3] AUFWAND","[33] Abschreibungen","[331] Verwaltungsvermögen - harmonisierte Abschreibungen","3","3","33","331","29253.70"
"494","Gals","2009","[9] FINANZEN UND STEUERN","[99] Nicht aufgeteilte Posten","","9","99","","[3] Aufwand","[3] AUFWAND","[33] Abschreibungen","[332] Verwaltungsvermögen - übrige Abschreibungen","3","3","33","332","100000.00"
"494","Gals","2009","[2] BILDUNG","[20] Kindergarten","","2","20","","[3] Aufwand","[3] AUFWAND","[35] Entschädigungen an Gemeinwesen","[351] Kanton","3","3","35","351","23250.15"
"494","Gals","2009","[3] KULTUR UND FREIZEIT","[32] Massenmedien","","3","32","","[3] Aufwand","[3] AUFWAND","[35] Entschädigungen an Gemeinwesen","[352] Gemeinden","3","3","35","352","24856.90"
"494","Gals","2009","[7] UMWELT UND RAUMORDNUNG","[78] Uebriger Umweltschutz","","7","78","","[3] Aufwand","[3] AUFWAND","[35] Entschädigungen an Gemeinwesen","[352] Gemeinden","3","3","35","352","4309.60"
"494","Gals","2009","[5] SOZIALE WOHLFAHRT","[53] Sonstige Sozialversicherungen","","5","53","","[3] Aufwand","[3] AUFWAND","[36] Eigene Beiträge","[361] Kanton","3","3","36","361","138992.00"
"494","Gals","2009","[6] VERKEHR","[65] Regionalverkehr","","6","65","","[3] Aufwand","[3] AUFWAND","[36] Eigene Beiträge","[361] Kanton","3","3","36","361","48719.75"
"494","Gals","2009","[7] UMWELT UND RAUMORDNUNG","[71] Abwasserentsorgung","","7","71","","[3] Aufwand","[3] AUFWAND","[36] Eigene Beiträge","[361] Kanton","3","3","36","361","9669.00"
"494","Gals","2009","[9] FINANZEN UND STEUERN","[94] Vermögens- und Schuldenverwaltung","","9","94","","[3] Aufwand","[3] AUFWAND","[36] Eigene Beiträge","[361] Kanton","3","3","36","361","11586.00"
"494","Gals","2009","[1] OEFFENTLICHE SICHERHEIT","[16] Zivile Landesverteidigung","","1","16","","[3] Aufwand","[3] AUFWAND","[36] Eigene Beiträge","[362] Gemeinden","3","3","36","362","1127.95"
"494","Gals","2009","[2] BILDUNG","[25] Allgemeinbildende Schulen","","2","25","","[3] Aufwand","[3] AUFWAND","[36] Eigene Beiträge","[362] Gemeinden","3","3","36","362","2855.00"
"494","Gals","2009","[7] UMWELT UND RAUMORDNUNG","[70] Wasserversorgung","","7","70","","[3] Aufwand","[3] AUFWAND","[36] Eigene Beiträge","[362] Gemeinden","3","3","36","362","129894.80"
"494","Gals","2009","[7] UMWELT UND RAUMORDNUNG","[71] Abwasserentsorgung","","7","71","","[3] Aufwand","[3] AUFWAND","[36] Eigene Beiträge","[362] Gemeinden","3","3","36","362","132929.35"
"494","Gals","2009","[5] SOZIALE WOHLFAHRT","[54] Jugendschutz","","5","54","","[3] Aufwand","[3] AUFWAND","[36] Eigene Beiträge","[365] Private Institutionen","3","3","36","365","1999.25"
"494","Gals","2009","[8] VOLKSWIRTSCHAFT","[80] Landwirtschaft","","8","80","","[3] Aufwand","[3] AUFWAND","[36] Eigene Beiträge","[365] Private Institutionen","3","3","36","365","5085.65"
"494","Gals","2009","[7] UMWELT UND RAUMORDNUNG","[71] Abwasserentsorgung","","7","71","","[3] Aufwand","[3] AUFWAND","[38] Einlagen in Spezialfinanzierungen","[380] Einlagen in Spezialfinanzierungen","3","3","38","380","149395.85"
"494","Gals","2009","[2] BILDUNG","[21] Volksschule","","2","21","","[3] Aufwand","[3] AUFWAND","[39] Interne Verrechnungen","[390] Verrechneter Aufwand","3","3","39","390","3000.00"
"494","Gals","2009","[5] SOZIALE WOHLFAHRT","[50] Altersversicherung","","5","50","","[3] Aufwand","[3] AUFWAND","[39] Interne Verrechnungen","[390] Verrechneter Aufwand","3","3","39","390","10000.00"
"494","Gals","2009","[6] VERKEHR","[62] Gemeindestrassen","","6","62","","[3] Aufwand","[3] AUFWAND","[39] Interne Verrechnungen","[390] Verrechneter Aufwand","3","3","39","390","3000.00"
"494","Gals","2009","[7] UMWELT UND RAUMORDNUNG","[71] Abwasserentsorgung","","7","71","","[3] Aufwand","[3] AUFWAND","[39] Interne Verrechnungen","[390] Verrechneter Aufwand","3","3","39","390","3000.00"
"494","Gals","2009","[7] UMWELT UND RAUMORDNUNG","[72] Abfallentsorgung","","7","72","","[3] Aufwand","[3] AUFWAND","[39] Interne Verrechnungen","[390] Verrechneter Aufwand","3","3","39","390","2498.90"
"494","Gals","2009","[9] FINANZEN UND STEUERN","[94] Vermögens- und Schuldenverwaltung","","9","94","","[3] Aufwand","[3] AUFWAND","[39] Interne Verrechnungen","[390] Verrechneter Aufwand","3","3","39","390","7000.00"
"494","Gals","2009","[7] UMWELT UND RAUMORDNUNG","[71] Abwasserentsorgung","","7","71","","[3] Aufwand","[3] AUFWAND","[39] Interne Verrechnungen","[391] Verrechnete Zinsen","3","3","39","391","20857.25"
"494","Gals","2009","[9] FINANZEN UND STEUERN","[90] Steuern","","9","90","","[4] Ertrag","[4] ERTRAG","[40] Steuern","[401] Gewinn- und Kapitalsteuern","4","4","40","401","17096.40"
"494","Gals","2009","[9] FINANZEN UND STEUERN","[90] Steuern","","9","90","","[4] Ertrag","[4] ERTRAG","[40] Steuern","[402] Liegenschaftssteuern","4","4","40","402","165498.30"
"494","Gals","2009","[9] FINANZEN UND STEUERN","[94] Vermögens- und Schuldenverwaltung","","9","94","","[4] Ertrag","[4] ERTRAG","[42] Vermögenserträge","[421] Flüssige Mittel und Guthaben","4","4","42","421","11220.55"
"494","Gals","2009","[2] BILDUNG","[21] Volksschule","","2","21","","[4] Ertrag","[4] ERTRAG","[42] Vermögenserträge","[427] Liegenschaften des Verwaltungsvermögens","4","4","42","427","13200.00"
"494","Gals","2009","[3] KULTUR UND FREIZEIT","[34] Sport","","3","34","","[4] Ertrag","[4] ERTRAG","[42] Vermögenserträge","[427] Liegenschaften des Verwaltungsvermögens","4","4","42","427","5800.00"
"494","Gals","2009","[3] KULTUR UND FREIZEIT","[32] Massenmedien","","3","32","","[4] Ertrag","[4] ERTRAG","[42] Vermögenserträge","[428] Einnahmeüberschuss der Investitionsrechnung","4","4","42","428","2975.30"
"494","Gals","2009","[1] OEFFENTLICHE SICHERHEIT","[14] Wehrdienste","","1","14","","[4] Ertrag","[4] ERTRAG","[43] Entgelte","[430] Ersatzabgaben","4","4","43","430","43328.10"
"494","Gals","2009","[1] OEFFENTLICHE SICHERHEIT","[16] Zivile Landesverteidigung","","1","16","","[4] Ertrag","[4] ERTRAG","[43] Entgelte","[430] Ersatzabgaben","4","4","43","430","-2650.00"
"494","Gals","2009","[1] OEFFENTLICHE SICHERHEIT","[10] Rechtsaufsicht","","1","10","","[4] Ertrag","[4] ERTRAG","[43] Entgelte","[431] Gebühren für Amtshandlungen","4","4","43","431","31914.25"
"494","Gals","2009","[7] UMWELT UND RAUMORDNUNG","[78] Uebriger Umweltschutz","","7","78","","[4] Ertrag","[4] ERTRAG","[43] Entgelte","[431] Gebühren für Amtshandlungen","4","4","43","431","4605.80"
"494","Gals","2009","[0] ALLGEMEINE VERWALTUNG","[02] Allgemeine Verwaltung","","0","2","","[4] Ertrag","[4] ERTRAG","[43] Entgelte","[435] Uebrige Verkaufserlöse","4","4","43","435","5.00"
"494","Gals","2009","[8] VOLKSWIRTSCHAFT","[81] Forstwirtschaft","","8","81","","[4] Ertrag","[4] ERTRAG","[43] Entgelte","[435] Uebrige Verkaufserlöse","4","4","43","435","17566.00"
"494","Gals","2009","[7] UMWELT UND RAUMORDNUNG","[71] Abwasserentsorgung","","7","71","","[4] Ertrag","[4] ERTRAG","[43] Entgelte","[436] Rückerstattungen","4","4","43","436","77352.65"
"494","Gals","2009","[9] FINANZEN UND STEUERN","[93] Anteile an kantonalen Steuern und Abgaben","","9","93","","[4] Ertrag","[4] ERTRAG","[44] Anteile und Beiträge ohne Zweckbindungen","[441] Anteile an Kantonseinnahmen","4","4","44","441","17644.30"
"494","Gals","2009","[9] FINANZEN UND STEUERN","[92] Finanzausgleich","","9","92","","[4] Ertrag","[4] ERTRAG","[44] Anteile und Beiträge ohne Zweckbindungen","[444] Leistungen aus dem Finanzausgleich","4","4","44","444","131609.00"
"494","Gals","2009","[0] ALLGEMEINE VERWALTUNG","[02] Allgemeine Verwaltung","","0","2","","[4] Ertrag","[4] ERTRAG","[45] Rückerstattungen von Gemeinwesen","[451] Kanton","4","4","45","451","670.00"
"494","Gals","2009","[5] SOZIALE WOHLFAHRT","[50] Altersversicherung","","5","50","","[4] Ertrag","[4] ERTRAG","[45] Rückerstattungen von Gemeinwesen","[451] Kanton","4","4","45","451","2781.35"
"494","Gals","2009","[6] VERKEHR","[62] Gemeindestrassen","","6","62","","[4] Ertrag","[4] ERTRAG","[45] Rückerstattungen von Gemeinwesen","[451] Kanton","4","4","45","451","51365.60"
"494","Gals","2009","[9] FINANZEN UND STEUERN","[99] Nicht aufgeteilte Posten","","9","99","","[4] Ertrag","[4] ERTRAG","[46] Beiträge","[469] Uebrige Beiträge für eigene Rechnung","4","4","46","469","120000.00"
"494","Gals","2009","[7] UMWELT UND RAUMORDNUNG","[72] Abfallentsorgung","","7","72","","[4] Ertrag","[4] ERTRAG","[48] Entnahmen aus Spezialfinanzierungen","[480] Entnahmen aus Spezialfinanzierungen","4","4","48","480","2830.55"
"494","Gals","2009","[0] ALLGEMEINE VERWALTUNG","[02] Allgemeine Verwaltung","","0","2","","[4] Ertrag","[4] ERTRAG","[49] Interne Verrechnungen","[490] Verrechneter Aufwand","4","4","49","490","35000.00"
"494","Gals","2009","[7] UMWELT UND RAUMORDNUNG","[78] Uebriger Umweltschutz","","7","78","","[4] Ertrag","[4] ERTRAG","[49] Interne Verrechnungen","[490] Verrechneter Aufwand","4","4","49","490","2498.90"
"494","Gals","2009","[6] VERKEHR","[62] Gemeindestrassen","","6","62","","[5] Ausgaben","[5] Ausgaben","[50] Sachgüter","[501] Tiefbauten","5","5","50","501","189436.75"
"494","Gals","2009","[9] FINANZEN UND STEUERN","[94] Vermögens- und Schuldenverwaltung","","9","94","","[5] Ausgaben","[5] Ausgaben","[50] Sachgüter","[501] Tiefbauten","5","5","50","501","49123.30"
"494","Gals","2009","[6] VERKEHR","[62] Gemeindestrassen","","6","62","","[6] Einnahmen","[6] Einnahmen","[61] Nutzungsabgaben und Vorteilsentgelte","[610] Beiträge Dritter für eigene Rechnung","6","6","61","610","43443.50"
"494","Gals","2009","[7] UMWELT UND RAUMORDNUNG","[71] Abwasserentsorgung","","7","71","","[6] Einnahmen","[6] Einnahmen","[61] Nutzungsabgaben und Vorteilsentgelte","[610] Beiträge Dritter für eigene Rechnung","6","6","61","610","34856.25"
"494","Gals","2010","[0] ALLGEMEINE VERWALTUNG","[01] Legislative und Exekutive","","0","1","","[3] Aufwand","[3] AUFWAND","[30] Personalaufwand","[300] Personalaufwand der Behörden und Kommissionen","3","3","30","300","18431.40"
"494","Gals","2010","[3] KULTUR UND FREIZEIT","[35] Uebrige Freizeitgestaltung","","3","35","","[3] Aufwand","[3] AUFWAND","[30] Personalaufwand","[300] Personalaufwand der Behörden und Kommissionen","3","3","30","300","1260.00"
"494","Gals","2010","[0] ALLGEMEINE VERWALTUNG","[02] Allgemeine Verwaltung","","0","2","","[3] Aufwand","[3] AUFWAND","[30] Personalaufwand","[301] Löhne des Verwaltungs- + Betriebspersonals","3","3","30","301","89009.55"
"494","Gals","2010","[2] BILDUNG","[21] Volksschule","","2","21","","[3] Aufwand","[3] AUFWAND","[30] Personalaufwand","[301] Löhne des Verwaltungs- + Betriebspersonals","3","3","30","301","44989.75"
"494","Gals","2010","[3] KULTUR UND FREIZEIT","[34] Sport","","3","34","","[3] Aufwand","[3] AUFWAND","[30] Personalaufwand","[301] Löhne des Verwaltungs- + Betriebspersonals","3","3","30","301","4000.00"
"494","Gals","2010","[6] VERKEHR","[62] Gemeindestrassen","","6","62","","[3] Aufwand","[3] AUFWAND","[30] Personalaufwand","[301] Löhne des Verwaltungs- + Betriebspersonals","3","3","30","301","28440.10"
"494","Gals","2010","[7] UMWELT UND RAUMORDNUNG","[72] Abfallentsorgung","","7","72","","[3] Aufwand","[3] AUFWAND","[30] Personalaufwand","[301] Löhne des Verwaltungs- + Betriebspersonals","3","3","30","301","8885.05"
"494","Gals","2010","[7] UMWELT UND RAUMORDNUNG","[74] Friedhof und Bestattung","","7","74","","[3] Aufwand","[3] AUFWAND","[30] Personalaufwand","[301] Löhne des Verwaltungs- + Betriebspersonals","3","3","30","301","12358.50"
"494","Gals","2010","[8] VOLKSWIRTSCHAFT","[81] Forstwirtschaft","","8","81","","[3] Aufwand","[3] AUFWAND","[30] Personalaufwand","[301] Löhne des Verwaltungs- + Betriebspersonals","3","3","30","301","2832.40"
"494","Gals","2010","[9] FINANZEN UND STEUERN","[94] Vermögens- und Schuldenverwaltung","","9","94","","[3] Aufwand","[3] AUFWAND","[30] Personalaufwand","[301] Löhne des Verwaltungs- + Betriebspersonals","3","3","30","301","5770.85"
"494","Gals","2010","[3] KULTUR UND FREIZEIT","[34] Sport","","3","34","","[3] Aufwand","[3] AUFWAND","[30] Personalaufwand","[303] Sozialversicherungsbeiträge","3","3","30","303","339.70"
"494","Gals","2010","[7] UMWELT UND RAUMORDNUNG","[70] Wasserversorgung","","7","70","","[3] Aufwand","[3] AUFWAND","[30] Personalaufwand","[303] Sozialversicherungsbeiträge","3","3","30","303","1168.10"
"494","Gals","2010","[7] UMWELT UND RAUMORDNUNG","[72] Abfallentsorgung","","7","72","","[3] Aufwand","[3] AUFWAND","[30] Personalaufwand","[303] Sozialversicherungsbeiträge","3","3","30","303","437.70"
"494","Gals","2010","[8] VOLKSWIRTSCHAFT","[80] Landwirtschaft","","8","80","","[3] Aufwand","[3] AUFWAND","[30] Personalaufwand","[303] Sozialversicherungsbeiträge","3","3","30","303","77.45"
"494","Gals","2010","[9] FINANZEN UND STEUERN","[94] Vermögens- und Schuldenverwaltung","","9","94","","[3] Aufwand","[3] AUFWAND","[30] Personalaufwand","[303] Sozialversicherungsbeiträge","3","3","30","303","268.30"
"494","Gals","2010","[0] ALLGEMEINE VERWALTUNG","[02] Allgemeine Verwaltung","","0","2","","[3] Aufwand","[3] AUFWAND","[30] Personalaufwand","[304] Personalversicherungsbeiträge","3","3","30","304","15117.75"
"494","Gals","2010","[2] BILDUNG","[21] Volksschule","","2","21","","[3] Aufwand","[3] AUFWAND","[30] Personalaufwand","[304] Personalversicherungsbeiträge","3","3","30","304","2243.65"
"494","Gals","2010","[6] VERKEHR","[62] Gemeindestrassen","","6","62","","[3] Aufwand","[3] AUFWAND","[30] Personalaufwand","[304] Personalversicherungsbeiträge","3","3","30","304","1913.70"
"494","Gals","2010","[0] ALLGEMEINE VERWALTUNG","[09] Nicht aufteilbare Aufgaben","","0","9","","[3] Aufwand","[3] AUFWAND","[30] Personalaufwand","[305] Unfall- und Krankenversicherungsbeiträge","3","3","30","305","550.55"
"494","Gals","2010","[2] BILDUNG","[21] Volksschule","","2","21","","[3] Aufwand","[3] AUFWAND","[30] Personalaufwand","[309] Uebriger Personalaufwand","3","3","30","309","921.00"
"494","Gals","2010","[0] ALLGEMEINE VERWALTUNG","[01] Legislative und Exekutive","","0","1","","[3] Aufwand","[3] AUFWAND","[31] Sachaufwand","[310] Büro- und Schulmaterialien, Drucksachen","3","3","31","310","3651.65"
"494","Gals","2010","[9] FINANZEN UND STEUERN","[90] Steuern","","9","90","","[3] Aufwand","[3] AUFWAND","[31] Sachaufwand","[310] Büro- und Schulmaterialien, Drucksachen","3","3","31","310","37.45"
"494","Gals","2010","[1] OEFFENTLICHE SICHERHEIT","[16] Zivile Landesverteidigung","","1","16","","[3] Aufwand","[3] AUFWAND","[31] Sachaufwand","[312] Wasser, Energie, Heizmaterialien","3","3","31","312","2640.35"
"494","Gals","2010","[2] BILDUNG","[21] Volksschule","","2","21","","[3] Aufwand","[3] AUFWAND","[31] Sachaufwand","[312] Wasser, Energie, Heizmaterialien","3","3","31","312","16681.80"
"494","Gals","2010","[6] VERKEHR","[62] Gemeindestrassen","","6","62","","[3] Aufwand","[3] AUFWAND","[31] Sachaufwand","[312] Wasser, Energie, Heizmaterialien","3","3","31","312","22340.90"
"494","Gals","2010","[0] ALLGEMEINE VERWALTUNG","[09] Nicht aufteilbare Aufgaben","","0","9","","[3] Aufwand","[3] AUFWAND","[31] Sachaufwand","[313] Verbrauchsmaterialien","3","3","31","313","1666.25"
"494","Gals","2010","[7] UMWELT UND RAUMORDNUNG","[70] Wasserversorgung","","7","70","","[3] Aufwand","[3] AUFWAND","[31] Sachaufwand","[313] Verbrauchsmaterialien","3","3","31","313","3072.15"
"494","Gals","2010","[2] BILDUNG","[21] Volksschule","","2","21","","[3] Aufwand","[3] AUFWAND","[31] Sachaufwand","[314] Dienstleistungen Dritter für den baulichen Unterhalt","3","3","31","314","2043.75"
"494","Gals","2010","[3] KULTUR UND FREIZEIT","[34] Sport","","3","34","","[3] Aufwand","[3] AUFWAND","[31] Sachaufwand","[314] Dienstleistungen Dritter für den baulichen Unterhalt","3","3","31","314","751.80"
"494","Gals","2010","[6] VERKEHR","[62] Gemeindestrassen","","6","62","","[3] Aufwand","[3] AUFWAND","[31] Sachaufwand","[314] Dienstleistungen Dritter für den baulichen Unterhalt","3","3","31","314","33608.05"
"494","Gals","2010","[7] UMWELT UND RAUMORDNUNG","[70] Wasserversorgung","","7","70","","[3] Aufwand","[3] AUFWAND","[31] Sachaufwand","[314] Dienstleistungen Dritter für den baulichen Unterhalt","3","3","31","314","29221.75"
"494","Gals","2010","[7] UMWELT UND RAUMORDNUNG","[72] Abfallentsorgung","","7","72","","[3] Aufwand","[3] AUFWAND","[31] Sachaufwand","[314] Dienstleistungen Dritter für den baulichen Unterhalt","3","3","31","314","2863.20"
"494","Gals","2010","[9] FINANZEN UND STEUERN","[94] Vermögens- und Schuldenverwaltung","","9","94","","[3] Aufwand","[3] AUFWAND","[31] Sachaufwand","[314] Dienstleistungen Dritter für den baulichen Unterhalt","3","3","31","314","618.95"
"494","Gals","2010","[0] ALLGEMEINE VERWALTUNG","[02] Allgemeine Verwaltung","","0","2","","[3] Aufwand","[3] AUFWAND","[31] Sachaufwand","[315] Dienstleistungen Dritter für den übrigen Unterhalt","3","3","31","315","4884.30"
"494","Gals","2010","[0] ALLGEMEINE VERWALTUNG","[09] Nicht aufteilbare Aufgaben","","0","9","","[3] Aufwand","[3] AUFWAND","[31] Sachaufwand","[315] Dienstleistungen Dritter für den übrigen Unterhalt","3","3","31","315","4765.85"
"494","Gals","2010","[2] BILDUNG","[21] Volksschule","","2","21","","[3] Aufwand","[3] AUFWAND","[31] Sachaufwand","[315] Dienstleistungen Dritter für den übrigen Unterhalt","3","3","31","315","549.50"
"494","Gals","2010","[6] VERKEHR","[62] Gemeindestrassen","","6","62","","[3] Aufwand","[3] AUFWAND","[31] Sachaufwand","[315] Dienstleistungen Dritter für den übrigen Unterhalt","3","3","31","315","700.00"
"494","Gals","2010","[2] BILDUNG","[21] Volksschule","","2","21","","[3] Aufwand","[3] AUFWAND","[31] Sachaufwand","[317] Spesenentschädigungen","3","3","31","317","5500.00"
"494","Gals","2010","[0] ALLGEMEINE VERWALTUNG","[01] Legislative und Exekutive","","0","1","","[3] Aufwand","[3] AUFWAND","[31] Sachaufwand","[318] Dienstleistungen und Honorare, allg. Verwaltungsaufwand","3","3","31","318","984.55"
"494","Gals","2010","[0] ALLGEMEINE VERWALTUNG","[09] Nicht aufteilbare Aufgaben","","0","9","","[3] Aufwand","[3] AUFWAND","[31] Sachaufwand","[318] Dienstleistungen und Honorare, allg. Verwaltungsaufwand","3","3","31","318","395.80"
"494","Gals","2010","[1] OEFFENTLICHE SICHERHEIT","[10] Rechtsaufsicht","","1","10","","[3] Aufwand","[3] AUFWAND","[31] Sachaufwand","[318] Dienstleistungen und Honorare, allg. Verwaltungsaufwand","3","3","31","318","38932.45"
"494","Gals","2010","[1] OEFFENTLICHE SICHERHEIT","[16] Zivile Landesverteidigung","","1","16","","[3] Aufwand","[3] AUFWAND","[31] Sachaufwand","[318] Dienstleistungen und Honorare, allg. Verwaltungsaufwand","3","3","31","318","937.70"
"494","Gals","2010","[3] KULTUR UND FREIZEIT","[30] Kulturförderung","","3","30","","[3] Aufwand","[3] AUFWAND","[31] Sachaufwand","[318] Dienstleistungen und Honorare, allg. Verwaltungsaufwand","3","3","31","318","9257.95"
"494","Gals","2010","[3] KULTUR UND FREIZEIT","[32] Massenmedien","","3","32","","[3] Aufwand","[3] AUFWAND","[31] Sachaufwand","[318] Dienstleistungen und Honorare, allg. Verwaltungsaufwand","3","3","31","318","52.20"
"494","Gals","2010","[7] UMWELT UND RAUMORDNUNG","[71] Abwasserentsorgung","","7","71","","[3] Aufwand","[3] AUFWAND","[31] Sachaufwand","[318] Dienstleistungen und Honorare, allg. Verwaltungsaufwand","3","3","31","318","643.50"
"494","Gals","2010","[7] UMWELT UND RAUMORDNUNG","[74] Friedhof und Bestattung","","7","74","","[3] Aufwand","[3] AUFWAND","[31] Sachaufwand","[318] Dienstleistungen und Honorare, allg. Verwaltungsaufwand","3","3","31","318","228.95"
"494","Gals","2010","[7] UMWELT UND RAUMORDNUNG","[79] Raumordnung","","7","79","","[3] Aufwand","[3] AUFWAND","[31] Sachaufwand","[318] Dienstleistungen und Honorare, allg. Verwaltungsaufwand","3","3","31","318","14069.50"
"494","Gals","2010","[8] VOLKSWIRTSCHAFT","[81] Forstwirtschaft","","8","81","","[3] Aufwand","[3] AUFWAND","[31] Sachaufwand","[318] Dienstleistungen und Honorare, allg. Verwaltungsaufwand","3","3","31","318","250.00"
"494","Gals","2010","[9] FINANZEN UND STEUERN","[94] Vermögens- und Schuldenverwaltung","","9","94","","[3] Aufwand","[3] AUFWAND","[32] Passivzinsen","[322] Mittel- und langfirstige Schulden","3","3","32","322","54605.95"
"494","Gals","2010","[1] OEFFENTLICHE SICHERHEIT","[14] Wehrdienste","","1","14","","[3] Aufwand","[3] AUFWAND","[33] Abschreibungen","[330] Finanzvermögen","3","3","33","330","374.55"
"494","Gals","2010","[9] FINANZEN UND STEUERN","[99] Nicht aufgeteilte Posten","","9","99","","[3] Aufwand","[3] AUFWAND","[33] Abschreibungen","[330] Finanzvermögen","3","3","33","330","498.65"
"494","Gals","2010","[7] UMWELT UND RAUMORDNUNG","[71] Abwasserentsorgung","","7","71","","[3] Aufwand","[3] AUFWAND","[33] Abschreibungen","[331] Verwaltungsvermögen - harmonisierte Abschreibungen","3","3","33","331","42843.00"
"494","Gals","2010","[0] ALLGEMEINE VERWALTUNG","[02] Allgemeine Verwaltung","","0","2","","[3] Aufwand","[3] AUFWAND","[35] Entschädigungen an Gemeinwesen","[351] Kanton","3","3","35","351","10277.45"
"494","Gals","2010","[2] BILDUNG","[21] Volksschule","","2","21","","[3] Aufwand","[3] AUFWAND","[35] Entschädigungen an Gemeinwesen","[351] Kanton","3","3","35","351","230591.35"
"494","Gals","2010","[5] SOZIALE WOHLFAHRT","[58] Sozialhilfe","","5","58","","[3] Aufwand","[3] AUFWAND","[35] Entschädigungen an Gemeinwesen","[351] Kanton","3","3","35","351","292484.95"
"494","Gals","2010","[2] BILDUNG","[20] Kindergarten","","2","20","","[3] Aufwand","[3] AUFWAND","[35] Entschädigungen an Gemeinwesen","[352] Gemeinden","3","3","35","352","33243.00"
"494","Gals","2010","[2] BILDUNG","[22] Sonderschulen","","2","22","","[3] Aufwand","[3] AUFWAND","[36] Eigene Beiträge","[361] Kanton","3","3","36","361","7615.40"
"494","Gals","2010","[7] UMWELT UND RAUMORDNUNG","[75] Gewässerverbauungen","","7","75","","[3] Aufwand","[3] AUFWAND","[36] Eigene Beiträge","[361] Kanton","3","3","36","361","35026.00"
"494","Gals","2010","[1] OEFFENTLICHE SICHERHEIT","[14] Wehrdienste","","1","14","","[3] Aufwand","[3] AUFWAND","[36] Eigene Beiträge","[362] Gemeinden","3","3","36","362","43331.80"
"494","Gals","2010","[2] BILDUNG","[21] Volksschule","","2","21","","[3] Aufwand","[3] AUFWAND","[36] Eigene Beiträge","[362] Gemeinden","3","3","36","362","126447.49"
"494","Gals","2010","[5] SOZIALE WOHLFAHRT","[58] Sozialhilfe","","5","58","","[3] Aufwand","[3] AUFWAND","[36] Eigene Beiträge","[362] Gemeinden","3","3","36","362","10487.35"
"494","Gals","2010","[8] VOLKSWIRTSCHAFT","[81] Forstwirtschaft","","8","81","","[3] Aufwand","[3] AUFWAND","[36] Eigene Beiträge","[362] Gemeinden","3","3","36","362","635.90"
"494","Gals","2010","[0] ALLGEMEINE VERWALTUNG","[02] Allgemeine Verwaltung","","0","2","","[3] Aufwand","[3] AUFWAND","[36] Eigene Beiträge","[365] Private Institutionen","3","3","36","365","2981.00"
"494","Gals","2010","[1] OEFFENTLICHE SICHERHEIT","[16] Zivile Landesverteidigung","","1","16","","[3] Aufwand","[3] AUFWAND","[36] Eigene Beiträge","[365] Private Institutionen","3","3","36","365","5917.75"
"494","Gals","2010","[3] KULTUR UND FREIZEIT","[30] Kulturförderung","","3","30","","[3] Aufwand","[3] AUFWAND","[36] Eigene Beiträge","[365] Private Institutionen","3","3","36","365","5600.00"
"494","Gals","2010","[3] KULTUR UND FREIZEIT","[33] Parkanlagen und Wanderwege","","3","33","","[3] Aufwand","[3] AUFWAND","[36] Eigene Beiträge","[365] Private Institutionen","3","3","36","365","144.00"
"494","Gals","2010","[5] SOZIALE WOHLFAHRT","[58] Sozialhilfe","","5","58","","[3] Aufwand","[3] AUFWAND","[36] Eigene Beiträge","[365] Private Institutionen","3","3","36","365","1100.00"
"494","Gals","2010","[7] UMWELT UND RAUMORDNUNG","[79] Raumordnung","","7","79","","[3] Aufwand","[3] AUFWAND","[36] Eigene Beiträge","[365] Private Institutionen","3","3","36","365","4522.00"
"494","Gals","2010","[3] KULTUR UND FREIZEIT","[35] Uebrige Freizeitgestaltung","","3","35","","[3] Aufwand","[3] AUFWAND","[36] Eigene Beiträge","[366] Private Haushalte","3","3","36","366","10817.00"
"494","Gals","2010","[7] UMWELT UND RAUMORDNUNG","[70] Wasserversorgung","","7","70","","[3] Aufwand","[3] AUFWAND","[38] Einlagen in Spezialfinanzierungen","[380] Einlagen in Spezialfinanzierungen","3","3","38","380","19500.00"
"494","Gals","2010","[0] ALLGEMEINE VERWALTUNG","[09] Nicht aufteilbare Aufgaben","","0","9","","[3] Aufwand","[3] AUFWAND","[39] Interne Verrechnungen","[390] Verrechneter Aufwand","3","3","39","390","3000.00"
"494","Gals","2010","[3] KULTUR UND FREIZEIT","[32] Massenmedien","","3","32","","[3] Aufwand","[3] AUFWAND","[39] Interne Verrechnungen","[390] Verrechneter Aufwand","3","3","39","390","3000.00"
"494","Gals","2010","[7] UMWELT UND RAUMORDNUNG","[70] Wasserversorgung","","7","70","","[3] Aufwand","[3] AUFWAND","[39] Interne Verrechnungen","[390] Verrechneter Aufwand","3","3","39","390","3000.00"
"494","Gals","2010","[7] UMWELT UND RAUMORDNUNG","[71] Abwasserentsorgung","","7","71","","[3] Aufwand","[3] AUFWAND","[39] Interne Verrechnungen","[390] Verrechneter Aufwand","3","3","39","390","3000.00"
"494","Gals","2010","[3] KULTUR UND FREIZEIT","[32] Massenmedien","","3","32","","[3] Aufwand","[3] AUFWAND","[39] Interne Verrechnungen","[392] Verrechnete Abschreibungen","3","3","39","392","79.20"
"494","Gals","2010","[9] FINANZEN UND STEUERN","[90] Steuern","","9","90","","[4] Ertrag","[4] ERTRAG","[40] Steuern","[400] Einkommens- und Vermögenssteuern","4","4","40","400","1740417.25"
"494","Gals","2010","[9] FINANZEN UND STEUERN","[90] Steuern","","9","90","","[4] Ertrag","[4] ERTRAG","[40] Steuern","[403] Vermögensgewinnsteuern","4","4","40","403","38093.50"
"494","Gals","2010","[9] FINANZEN UND STEUERN","[90] Steuern","","9","90","","[4] Ertrag","[4] ERTRAG","[40] Steuern","[406] Besitz- und Aufwandsteuern","4","4","40","406","4560.00"
"494","Gals","2010","[8] VOLKSWIRTSCHAFT","[86] Energie","","8","86","","[4] Ertrag","[4] ERTRAG","[41] Regalien und Konzessionen","[410] Erträge aus Regalien und Konzessionen","4","4","41","410","28525.00"
"494","Gals","2010","[9] FINANZEN UND STEUERN","[94] Vermögens- und Schuldenverwaltung","","9","94","","[4] Ertrag","[4] ERTRAG","[42] Vermögenserträge","[422] Anlagen des Finanzvermögens","4","4","42","422","2030.00"
"494","Gals","2010","[9] FINANZEN UND STEUERN","[94] Vermögens- und Schuldenverwaltung","","9","94","","[4] Ertrag","[4] ERTRAG","[42] Vermögenserträge","[423] Liegenschaften des Finanzvermögens","4","4","42","423","99473.65"
"494","Gals","2010","[0] ALLGEMEINE VERWALTUNG","[09] Nicht aufteilbare Aufgaben","","0","9","","[4] Ertrag","[4] ERTRAG","[42] Vermögenserträge","[427] Liegenschaften des Verwaltungsvermögens","4","4","42","427","16950.00"
"494","Gals","2010","[0] ALLGEMEINE VERWALTUNG","[02] Allgemeine Verwaltung","","0","2","","[4] Ertrag","[4] ERTRAG","[43] Entgelte","[431] Gebühren für Amtshandlungen","4","4","43","431","64.00"
"494","Gals","2010","[6] VERKEHR","[65] Regionalverkehr","","6","65","","[4] Ertrag","[4] ERTRAG","[43] Entgelte","[431] Gebühren für Amtshandlungen","4","4","43","431","534.00"
"494","Gals","2010","[6] VERKEHR","[62] Gemeindestrassen","","6","62","","[4] Ertrag","[4] ERTRAG","[43] Entgelte","[434] Andere Benützungsgebühren und Dienstleistungen","4","4","43","434","6374.00"
"494","Gals","2010","[7] UMWELT UND RAUMORDNUNG","[71] Abwasserentsorgung","","7","71","","[4] Ertrag","[4] ERTRAG","[43] Entgelte","[434] Andere Benützungsgebühren und Dienstleistungen","4","4","43","434","239980.20"
"494","Gals","2010","[7] UMWELT UND RAUMORDNUNG","[72] Abfallentsorgung","","7","72","","[4] Ertrag","[4] ERTRAG","[43] Entgelte","[434] Andere Benützungsgebühren und Dienstleistungen","4","4","43","434","40642.85"
"494","Gals","2010","[7] UMWELT UND RAUMORDNUNG","[74] Friedhof und Bestattung","","7","74","","[4] Ertrag","[4] ERTRAG","[43] Entgelte","[434] Andere Benützungsgebühren und Dienstleistungen","4","4","43","434","500.00"
"494","Gals","2010","[3] KULTUR UND FREIZEIT","[32] Massenmedien","","3","32","","[4] Ertrag","[4] ERTRAG","[43] Entgelte","[435] Uebrige Verkaufserlöse","4","4","43","435","44535.72"
"494","Gals","2010","[7] UMWELT UND RAUMORDNUNG","[70] Wasserversorgung","","7","70","","[4] Ertrag","[4] ERTRAG","[43] Entgelte","[435] Uebrige Verkaufserlöse","4","4","43","435","117905.45"
"494","Gals","2010","[0] ALLGEMEINE VERWALTUNG","[02] Allgemeine Verwaltung","","0","2","","[4] Ertrag","[4] ERTRAG","[43] Entgelte","[436] Rückerstattungen","4","4","43","436","25379.75"
"494","Gals","2010","[2] BILDUNG","[21] Volksschule","","2","21","","[4] Ertrag","[4] ERTRAG","[43] Entgelte","[436] Rückerstattungen","4","4","43","436","2207.30"
"494","Gals","2008","[7] UMWELT UND RAUMORDNUNG","[74] Friedhof und Bestattung","","7","74","","[3] Aufwand","[3] AUFWAND","[30] Personalaufwand","[301] Löhne des Verwaltungs- + Betriebspersonals","3","3","30","301","7798.10"
"494","Gals","2008","[8] VOLKSWIRTSCHAFT","[80] Landwirtschaft","","8","80","","[3] Aufwand","[3] AUFWAND","[30] Personalaufwand","[301] Löhne des Verwaltungs- + Betriebspersonals","3","3","30","301","737.20"
"494","Gals","2008","[0] ALLGEMEINE VERWALTUNG","[02] Allgemeine Verwaltung","","0","2","","[3] Aufwand","[3] AUFWAND","[30] Personalaufwand","[303] Sozialversicherungsbeiträge","3","3","30","303","4609.35"
"494","Gals","2008","[0] ALLGEMEINE VERWALTUNG","[09] Nicht aufteilbare Aufgaben","","0","9","","[3] Aufwand","[3] AUFWAND","[30] Personalaufwand","[303] Sozialversicherungsbeiträge","3","3","30","303","2015.05"
"494","Gals","2008","[1] OEFFENTLICHE SICHERHEIT","[11] Polizei","","1","11","","[3] Aufwand","[3] AUFWAND","[30] Personalaufwand","[303] Sozialversicherungsbeiträge","3","3","30","303","377.35"
"494","Gals","2008","[1] OEFFENTLICHE SICHERHEIT","[16] Zivile Landesverteidigung","","1","16","","[3] Aufwand","[3] AUFWAND","[30] Personalaufwand","[303] Sozialversicherungsbeiträge","3","3","30","303","115.50"
"494","Gals","2008","[2] BILDUNG","[21] Volksschule","","2","21","","[3] Aufwand","[3] AUFWAND","[30] Personalaufwand","[303] Sozialversicherungsbeiträge","3","3","30","303","1986.95"
"494","Gals","2008","[6] VERKEHR","[62] Gemeindestrassen","","6","62","","[3] Aufwand","[3] AUFWAND","[30] Personalaufwand","[303] Sozialversicherungsbeiträge","3","3","30","303","774.15"
"494","Gals","2008","[7] UMWELT UND RAUMORDNUNG","[71] Abwasserentsorgung","","7","71","","[3] Aufwand","[3] AUFWAND","[30] Personalaufwand","[303] Sozialversicherungsbeiträge","3","3","30","303","133.70"
"494","Gals","2008","[7] UMWELT UND RAUMORDNUNG","[72] Abfallentsorgung","","7","72","","[3] Aufwand","[3] AUFWAND","[30] Personalaufwand","[303] Sozialversicherungsbeiträge","3","3","30","303","295.25"
"494","Gals","2008","[7] UMWELT UND RAUMORDNUNG","[74] Friedhof und Bestattung","","7","74","","[3] Aufwand","[3] AUFWAND","[30] Personalaufwand","[303] Sozialversicherungsbeiträge","3","3","30","303","411.15"
"494","Gals","2008","[8] VOLKSWIRTSCHAFT","[81] Forstwirtschaft","","8","81","","[3] Aufwand","[3] AUFWAND","[30] Personalaufwand","[303] Sozialversicherungsbeiträge","3","3","30","303","48.05"
"494","Gals","2008","[0] ALLGEMEINE VERWALTUNG","[02] Allgemeine Verwaltung","","0","2","","[3] Aufwand","[3] AUFWAND","[30] Personalaufwand","[305] Unfall- und Krankenversicherungsbeiträge","3","3","30","305","5813.25"
"494","Gals","2008","[2] BILDUNG","[21] Volksschule","","2","21","","[3] Aufwand","[3] AUFWAND","[30] Personalaufwand","[305] Unfall- und Krankenversicherungsbeiträge","3","3","30","305","1218.00"
"494","Gals","2008","[6] VERKEHR","[62] Gemeindestrassen","","6","62","","[3] Aufwand","[3] AUFWAND","[30] Personalaufwand","[305] Unfall- und Krankenversicherungsbeiträge","3","3","30","305","2751.65"
"494","Gals","2008","[0] ALLGEMEINE VERWALTUNG","[02] Allgemeine Verwaltung","","0","2","","[3] Aufwand","[3] AUFWAND","[31] Sachaufwand","[310] Büro- und Schulmaterialien, Drucksachen","3","3","31","310","6203.45"
"494","Gals","2008","[0] ALLGEMEINE VERWALTUNG","[02] Allgemeine Verwaltung","","0","2","","[3] Aufwand","[3] AUFWAND","[31] Sachaufwand","[311] Anschaffung Mobilien, Maschinen, Fahrzeuge","3","3","31","311","200.15"
"494","Gals","2008","[2] BILDUNG","[21] Volksschule","","2","21","","[3] Aufwand","[3] AUFWAND","[31] Sachaufwand","[311] Anschaffung Mobilien, Maschinen, Fahrzeuge","3","3","31","311","750.60"
"494","Gals","2008","[0] ALLGEMEINE VERWALTUNG","[09] Nicht aufteilbare Aufgaben","","0","9","","[3] Aufwand","[3] AUFWAND","[31] Sachaufwand","[312] Wasser, Energie, Heizmaterialien","3","3","31","312","16436.00"
"494","Gals","2008","[1] OEFFENTLICHE SICHERHEIT","[16] Zivile Landesverteidigung","","1","16","","[3] Aufwand","[3] AUFWAND","[31] Sachaufwand","[312] Wasser, Energie, Heizmaterialien","3","3","31","312","2462.60"
"494","Gals","2008","[3] KULTUR UND FREIZEIT","[32] Massenmedien","","3","32","","[3] Aufwand","[3] AUFWAND","[31] Sachaufwand","[312] Wasser, Energie, Heizmaterialien","3","3","31","312","775.50"
"494","Gals","2008","[7] UMWELT UND RAUMORDNUNG","[70] Wasserversorgung","","7","70","","[3] Aufwand","[3] AUFWAND","[31] Sachaufwand","[312] Wasser, Energie, Heizmaterialien","3","3","31","312","112.10"
"494","Gals","2008","[2] BILDUNG","[21] Volksschule","","2","21","","[3] Aufwand","[3] AUFWAND","[31] Sachaufwand","[313] Verbrauchsmaterialien","3","3","31","313","2080.20"
"494","Gals","2008","[6] VERKEHR","[62] Gemeindestrassen","","6","62","","[3] Aufwand","[3] AUFWAND","[31] Sachaufwand","[313] Verbrauchsmaterialien","3","3","31","313","10010.00"
"494","Gals","2008","[7] UMWELT UND RAUMORDNUNG","[74] Friedhof und Bestattung","","7","74","","[3] Aufwand","[3] AUFWAND","[31] Sachaufwand","[313] Verbrauchsmaterialien","3","3","31","313","79.80"
"494","Gals","2008","[0] ALLGEMEINE VERWALTUNG","[09] Nicht aufteilbare Aufgaben","","0","9","","[3] Aufwand","[3] AUFWAND","[31] Sachaufwand","[314] Dienstleistungen Dritter für den baulichen Unterhalt","3","3","31","314","26245.10"
"494","Gals","2008","[2] BILDUNG","[21] Volksschule","","2","21","","[3] Aufwand","[3] AUFWAND","[31] Sachaufwand","[314] Dienstleistungen Dritter für den baulichen Unterhalt","3","3","31","314","5505.40"
"494","Gals","2008","[3] KULTUR UND FREIZEIT","[32] Massenmedien","","3","32","","[3] Aufwand","[3] AUFWAND","[31] Sachaufwand","[314] Dienstleistungen Dritter für den baulichen Unterhalt","3","3","31","314","3321.00"
"494","Gals","2008","[6] VERKEHR","[62] Gemeindestrassen","","6","62","","[3] Aufwand","[3] AUFWAND","[31] Sachaufwand","[314] Dienstleistungen Dritter für den baulichen Unterhalt","3","3","31","314","13650.80"
"494","Gals","2008","[7] UMWELT UND RAUMORDNUNG","[71] Abwasserentsorgung","","7","71","","[3] Aufwand","[3] AUFWAND","[31] Sachaufwand","[314] Dienstleistungen Dritter für den baulichen Unterhalt","3","3","31","314","8009.05"
"494","Gals","2008","[7] UMWELT UND RAUMORDNUNG","[74] Friedhof und Bestattung","","7","74","","[3] Aufwand","[3] AUFWAND","[31] Sachaufwand","[314] Dienstleistungen Dritter für den baulichen Unterhalt","3","3","31","314","2463.45"
"494","Gals","2008","[8] VOLKSWIRTSCHAFT","[81] Forstwirtschaft","","8","81","","[3] Aufwand","[3] AUFWAND","[31] Sachaufwand","[314] Dienstleistungen Dritter für den baulichen Unterhalt","3","3","31","314","7740.60"
"494","Gals","2008","[6] VERKEHR","[62] Gemeindestrassen","","6","62","","[3] Aufwand","[3] AUFWAND","[31] Sachaufwand","[316] Mieten, Pachten, Benützungskosten","3","3","31","316","1700.00"
"494","Gals","2008","[0] ALLGEMEINE VERWALTUNG","[01] Legislative und Exekutive","","0","1","","[3] Aufwand","[3] AUFWAND","[31] Sachaufwand","[317] Spesenentschädigungen","3","3","31","317","5766.45"
"494","Gals","2008","[0] ALLGEMEINE VERWALTUNG","[02] Allgemeine Verwaltung","","0","2","","[3] Aufwand","[3] AUFWAND","[31] Sachaufwand","[318] Dienstleistungen und Honorare, allg. Verwaltungsaufwand","3","3","31","318","106138.15"
"494","Gals","2008","[1] OEFFENTLICHE SICHERHEIT","[10] Rechtsaufsicht","","1","10","","[3] Aufwand","[3] AUFWAND","[31] Sachaufwand","[318] Dienstleistungen und Honorare, allg. Verwaltungsaufwand","3","3","31","318","46585.90"
"494","Gals","2008","[1] OEFFENTLICHE SICHERHEIT","[15] Militärische Landesverteidigung","","1","15","","[3] Aufwand","[3] AUFWAND","[31] Sachaufwand","[318] Dienstleistungen und Honorare, allg. Verwaltungsaufwand","3","3","31","318","257.25"
"494","Gals","2008","[2] BILDUNG","[21] Volksschule","","2","21","","[3] Aufwand","[3] AUFWAND","[31] Sachaufwand","[318] Dienstleistungen und Honorare, allg. Verwaltungsaufwand","3","3","31","318","4597.10"
"494","Gals","2008","[4] GESUNDHEIT","[46] Schulgesundheitsdienst","","4","46","","[3] Aufwand","[3] AUFWAND","[31] Sachaufwand","[318] Dienstleistungen und Honorare, allg. Verwaltungsaufwand","3","3","31","318","1371.00"
"494","Gals","2008","[7] UMWELT UND RAUMORDNUNG","[70] Wasserversorgung","","7","70","","[3] Aufwand","[3] AUFWAND","[31] Sachaufwand","[318] Dienstleistungen und Honorare, allg. Verwaltungsaufwand","3","3","31","318","2.10"
"494","Gals","2008","[7] UMWELT UND RAUMORDNUNG","[72] Abfallentsorgung","","7","72","","[3] Aufwand","[3] AUFWAND","[31] Sachaufwand","[318] Dienstleistungen und Honorare, allg. Verwaltungsaufwand","3","3","31","318","41296.25"
"494","Gals","2008","[9] FINANZEN UND STEUERN","[94] Vermögens- und Schuldenverwaltung","","9","94","","[3] Aufwand","[3] AUFWAND","[31] Sachaufwand","[318] Dienstleistungen und Honorare, allg. Verwaltungsaufwand","3","3","31","318","3267.90"
"494","Gals","2008","[8] VOLKSWIRTSCHAFT","[81] Forstwirtschaft","","8","81","","[3] Aufwand","[3] AUFWAND","[31] Sachaufwand","[319] Uebriger Sachaufwand","3","3","31","319","130.00"
"494","Gals","2008","[9] FINANZEN UND STEUERN","[94] Vermögens- und Schuldenverwaltung","","9","94","","[3] Aufwand","[3] AUFWAND","[32] Passivzinsen","[321] Kurzfristige Schulden","3","3","32","321","4834.65"
"494","Gals","2008","[9] FINANZEN UND STEUERN","[90] Steuern","","9","90","","[3] Aufwand","[3] AUFWAND","[33] Abschreibungen","[330] Finanzvermögen","3","3","33","330","15840.15"
"494","Gals","2008","[9] FINANZEN UND STEUERN","[99] Nicht aufgeteilte Posten","","9","99","","[3] Aufwand","[3] AUFWAND","[33] Abschreibungen","[331] Verwaltungsvermögen - harmonisierte Abschreibungen","3","3","33","331","31158.95"
"494","Gals","2008","[9] FINANZEN UND STEUERN","[99] Nicht aufgeteilte Posten","","9","99","","[3] Aufwand","[3] AUFWAND","[33] Abschreibungen","[332] Verwaltungsvermögen - übrige Abschreibungen","3","3","33","332","200000.00"
"494","Gals","2008","[2] BILDUNG","[20] Kindergarten","","2","20","","[3] Aufwand","[3] AUFWAND","[35] Entschädigungen an Gemeinwesen","[351] Kanton","3","3","35","351","20504.25"
"494","Gals","2008","[2] BILDUNG","[21] Volksschule","","2","21","","[3] Aufwand","[3] AUFWAND","[35] Entschädigungen an Gemeinwesen","[351] Kanton","3","3","35","351","235761.60"
"494","Gals","2008","[2] BILDUNG","[20] Kindergarten","","2","20","","[3] Aufwand","[3] AUFWAND","[35] Entschädigungen an Gemeinwesen","[352] Gemeinden","3","3","35","352","27240.55"
"494","Gals","2008","[3] KULTUR UND FREIZEIT","[32] Massenmedien","","3","32","","[3] Aufwand","[3] AUFWAND","[35] Entschädigungen an Gemeinwesen","[352] Gemeinden","3","3","35","352","21333.20"
"494","Gals","2008","[7] UMWELT UND RAUMORDNUNG","[78] Uebriger Umweltschutz","","7","78","","[3] Aufwand","[3] AUFWAND","[35] Entschädigungen an Gemeinwesen","[352] Gemeinden","3","3","35","352","3323.65"
"494","Gals","2008","[5] SOZIALE WOHLFAHRT","[50] Altersversicherung","","5","50","","[3] Aufwand","[3] AUFWAND","[36] Eigene Beiträge","[361] Kanton","3","3","36","361","55484.00"
"494","Gals","2008","[5] SOZIALE WOHLFAHRT","[53] Sonstige Sozialversicherungen","","5","53","","[3] Aufwand","[3] AUFWAND","[36] Eigene Beiträge","[361] Kanton","3","3","36","361","112203.00"
"494","Gals","2008","[6] VERKEHR","[65] Regionalverkehr","","6","65","","[3] Aufwand","[3] AUFWAND","[36] Eigene Beiträge","[361] Kanton","3","3","36","361","41772.00"
"494","Gals","2008","[7] UMWELT UND RAUMORDNUNG","[71] Abwasserentsorgung","","7","71","","[3] Aufwand","[3] AUFWAND","[36] Eigene Beiträge","[361] Kanton","3","3","36","361","9669.00"
"494","Gals","2008","[9] FINANZEN UND STEUERN","[94] Vermögens- und Schuldenverwaltung","","9","94","","[3] Aufwand","[3] AUFWAND","[36] Eigene Beiträge","[361] Kanton","3","3","36","361","11586.00"
"494","Gals","2008","[1] OEFFENTLICHE SICHERHEIT","[16] Zivile Landesverteidigung","","1","16","","[3] Aufwand","[3] AUFWAND","[36] Eigene Beiträge","[362] Gemeinden","3","3","36","362","1124.15"
"494","Gals","2008","[7] UMWELT UND RAUMORDNUNG","[70] Wasserversorgung","","7","70","","[3] Aufwand","[3] AUFWAND","[36] Eigene Beiträge","[362] Gemeinden","3","3","36","362","98223.85"
"494","Gals","2008","[7] UMWELT UND RAUMORDNUNG","[71] Abwasserentsorgung","","7","71","","[3] Aufwand","[3] AUFWAND","[36] Eigene Beiträge","[362] Gemeinden","3","3","36","362","134020.30"
"494","Gals","2008","[1] OEFFENTLICHE SICHERHEIT","[16] Zivile Landesverteidigung","","1","16","","[3] Aufwand","[3] AUFWAND","[36] Eigene Beiträge","[365] Private Institutionen","3","3","36","365","8009.90"
"494","Gals","2008","[5] SOZIALE WOHLFAHRT","[54] Jugendschutz","","5","54","","[3] Aufwand","[3] AUFWAND","[36] Eigene Beiträge","[365] Private Institutionen","3","3","36","365","2040.15"
"494","Gals","2008","[8] VOLKSWIRTSCHAFT","[80] Landwirtschaft","","8","80","","[3] Aufwand","[3] AUFWAND","[36] Eigene Beiträge","[365] Private Institutionen","3","3","36","365","7425.65"
"494","Gals","2008","[7] UMWELT UND RAUMORDNUNG","[71] Abwasserentsorgung","","7","71","","[3] Aufwand","[3] AUFWAND","[38] Einlagen in Spezialfinanzierungen","[380] Einlagen in Spezialfinanzierungen","3","3","38","380","54232.50"
"494","Gals","2008","[2] BILDUNG","[21] Volksschule","","2","21","","[3] Aufwand","[3] AUFWAND","[39] Interne Verrechnungen","[390] Verrechneter Aufwand","3","3","39","390","3000.00"
"494","Gals","2008","[5] SOZIALE WOHLFAHRT","[50] Altersversicherung","","5","50","","[3] Aufwand","[3] AUFWAND","[39] Interne Verrechnungen","[390] Verrechneter Aufwand","3","3","39","390","10000.00"
"494","Gals","2008","[6] VERKEHR","[62] Gemeindestrassen","","6","62","","[3] Aufwand","[3] AUFWAND","[39] Interne Verrechnungen","[390] Verrechneter Aufwand","3","3","39","390","3000.00"
"494","Gals","2008","[7] UMWELT UND RAUMORDNUNG","[72] Abfallentsorgung","","7","72","","[3] Aufwand","[3] AUFWAND","[39] Interne Verrechnungen","[390] Verrechneter Aufwand","3","3","39","390","3195.15"
"494","Gals","2008","[9] FINANZEN UND STEUERN","[94] Vermögens- und Schuldenverwaltung","","9","94","","[3] Aufwand","[3] AUFWAND","[39] Interne Verrechnungen","[390] Verrechneter Aufwand","3","3","39","390","7000.00"
"494","Gals","2008","[7] UMWELT UND RAUMORDNUNG","[71] Abwasserentsorgung","","7","71","","[3] Aufwand","[3] AUFWAND","[39] Interne Verrechnungen","[391] Verrechnete Zinsen","3","3","39","391","22577.55"
"494","Gals","2008","[3] KULTUR UND FREIZEIT","[32] Massenmedien","","3","32","","[3] Aufwand","[3] AUFWAND","[39] Interne Verrechnungen","[392] Verrechnete Abschreibungen","3","3","39","392","792.00"
"494","Gals","2008","[9] FINANZEN UND STEUERN","[90] Steuern","","9","90","","[4] Ertrag","[4] ERTRAG","[40] Steuern","[401] Gewinn- und Kapitalsteuern","4","4","40","401","21145.50"
"494","Gals","2008","[9] FINANZEN UND STEUERN","[90] Steuern","","9","90","","[4] Ertrag","[4] ERTRAG","[40] Steuern","[402] Liegenschaftssteuern","4","4","40","402","172546.90"
"494","Gals","2008","[9] FINANZEN UND STEUERN","[94] Vermögens- und Schuldenverwaltung","","9","94","","[4] Ertrag","[4] ERTRAG","[42] Vermögenserträge","[421] Flüssige Mittel und Guthaben","4","4","42","421","8219.40"
"494","Gals","2008","[9] FINANZEN UND STEUERN","[94] Vermögens- und Schuldenverwaltung","","9","94","","[4] Ertrag","[4] ERTRAG","[42] Vermögenserträge","[422] Anlagen des Finanzvermögens","4","4","42","422","4369.20"
"494","Gals","2008","[2] BILDUNG","[21] Volksschule","","2","21","","[4] Ertrag","[4] ERTRAG","[42] Vermögenserträge","[427] Liegenschaften des Verwaltungsvermögens","4","4","42","427","13200.00"
"494","Gals","2008","[3] KULTUR UND FREIZEIT","[34] Sport","","3","34","","[4] Ertrag","[4] ERTRAG","[42] Vermögenserträge","[427] Liegenschaften des Verwaltungsvermögens","4","4","42","427","100.00"
"494","Gals","2008","[1] OEFFENTLICHE SICHERHEIT","[14] Wehrdienste","","1","14","","[4] Ertrag","[4] ERTRAG","[43] Entgelte","[430] Ersatzabgaben","4","4","43","430","47715.55"
"494","Gals","2008","[1] OEFFENTLICHE SICHERHEIT","[10] Rechtsaufsicht","","1","10","","[4] Ertrag","[4] ERTRAG","[43] Entgelte","[431] Gebühren für Amtshandlungen","4","4","43","431","66723.75"
"494","Gals","2008","[7] UMWELT UND RAUMORDNUNG","[78] Uebriger Umweltschutz","","7","78","","[4] Ertrag","[4] ERTRAG","[43] Entgelte","[431] Gebühren für Amtshandlungen","4","4","43","431","128.50"
"494","Gals","2008","[8] VOLKSWIRTSCHAFT","[81] Forstwirtschaft","","8","81","","[4] Ertrag","[4] ERTRAG","[43] Entgelte","[435] Uebrige Verkaufserlöse","4","4","43","435","22130.25"
"494","Gals","2008","[0] ALLGEMEINE VERWALTUNG","[09] Nicht aufteilbare Aufgaben","","0","9","","[4] Ertrag","[4] ERTRAG","[43] Entgelte","[436] Rückerstattungen","4","4","43","436","16998.10"
"494","Gals","2008","[7] UMWELT UND RAUMORDNUNG","[71] Abwasserentsorgung","","7","71","","[4] Ertrag","[4] ERTRAG","[43] Entgelte","[436] Rückerstattungen","4","4","43","436","99.75"
"494","Gals","2008","[7] UMWELT UND RAUMORDNUNG","[79] Raumordnung","","7","79","","[4] Ertrag","[4] ERTRAG","[43] Entgelte","[436] Rückerstattungen","4","4","43","436","1534.25"
"494","Gals","2008","[9] FINANZEN UND STEUERN","[92] Finanzausgleich","","9","92","","[4] Ertrag","[4] ERTRAG","[44] Anteile und Beiträge ohne Zweckbindungen","[444] Leistungen aus dem Finanzausgleich","4","4","44","444","127859.00"
"494","Gals","2008","[0] ALLGEMEINE VERWALTUNG","[02] Allgemeine Verwaltung","","0","2","","[4] Ertrag","[4] ERTRAG","[45] Rückerstattungen von Gemeinwesen","[451] Kanton","4","4","45","451","674.00"
"494","Gals","2008","[5] SOZIALE WOHLFAHRT","[58] Sozialhilfe","","5","58","","[4] Ertrag","[4] ERTRAG","[45] Rückerstattungen von Gemeinwesen","[451] Kanton","4","4","45","451","118.55"
"494","Gals","2008","[6] VERKEHR","[62] Gemeindestrassen","","6","62","","[4] Ertrag","[4] ERTRAG","[45] Rückerstattungen von Gemeinwesen","[451] Kanton","4","4","45","451","56198.95"
"494","Gals","2008","[3] KULTUR UND FREIZEIT","[35] Uebrige Freizeitgestaltung","","3","35","","[4] Ertrag","[4] ERTRAG","[45] Rückerstattungen von Gemeinwesen","[452] Gemeinden","4","4","45","452","3012.35"
"494","Gals","2008","[7] UMWELT UND RAUMORDNUNG","[72] Abfallentsorgung","","7","72","","[4] Ertrag","[4] ERTRAG","[48] Entnahmen aus Spezialfinanzierungen","[480] Entnahmen aus Spezialfinanzierungen","4","4","48","480","2836.50"
"494","Gals","2008","[0] ALLGEMEINE VERWALTUNG","[02] Allgemeine Verwaltung","","0","2","","[4] Ertrag","[4] ERTRAG","[49] Interne Verrechnungen","[490] Verrechneter Aufwand","4","4","49","490","35000.00"
"494","Gals","2008","[7] UMWELT UND RAUMORDNUNG","[78] Uebriger Umweltschutz","","7","78","","[4] Ertrag","[4] ERTRAG","[49] Interne Verrechnungen","[490] Verrechneter Aufwand","4","4","49","490","3195.15"
"494","Gals","2008","[7] UMWELT UND RAUMORDNUNG","[72] Abfallentsorgung","","7","72","","[4] Ertrag","[4] ERTRAG","[49] Interne Verrechnungen","[491] Verrechnete Zinsen","4","4","49","491","2951.65"
"494","Gals","2008","[6] VERKEHR","[62] Gemeindestrassen","","6","62","","[5] Ausgaben","[5] Ausgaben","[50] Sachgüter","[501] Tiefbauten","5","5","50","501","120732.90"
"494","Gals","2008","[0] ALLGEMEINE VERWALTUNG","[02] Allgemeine Verwaltung","","0","2","","[5] Ausgaben","[5] Ausgaben","[50] Sachgüter","[506] Mobilien, Maschinen, Fahrzeuge","5","5","50","506","10466.25"
"494","Gals","2008","[6] VERKEHR","[62] Gemeindestrassen","","6","62","","[6] Einnahmen","[6] Einnahmen","[61] Nutzungsabgaben und Vorteilsentgelte","[610] Beiträge Dritter für eigene Rechnung","6","6","61","610","5000.00"
"494","Gals","2008","[7] UMWELT UND RAUMORDNUNG","[71] Abwasserentsorgung","","7","71","","[6] Einnahmen","[6] Einnahmen","[61] Nutzungsabgaben und Vorteilsentgelte","[610] Beiträge Dritter für eigene Rechnung","6","6","61","610","31781.75"
"494","Gals","2009","[0] ALLGEMEINE VERWALTUNG","[01] Legislative und Exekutive","","0","1","","[3] Aufwand","[3] AUFWAND","[30] Personalaufwand","[300] Personalaufwand der Behörden und Kommissionen","3","3","30","300","20266.90"
"494","Gals","2009","[3] KULTUR UND FREIZEIT","[35] Uebrige Freizeitgestaltung","","3","35","","[3] Aufwand","[3] AUFWAND","[30] Personalaufwand","[300] Personalaufwand der Behörden und Kommissionen","3","3","30","300","1410.00"
"494","Gals","2009","[0] ALLGEMEINE VERWALTUNG","[02] Allgemeine Verwaltung","","0","2","","[3] Aufwand","[3] AUFWAND","[30] Personalaufwand","[301] Löhne des Verwaltungs- + Betriebspersonals","3","3","30","301","68744.35"
"494","Gals","2009","[2] BILDUNG","[21] Volksschule","","2","21","","[3] Aufwand","[3] AUFWAND","[30] Personalaufwand","[301] Löhne des Verwaltungs- + Betriebspersonals","3","3","30","301","38890.40"
"494","Gals","2009","[3] KULTUR UND FREIZEIT","[34] Sport","","3","34","","[3] Aufwand","[3] AUFWAND","[30] Personalaufwand","[301] Löhne des Verwaltungs- + Betriebspersonals","3","3","30","301","4000.00"
"494","Gals","2009","[6] VERKEHR","[62] Gemeindestrassen","","6","62","","[3] Aufwand","[3] AUFWAND","[30] Personalaufwand","[301] Löhne des Verwaltungs- + Betriebspersonals","3","3","30","301","18127.25"
"494","Gals","2009","[7] UMWELT UND RAUMORDNUNG","[72] Abfallentsorgung","","7","72","","[3] Aufwand","[3] AUFWAND","[30] Personalaufwand","[301] Löhne des Verwaltungs- + Betriebspersonals","3","3","30","301","6433.50"
"494","Gals","2009","[7] UMWELT UND RAUMORDNUNG","[74] Friedhof und Bestattung","","7","74","","[3] Aufwand","[3] AUFWAND","[30] Personalaufwand","[301] Löhne des Verwaltungs- + Betriebspersonals","3","3","30","301","9150.55"
"494","Gals","2009","[7] UMWELT UND RAUMORDNUNG","[75] Gewässerverbauungen","","7","75","","[3] Aufwand","[3] AUFWAND","[30] Personalaufwand","[301] Löhne des Verwaltungs- + Betriebspersonals","3","3","30","301","314.00"
"494","Gals","2010","[6] VERKEHR","[62] Gemeindestrassen","","6","62","","[4] Ertrag","[4] ERTRAG","[43] Entgelte","[436] Rückerstattungen","4","4","43","436","29108.00"
"494","Gals","2010","[7] UMWELT UND RAUMORDNUNG","[70] Wasserversorgung","","7","70","","[4] Ertrag","[4] ERTRAG","[43] Entgelte","[436] Rückerstattungen","4","4","43","436","1777.50"
"494","Gals","2010","[2] BILDUNG","[20] Kindergarten","","2","20","","[4] Ertrag","[4] ERTRAG","[45] Rückerstattungen von Gemeinwesen","[451] Kanton","4","4","45","451","7792.00"
"494","Gals","2010","[1] OEFFENTLICHE SICHERHEIT","[16] Zivile Landesverteidigung","","1","16","","[4] Ertrag","[4] ERTRAG","[46] Beiträge","[461] Kanton","4","4","46","461","791.00"
"494","Gals","2010","[3] KULTUR UND FREIZEIT","[32] Massenmedien","","3","32","","[4] Ertrag","[4] ERTRAG","[48] Entnahmen aus Spezialfinanzierungen","[480] Entnahmen aus Spezialfinanzierungen","4","4","48","480","4158.98"
"494","Gals","2010","[7] UMWELT UND RAUMORDNUNG","[70] Wasserversorgung","","7","70","","[4] Ertrag","[4] ERTRAG","[48] Entnahmen aus Spezialfinanzierungen","[480] Entnahmen aus Spezialfinanzierungen","4","4","48","480","92870.60"
"494","Gals","2010","[7] UMWELT UND RAUMORDNUNG","[71] Abwasserentsorgung","","7","71","","[4] Ertrag","[4] ERTRAG","[48] Entnahmen aus Spezialfinanzierungen","[480] Entnahmen aus Spezialfinanzierungen","4","4","48","480","42843.00"
"494","Gals","2010","[9] FINANZEN UND STEUERN","[94] Vermögens- und Schuldenverwaltung","","9","94","","[4] Ertrag","[4] ERTRAG","[49] Interne Verrechnungen","[491] Verrechnete Zinsen","4","4","49","491","17172.25"
"494","Gals","2010","[9] FINANZEN UND STEUERN","[99] Nicht aufgeteilte Posten","","9","99","","[4] Ertrag","[4] ERTRAG","[49] Interne Verrechnungen","[492] Verrechnete Abschreibungen","4","4","49","492","79.20"
"494","Gals","2010","[3] KULTUR UND FREIZEIT","[32] Massenmedien","","3","32","","[5] Ausgaben","[5] Ausgaben","[50] Sachgüter","[501] Tiefbauten","5","5","50","501","3979.20"
"494","Gals","2010","[7] UMWELT UND RAUMORDNUNG","[70] Wasserversorgung","","7","70","","[5] Ausgaben","[5] Ausgaben","[50] Sachgüter","[501] Tiefbauten","5","5","50","501","68752.45"
"494","Gals","2010","[9] FINANZEN UND STEUERN","[99] Nicht aufgeteilte Posten","","9","99","","[5] Ausgaben","[5] Ausgaben","[59] Passivierungen","[590] Passivierte Einnahmen","5","5","59","590","9748.70"
"494","Gals","2010","[3] KULTUR UND FREIZEIT","[32] Massenmedien","","3","32","","[6] Einnahmen","[6] Einnahmen","[61] Nutzungsabgaben und Vorteilsentgelte","[610] Beiträge Dritter für eigene Rechnung","6","6","61","610","3900.00"
"494","Gals","2010","[9] FINANZEN UND STEUERN","[94] Vermögens- und Schuldenverwaltung","","9","94","","[6] Einnahmen","[6] Einnahmen","[66] Beiträge für eigene Rechnung","[669] Uebrige Beiträge für eigene Rechnung","6","6","66","669","1000.00"
"494","Gals","2010","[9] FINANZEN UND STEUERN","[99] Nicht aufgeteilte Posten","","9","99","","[6] Einnahmen","[6] Einnahmen","[69] Aktivierungen","[690] Aktivierte Ausgaben","6","6","69","690","188526.40"
"494","Gals","2009","[8] VOLKSWIRTSCHAFT","[81] Forstwirtschaft","","8","81","","[3] Aufwand","[3] AUFWAND","[30] Personalaufwand","[301] Löhne des Verwaltungs- + Betriebspersonals","3","3","30","301","4937.70"
"494","Gals","2009","[9] FINANZEN UND STEUERN","[94] Vermögens- und Schuldenverwaltung","","9","94","","[3] Aufwand","[3] AUFWAND","[30] Personalaufwand","[301] Löhne des Verwaltungs- + Betriebspersonals","3","3","30","301","4544.05"
"494","Gals","2009","[3] KULTUR UND FREIZEIT","[34] Sport","","3","34","","[3] Aufwand","[3] AUFWAND","[30] Personalaufwand","[303] Sozialversicherungsbeiträge","3","3","30","303","297.40"
"494","Gals","2009","[7] UMWELT UND RAUMORDNUNG","[70] Wasserversorgung","","7","70","","[3] Aufwand","[3] AUFWAND","[30] Personalaufwand","[303] Sozialversicherungsbeiträge","3","3","30","303","871.95"
"494","Gals","2009","[7] UMWELT UND RAUMORDNUNG","[72] Abfallentsorgung","","7","72","","[3] Aufwand","[3] AUFWAND","[30] Personalaufwand","[303] Sozialversicherungsbeiträge","3","3","30","303","478.30"
"494","Gals","2009","[7] UMWELT UND RAUMORDNUNG","[75] Gewässerverbauungen","","7","75","","[3] Aufwand","[3] AUFWAND","[30] Personalaufwand","[303] Sozialversicherungsbeiträge","3","3","30","303","23.35"
"494","Gals","2009","[8] VOLKSWIRTSCHAFT","[80] Landwirtschaft","","8","80","","[3] Aufwand","[3] AUFWAND","[30] Personalaufwand","[303] Sozialversicherungsbeiträge","3","3","30","303","52.40"
"494","Gals","2009","[9] FINANZEN UND STEUERN","[94] Vermögens- und Schuldenverwaltung","","9","94","","[3] Aufwand","[3] AUFWAND","[30] Personalaufwand","[303] Sozialversicherungsbeiträge","3","3","30","303","337.80"
"494","Gals","2009","[0] ALLGEMEINE VERWALTUNG","[02] Allgemeine Verwaltung","","0","2","","[3] Aufwand","[3] AUFWAND","[30] Personalaufwand","[304] Personalversicherungsbeiträge","3","3","30","304","2716.85"
"494","Gals","2009","[6] VERKEHR","[62] Gemeindestrassen","","6","62","","[3] Aufwand","[3] AUFWAND","[30] Personalaufwand","[304] Personalversicherungsbeiträge","3","3","30","304","11825.25"
"494","Gals","2009","[0] ALLGEMEINE VERWALTUNG","[09] Nicht aufteilbare Aufgaben","","0","9","","[3] Aufwand","[3] AUFWAND","[30] Personalaufwand","[305] Unfall- und Krankenversicherungsbeiträge","3","3","30","305","-546.00"
"494","Gals","2009","[2] BILDUNG","[21] Volksschule","","2","21","","[3] Aufwand","[3] AUFWAND","[30] Personalaufwand","[309] Uebriger Personalaufwand","3","3","30","309","959.80"
"494","Gals","2009","[0] ALLGEMEINE VERWALTUNG","[01] Legislative und Exekutive","","0","1","","[3] Aufwand","[3] AUFWAND","[31] Sachaufwand","[310] Büro- und Schulmaterialien, Drucksachen","3","3","31","310","2568.95"
"494","Gals","2009","[1] OEFFENTLICHE SICHERHEIT","[16] Zivile Landesverteidigung","","1","16","","[3] Aufwand","[3] AUFWAND","[31] Sachaufwand","[312] Wasser, Energie, Heizmaterialien","3","3","31","312","2767.15"
"494","Gals","2009","[2] BILDUNG","[21] Volksschule","","2","21","","[3] Aufwand","[3] AUFWAND","[31] Sachaufwand","[312] Wasser, Energie, Heizmaterialien","3","3","31","312","14386.70"
"494","Gals","2009","[6] VERKEHR","[62] Gemeindestrassen","","6","62","","[3] Aufwand","[3] AUFWAND","[31] Sachaufwand","[312] Wasser, Energie, Heizmaterialien","3","3","31","312","20160.05"
"494","Gals","2009","[0] ALLGEMEINE VERWALTUNG","[09] Nicht aufteilbare Aufgaben","","0","9","","[3] Aufwand","[3] AUFWAND","[31] Sachaufwand","[313] Verbrauchsmaterialien","3","3","31","313","1983.60"
"494","Gals","2009","[7] UMWELT UND RAUMORDNUNG","[70] Wasserversorgung","","7","70","","[3] Aufwand","[3] AUFWAND","[31] Sachaufwand","[313] Verbrauchsmaterialien","3","3","31","313","933.10"
"494","Gals","2009","[2] BILDUNG","[21] Volksschule","","2","21","","[3] Aufwand","[3] AUFWAND","[31] Sachaufwand","[314] Dienstleistungen Dritter für den baulichen Unterhalt","3","3","31","314","8234.70"
"494","Gals","2009","[6] VERKEHR","[62] Gemeindestrassen","","6","62","","[3] Aufwand","[3] AUFWAND","[31] Sachaufwand","[314] Dienstleistungen Dritter für den baulichen Unterhalt","3","3","31","314","15753.40"
"494","Gals","2009","[7] UMWELT UND RAUMORDNUNG","[70] Wasserversorgung","","7","70","","[3] Aufwand","[3] AUFWAND","[31] Sachaufwand","[314] Dienstleistungen Dritter für den baulichen Unterhalt","3","3","31","314","24741.10"
"494","Gals","2009","[7] UMWELT UND RAUMORDNUNG","[72] Abfallentsorgung","","7","72","","[3] Aufwand","[3] AUFWAND","[31] Sachaufwand","[314] Dienstleistungen Dritter für den baulichen Unterhalt","3","3","31","314","594.50"
"494","Gals","2009","[7] UMWELT UND RAUMORDNUNG","[75] Gewässerverbauungen","","7","75","","[3] Aufwand","[3] AUFWAND","[31] Sachaufwand","[314] Dienstleistungen Dritter für den baulichen Unterhalt","3","3","31","314","11102.00"
"494","Gals","2009","[9] FINANZEN UND STEUERN","[94] Vermögens- und Schuldenverwaltung","","9","94","","[3] Aufwand","[3] AUFWAND","[31] Sachaufwand","[314] Dienstleistungen Dritter für den baulichen Unterhalt","3","3","31","314","151.00"
"494","Gals","2009","[0] ALLGEMEINE VERWALTUNG","[02] Allgemeine Verwaltung","","0","2","","[3] Aufwand","[3] AUFWAND","[31] Sachaufwand","[315] Dienstleistungen Dritter für den übrigen Unterhalt","3","3","31","315","5363.05"
"494","Gals","2009","[0] ALLGEMEINE VERWALTUNG","[09] Nicht aufteilbare Aufgaben","","0","9","","[3] Aufwand","[3] AUFWAND","[31] Sachaufwand","[315] Dienstleistungen Dritter für den übrigen Unterhalt","3","3","31","315","860.40"
"494","Gals","2009","[2] BILDUNG","[21] Volksschule","","2","21","","[3] Aufwand","[3] AUFWAND","[31] Sachaufwand","[315] Dienstleistungen Dritter für den übrigen Unterhalt","3","3","31","315","536.85"
"494","Gals","2009","[6] VERKEHR","[62] Gemeindestrassen","","6","62","","[3] Aufwand","[3] AUFWAND","[31] Sachaufwand","[315] Dienstleistungen Dritter für den übrigen Unterhalt","3","3","31","315","761.50"
"494","Gals","2009","[0] ALLGEMEINE VERWALTUNG","[02] Allgemeine Verwaltung","","0","2","","[3] Aufwand","[3] AUFWAND","[31] Sachaufwand","[317] Spesenentschädigungen","3","3","31","317","551.15"
"494","Gals","2009","[2] BILDUNG","[21] Volksschule","","2","21","","[3] Aufwand","[3] AUFWAND","[31] Sachaufwand","[317] Spesenentschädigungen","3","3","31","317","4263.35"
"494","Gals","2009","[0] ALLGEMEINE VERWALTUNG","[01] Legislative und Exekutive","","0","1","","[3] Aufwand","[3] AUFWAND","[31] Sachaufwand","[318] Dienstleistungen und Honorare, allg. Verwaltungsaufwand","3","3","31","318","648.90"
"494","Gals","2009","[0] ALLGEMEINE VERWALTUNG","[09] Nicht aufteilbare Aufgaben","","0","9","","[3] Aufwand","[3] AUFWAND","[31] Sachaufwand","[318] Dienstleistungen und Honorare, allg. Verwaltungsaufwand","3","3","31","318","399.00"
"494","Gals","2009","[1] OEFFENTLICHE SICHERHEIT","[10] Rechtsaufsicht","","1","10","","[3] Aufwand","[3] AUFWAND","[31] Sachaufwand","[318] Dienstleistungen und Honorare, allg. Verwaltungsaufwand","3","3","31","318","45999.75"
"494","Gals","2009","[1] OEFFENTLICHE SICHERHEIT","[16] Zivile Landesverteidigung","","1","16","","[3] Aufwand","[3] AUFWAND","[31] Sachaufwand","[318] Dienstleistungen und Honorare, allg. Verwaltungsaufwand","3","3","31","318","1123.10"
"494","Gals","2009","[3] KULTUR UND FREIZEIT","[30] Kulturförderung","","3","30","","[3] Aufwand","[3] AUFWAND","[31] Sachaufwand","[318] Dienstleistungen und Honorare, allg. Verwaltungsaufwand","3","3","31","318","12121.00"
"494","Gals","2009","[3] KULTUR UND FREIZEIT","[32] Massenmedien","","3","32","","[3] Aufwand","[3] AUFWAND","[31] Sachaufwand","[318] Dienstleistungen und Honorare, allg. Verwaltungsaufwand","3","3","31","318","3148.10"
"494","Gals","2009","[7] UMWELT UND RAUMORDNUNG","[71] Abwasserentsorgung","","7","71","","[3] Aufwand","[3] AUFWAND","[31] Sachaufwand","[318] Dienstleistungen und Honorare, allg. Verwaltungsaufwand","3","3","31","318","837.15"
"494","Gals","2009","[7] UMWELT UND RAUMORDNUNG","[74] Friedhof und Bestattung","","7","74","","[3] Aufwand","[3] AUFWAND","[31] Sachaufwand","[318] Dienstleistungen und Honorare, allg. Verwaltungsaufwand","3","3","31","318","561.50"
"494","Gals","2009","[7] UMWELT UND RAUMORDNUNG","[79] Raumordnung","","7","79","","[3] Aufwand","[3] AUFWAND","[31] Sachaufwand","[318] Dienstleistungen und Honorare, allg. Verwaltungsaufwand","3","3","31","318","2461.65"
"494","Gals","2009","[8] VOLKSWIRTSCHAFT","[80] Landwirtschaft","","8","80","","[3] Aufwand","[3] AUFWAND","[31] Sachaufwand","[318] Dienstleistungen und Honorare, allg. Verwaltungsaufwand","3","3","31","318","34.00"
"494","Gals","2009","[9] FINANZEN UND STEUERN","[94] Vermögens- und Schuldenverwaltung","","9","94","","[3] Aufwand","[3] AUFWAND","[31] Sachaufwand","[319] Uebriger Sachaufwand","3","3","31","319","160.00"
"494","Gals","2009","[9] FINANZEN UND STEUERN","[94] Vermögens- und Schuldenverwaltung","","9","94","","[3] Aufwand","[3] AUFWAND","[32] Passivzinsen","[322] Mittel- und langfirstige Schulden","3","3","32","322","60630.45"
"494","Gals","2009","[1] OEFFENTLICHE SICHERHEIT","[14] Wehrdienste","","1","14","","[3] Aufwand","[3] AUFWAND","[33] Abschreibungen","[330] Finanzvermögen","3","3","33","330","991.75"
"494","Gals","2009","[9] FINANZEN UND STEUERN","[99] Nicht aufgeteilte Posten","","9","99","","[3] Aufwand","[3] AUFWAND","[33] Abschreibungen","[330] Finanzvermögen","3","3","33","330","561.60"
"494","Gals","2009","[7] UMWELT UND RAUMORDNUNG","[71] Abwasserentsorgung","","7","71","","[3] Aufwand","[3] AUFWAND","[33] Abschreibungen","[331] Verwaltungsvermögen - harmonisierte Abschreibungen","3","3","33","331","42843.00"
"494","Gals","2009","[0] ALLGEMEINE VERWALTUNG","[02] Allgemeine Verwaltung","","0","2","","[3] Aufwand","[3] AUFWAND","[35] Entschädigungen an Gemeinwesen","[351] Kanton","3","3","35","351","9240.00"
"494","Gals","2009","[2] BILDUNG","[21] Volksschule","","2","21","","[3] Aufwand","[3] AUFWAND","[35] Entschädigungen an Gemeinwesen","[351] Kanton","3","3","35","351","234023.10"
"494","Gals","2009","[5] SOZIALE WOHLFAHRT","[58] Sozialhilfe","","5","58","","[3] Aufwand","[3] AUFWAND","[35] Entschädigungen an Gemeinwesen","[351] Kanton","3","3","35","351","268926.35"
"494","Gals","2009","[2] BILDUNG","[20] Kindergarten","","2","20","","[3] Aufwand","[3] AUFWAND","[35] Entschädigungen an Gemeinwesen","[352] Gemeinden","3","3","35","352","26439.95"
"494","Gals","2009","[2] BILDUNG","[22] Sonderschulen","","2","22","","[3] Aufwand","[3] AUFWAND","[36] Eigene Beiträge","[361] Kanton","3","3","36","361","14931.85"
"494","Gals","2009","[7] UMWELT UND RAUMORDNUNG","[75] Gewässerverbauungen","","7","75","","[3] Aufwand","[3] AUFWAND","[36] Eigene Beiträge","[361] Kanton","3","3","36","361","36394.00"
"494","Gals","2009","[1] OEFFENTLICHE SICHERHEIT","[14] Wehrdienste","","1","14","","[3] Aufwand","[3] AUFWAND","[36] Eigene Beiträge","[362] Gemeinden","3","3","36","362","42336.35"
"494","Gals","2009","[2] BILDUNG","[21] Volksschule","","2","21","","[3] Aufwand","[3] AUFWAND","[36] Eigene Beiträge","[362] Gemeinden","3","3","36","362","109879.70"
"494","Gals","2009","[5] SOZIALE WOHLFAHRT","[58] Sozialhilfe","","5","58","","[3] Aufwand","[3] AUFWAND","[36] Eigene Beiträge","[362] Gemeinden","3","3","36","362","19503.40"
"494","Gals","2009","[8] VOLKSWIRTSCHAFT","[81] Forstwirtschaft","","8","81","","[3] Aufwand","[3] AUFWAND","[36] Eigene Beiträge","[362] Gemeinden","3","3","36","362","871.95"
"494","Gals","2009","[0] ALLGEMEINE VERWALTUNG","[02] Allgemeine Verwaltung","","0","2","","[3] Aufwand","[3] AUFWAND","[36] Eigene Beiträge","[365] Private Institutionen","3","3","36","365","3471.90"
"494","Gals","2009","[1] OEFFENTLICHE SICHERHEIT","[16] Zivile Landesverteidigung","","1","16","","[3] Aufwand","[3] AUFWAND","[36] Eigene Beiträge","[365] Private Institutionen","3","3","36","365","8051.40"
"494","Gals","2009","[3] KULTUR UND FREIZEIT","[30] Kulturförderung","","3","30","","[3] Aufwand","[3] AUFWAND","[36] Eigene Beiträge","[365] Private Institutionen","3","3","36","365","11800.00"
"494","Gals","2009","[3] KULTUR UND FREIZEIT","[33] Parkanlagen und Wanderwege","","3","33","","[3] Aufwand","[3] AUFWAND","[36] Eigene Beiträge","[365] Private Institutionen","3","3","36","365","142.80"
"494","Gals","2009","[5] SOZIALE WOHLFAHRT","[58] Sozialhilfe","","5","58","","[3] Aufwand","[3] AUFWAND","[36] Eigene Beiträge","[365] Private Institutionen","3","3","36","365","200.00"
"494","Gals","2009","[7] UMWELT UND RAUMORDNUNG","[79] Raumordnung","","7","79","","[3] Aufwand","[3] AUFWAND","[36] Eigene Beiträge","[365] Private Institutionen","3","3","36","365","4493.00"
"494","Gals","2009","[3] KULTUR UND FREIZEIT","[35] Uebrige Freizeitgestaltung","","3","35","","[3] Aufwand","[3] AUFWAND","[36] Eigene Beiträge","[366] Private Haushalte","3","3","36","366","5867.40"
"494","Gals","2009","[3] KULTUR UND FREIZEIT","[32] Massenmedien","","3","32","","[3] Aufwand","[3] AUFWAND","[38] Einlagen in Spezialfinanzierungen","[380] Einlagen in Spezialfinanzierungen","3","3","38","380","18587.92"
"494","Gals","2009","[7] UMWELT UND RAUMORDNUNG","[70] Wasserversorgung","","7","70","","[3] Aufwand","[3] AUFWAND","[38] Einlagen in Spezialfinanzierungen","[380] Einlagen in Spezialfinanzierungen","3","3","38","380","25278.70"
"494","Gals","2009","[0] ALLGEMEINE VERWALTUNG","[09] Nicht aufteilbare Aufgaben","","0","9","","[3] Aufwand","[3] AUFWAND","[39] Interne Verrechnungen","[390] Verrechneter Aufwand","3","3","39","390","3000.00"
"494","Gals","2009","[3] KULTUR UND FREIZEIT","[32] Massenmedien","","3","32","","[3] Aufwand","[3] AUFWAND","[39] Interne Verrechnungen","[390] Verrechneter Aufwand","3","3","39","390","3000.00"
"494","Gals","2009","[7] UMWELT UND RAUMORDNUNG","[70] Wasserversorgung","","7","70","","[3] Aufwand","[3] AUFWAND","[39] Interne Verrechnungen","[390] Verrechneter Aufwand","3","3","39","390","3000.00"
"494","Gals","2009","[9] FINANZEN UND STEUERN","[94] Vermögens- und Schuldenverwaltung","","9","94","","[3] Aufwand","[3] AUFWAND","[39] Interne Verrechnungen","[391] Verrechnete Zinsen","3","3","39","391","25621.65"
"494","Gals","2009","[9] FINANZEN UND STEUERN","[90] Steuern","","9","90","","[4] Ertrag","[4] ERTRAG","[40] Steuern","[400] Einkommens- und Vermögenssteuern","4","4","40","400","1151313.10"
"494","Gals","2009","[9] FINANZEN UND STEUERN","[90] Steuern","","9","90","","[4] Ertrag","[4] ERTRAG","[40] Steuern","[403] Vermögensgewinnsteuern","4","4","40","403","34518.65"
"494","Gals","2009","[9] FINANZEN UND STEUERN","[90] Steuern","","9","90","","[4] Ertrag","[4] ERTRAG","[40] Steuern","[406] Besitz- und Aufwandsteuern","4","4","40","406","5000.00"
"494","Gals","2009","[8] VOLKSWIRTSCHAFT","[86] Energie","","8","86","","[4] Ertrag","[4] ERTRAG","[41] Regalien und Konzessionen","[410] Erträge aus Regalien und Konzessionen","4","4","41","410","28164.00"
"494","Gals","2009","[9] FINANZEN UND STEUERN","[94] Vermögens- und Schuldenverwaltung","","9","94","","[4] Ertrag","[4] ERTRAG","[42] Vermögenserträge","[422] Anlagen des Finanzvermögens","4","4","42","422","1996.95"
"494","Gals","2009","[9] FINANZEN UND STEUERN","[94] Vermögens- und Schuldenverwaltung","","9","94","","[4] Ertrag","[4] ERTRAG","[42] Vermögenserträge","[423] Liegenschaften des Finanzvermögens","4","4","42","423","99754.05"
"494","Gals","2009","[0] ALLGEMEINE VERWALTUNG","[09] Nicht aufteilbare Aufgaben","","0","9","","[4] Ertrag","[4] ERTRAG","[42] Vermögenserträge","[427] Liegenschaften des Verwaltungsvermögens","4","4","42","427","17000.00"
"494","Gals","2009","[7] UMWELT UND RAUMORDNUNG","[70] Wasserversorgung","","7","70","","[4] Ertrag","[4] ERTRAG","[42] Vermögenserträge","[428] Einnahmeüberschuss der Investitionsrechnung","4","4","42","428","56930.10"
"494","Gals","2009","[0] ALLGEMEINE VERWALTUNG","[02] Allgemeine Verwaltung","","0","2","","[4] Ertrag","[4] ERTRAG","[43] Entgelte","[431] Gebühren für Amtshandlungen","4","4","43","431","120.00"
"494","Gals","2009","[6] VERKEHR","[65] Regionalverkehr","","6","65","","[4] Ertrag","[4] ERTRAG","[43] Entgelte","[431] Gebühren für Amtshandlungen","4","4","43","431","712.00"
"494","Gals","2009","[6] VERKEHR","[62] Gemeindestrassen","","6","62","","[4] Ertrag","[4] ERTRAG","[43] Entgelte","[434] Andere Benützungsgebühren und Dienstleistungen","4","4","43","434","1750.95"
"494","Gals","2009","[7] UMWELT UND RAUMORDNUNG","[71] Abwasserentsorgung","","7","71","","[4] Ertrag","[4] ERTRAG","[43] Entgelte","[434] Andere Benützungsgebühren und Dienstleistungen","4","4","43","434","241936.05"
"494","Gals","2009","[7] UMWELT UND RAUMORDNUNG","[72] Abfallentsorgung","","7","72","","[4] Ertrag","[4] ERTRAG","[43] Entgelte","[434] Andere Benützungsgebühren und Dienstleistungen","4","4","43","434","48894.60"
"494","Gals","2009","[7] UMWELT UND RAUMORDNUNG","[74] Friedhof und Bestattung","","7","74","","[4] Ertrag","[4] ERTRAG","[43] Entgelte","[434] Andere Benützungsgebühren und Dienstleistungen","4","4","43","434","200.00"
"494","Gals","2009","[3] KULTUR UND FREIZEIT","[32] Massenmedien","","3","32","","[4] Ertrag","[4] ERTRAG","[43] Entgelte","[435] Uebrige Verkaufserlöse","4","4","43","435","46563.07"
"494","Gals","2009","[7] UMWELT UND RAUMORDNUNG","[70] Wasserversorgung","","7","70","","[4] Ertrag","[4] ERTRAG","[43] Entgelte","[435] Uebrige Verkaufserlöse","4","4","43","435","119759.90"
"494","Gals","2009","[0] ALLGEMEINE VERWALTUNG","[02] Allgemeine Verwaltung","","0","2","","[4] Ertrag","[4] ERTRAG","[43] Entgelte","[436] Rückerstattungen","4","4","43","436","17994.40"
"494","Gals","2009","[6] VERKEHR","[62] Gemeindestrassen","","6","62","","[4] Ertrag","[4] ERTRAG","[43] Entgelte","[436] Rückerstattungen","4","4","43","436","1179.00"
"494","Gals","2009","[7] UMWELT UND RAUMORDNUNG","[70] Wasserversorgung","","7","70","","[4] Ertrag","[4] ERTRAG","[43] Entgelte","[436] Rückerstattungen","4","4","43","436","1600.00"
"494","Gals","2009","[8] VOLKSWIRTSCHAFT","[81] Forstwirtschaft","","8","81","","[4] Ertrag","[4] ERTRAG","[43] Entgelte","[436] Rückerstattungen","4","4","43","436","338.20"
"494","Gals","2009","[1] OEFFENTLICHE SICHERHEIT","[16] Zivile Landesverteidigung","","1","16","","[4] Ertrag","[4] ERTRAG","[46] Beiträge","[461] Kanton","4","4","46","461","700.00"
"494","Gals","2009","[8] VOLKSWIRTSCHAFT","[81] Forstwirtschaft","","8","81","","[4] Ertrag","[4] ERTRAG","[46] Beiträge","[461] Kanton","4","4","46","461","14347.00"
"494","Gals","2009","[7] UMWELT UND RAUMORDNUNG","[71] Abwasserentsorgung","","7","71","","[4] Ertrag","[4] ERTRAG","[48] Entnahmen aus Spezialfinanzierungen","[480] Entnahmen aus Spezialfinanzierungen","4","4","48","480","42843.00"
"494","Gals","2009","[3] KULTUR UND FREIZEIT","[32] Massenmedien","","3","32","","[4] Ertrag","[4] ERTRAG","[49] Interne Verrechnungen","[491] Verrechnete Zinsen","4","4","49","491","4454.65"
"494","Gals","2009","[7] UMWELT UND RAUMORDNUNG","[70] Wasserversorgung","","7","70","","[4] Ertrag","[4] ERTRAG","[49] Interne Verrechnungen","[491] Verrechnete Zinsen","4","4","49","491","18272.10"
"494","Gals","2009","[7] UMWELT UND RAUMORDNUNG","[72] Abfallentsorgung","","7","72","","[4] Ertrag","[4] ERTRAG","[49] Interne Verrechnungen","[491] Verrechnete Zinsen","4","4","49","491","2894.90"
"494","Gals","2009","[9] FINANZEN UND STEUERN","[94] Vermögens- und Schuldenverwaltung","","9","94","","[4] Ertrag","[4] ERTRAG","[49] Interne Verrechnungen","[491] Verrechnete Zinsen","4","4","49","491","20857.25"
"494","Gals","2009","[0] ALLGEMEINE VERWALTUNG","[09] Nicht aufteilbare Aufgaben","","0","9","","[5] Ausgaben","[5] Ausgaben","[50] Sachgüter","[501] Tiefbauten","5","5","50","501","21992.20"
"494","Gals","2009","[3] KULTUR UND FREIZEIT","[32] Massenmedien","","3","32","","[5] Ausgaben","[5] Ausgaben","[50] Sachgüter","[501] Tiefbauten","5","5","50","501","924.70"
"494","Gals","2009","[9] FINANZEN UND STEUERN","[99] Nicht aufgeteilte Posten","","9","99","","[5] Ausgaben","[5] Ausgaben","[59] Passivierungen","[590] Passivierte Einnahmen","5","5","59","590","84224.45"
"494","Gals","2009","[9] FINANZEN UND STEUERN","[99] Nicht aufgeteilte Posten","","9","99","","[5] Ausgaben","[5] Ausgaben","[59] Passivierungen","[592] Uebertrag Einnahmenüberschuss in die Laufende Rechnung","5","5","59","592","59905.40"
"494","Gals","2009","[3] KULTUR UND FREIZEIT","[32] Massenmedien","","3","32","","[6] Einnahmen","[6] Einnahmen","[61] Nutzungsabgaben und Vorteilsentgelte","[610] Beiträge Dritter für eigene Rechnung","6","6","61","610","3900.00"
"494","Gals","2009","[7] UMWELT UND RAUMORDNUNG","[70] Wasserversorgung","","7","70","","[6] Einnahmen","[6] Einnahmen","[61] Nutzungsabgaben und Vorteilsentgelte","[610] Beiträge Dritter für eigene Rechnung","6","6","61","610","56930.10"
"494","Gals","2009","[9] FINANZEN UND STEUERN","[94] Vermögens- und Schuldenverwaltung","","9","94","","[6] Einnahmen","[6] Einnahmen","[66] Beiträge für eigene Rechnung","[669] Uebrige Beiträge für eigene Rechnung","6","6","66","669","5000.00"
"494","Gals","2009","[9] FINANZEN UND STEUERN","[99] Nicht aufgeteilte Posten","","9","99","","[6] Einnahmen","[6] Einnahmen","[69] Aktivierungen","[690] Aktivierte Ausgaben","6","6","69","690","261476.95"
"494","Gals","2010","[2] BILDUNG","[21] Volksschule","","2","21","","[3] Aufwand","[3] AUFWAND","[30] Personalaufwand","[300] Personalaufwand der Behörden und Kommissionen","3","3","30","300","4210.00"
"494","Gals","2010","[0] ALLGEMEINE VERWALTUNG","[09] Nicht aufteilbare Aufgaben","","0","9","","[3] Aufwand","[3] AUFWAND","[30] Personalaufwand","[301] Löhne des Verwaltungs- + Betriebspersonals","3","3","30","301","29432.20"
"494","Gals","2010","[1] OEFFENTLICHE SICHERHEIT","[11] Polizei","","1","11","","[3] Aufwand","[3] AUFWAND","[30] Personalaufwand","[301] Löhne des Verwaltungs- + Betriebspersonals","3","3","30","301","8186.85"
"494","Gals","2010","[1] OEFFENTLICHE SICHERHEIT","[16] Zivile Landesverteidigung","","1","16","","[3] Aufwand","[3] AUFWAND","[30] Personalaufwand","[301] Löhne des Verwaltungs- + Betriebspersonals","3","3","30","301","1634.20"
"494","Gals","2010","[3] KULTUR UND FREIZEIT","[32] Massenmedien","","3","32","","[3] Aufwand","[3] AUFWAND","[30] Personalaufwand","[301] Löhne des Verwaltungs- + Betriebspersonals","3","3","30","301","666.80"
"494","Gals","2010","[7] UMWELT UND RAUMORDNUNG","[70] Wasserversorgung","","7","70","","[3] Aufwand","[3] AUFWAND","[30] Personalaufwand","[301] Löhne des Verwaltungs- + Betriebspersonals","3","3","30","301","21926.25"
"494","Gals","2010","[7] UMWELT UND RAUMORDNUNG","[71] Abwasserentsorgung","","7","71","","[3] Aufwand","[3] AUFWAND","[30] Personalaufwand","[301] Löhne des Verwaltungs- + Betriebspersonals","3","3","30","301","3325.45"
"494","Gals","2010","[8] VOLKSWIRTSCHAFT","[80] Landwirtschaft","","8","80","","[3] Aufwand","[3] AUFWAND","[30] Personalaufwand","[301] Löhne des Verwaltungs- + Betriebspersonals","3","3","30","301","911.70"
"494","Gals","2010","[0] ALLGEMEINE VERWALTUNG","[01] Legislative und Exekutive","","0","1","","[3] Aufwand","[3] AUFWAND","[30] Personalaufwand","[303] Sozialversicherungsbeiträge","3","3","30","303","254.80"
"494","Gals","2010","[0] ALLGEMEINE VERWALTUNG","[02] Allgemeine Verwaltung","","0","2","","[3] Aufwand","[3] AUFWAND","[30] Personalaufwand","[303] Sozialversicherungsbeiträge","3","3","30","303","7559.45"
"494","Gals","2010","[0] ALLGEMEINE VERWALTUNG","[09] Nicht aufteilbare Aufgaben","","0","9","","[3] Aufwand","[3] AUFWAND","[30] Personalaufwand","[303] Sozialversicherungsbeiträge","3","3","30","303","1450.95"
"494","Gals","2010","[1] OEFFENTLICHE SICHERHEIT","[11] Polizei","","1","11","","[3] Aufwand","[3] AUFWAND","[30] Personalaufwand","[303] Sozialversicherungsbeiträge","3","3","30","303","680.95"
"494","Gals","2010","[1] OEFFENTLICHE SICHERHEIT","[16] Zivile Landesverteidigung","","1","16","","[3] Aufwand","[3] AUFWAND","[30] Personalaufwand","[303] Sozialversicherungsbeiträge","3","3","30","303","46.70"
"494","Gals","2010","[2] BILDUNG","[21] Volksschule","","2","21","","[3] Aufwand","[3] AUFWAND","[30] Personalaufwand","[303] Sozialversicherungsbeiträge","3","3","30","303","2710.40"
"494","Gals","2010","[6] VERKEHR","[62] Gemeindestrassen","","6","62","","[3] Aufwand","[3] AUFWAND","[30] Personalaufwand","[303] Sozialversicherungsbeiträge","3","3","30","303","1686.05"
"494","Gals","2010","[7] UMWELT UND RAUMORDNUNG","[71] Abwasserentsorgung","","7","71","","[3] Aufwand","[3] AUFWAND","[30] Personalaufwand","[303] Sozialversicherungsbeiträge","3","3","30","303","138.35"
"494","Gals","2010","[7] UMWELT UND RAUMORDNUNG","[74] Friedhof und Bestattung","","7","74","","[3] Aufwand","[3] AUFWAND","[30] Personalaufwand","[303] Sozialversicherungsbeiträge","3","3","30","303","541.00"
"494","Gals","2010","[8] VOLKSWIRTSCHAFT","[81] Forstwirtschaft","","8","81","","[3] Aufwand","[3] AUFWAND","[30] Personalaufwand","[303] Sozialversicherungsbeiträge","3","3","30","303","151.50"
"494","Gals","2010","[0] ALLGEMEINE VERWALTUNG","[09] Nicht aufteilbare Aufgaben","","0","9","","[3] Aufwand","[3] AUFWAND","[30] Personalaufwand","[304] Personalversicherungsbeiträge","3","3","30","304","2500.00"
"494","Gals","2010","[0] ALLGEMEINE VERWALTUNG","[02] Allgemeine Verwaltung","","0","2","","[3] Aufwand","[3] AUFWAND","[30] Personalaufwand","[305] Unfall- und Krankenversicherungsbeiträge","3","3","30","305","5597.80"
"494","Gals","2010","[6] VERKEHR","[62] Gemeindestrassen","","6","62","","[3] Aufwand","[3] AUFWAND","[30] Personalaufwand","[305] Unfall- und Krankenversicherungsbeiträge","3","3","30","305","2742.40"
"494","Gals","2010","[1] OEFFENTLICHE SICHERHEIT","[16] Zivile Landesverteidigung","","1","16","","[3] Aufwand","[3] AUFWAND","[30] Personalaufwand","[309] Uebriger Personalaufwand","3","3","30","309","91.00"
"494","Gals","2010","[0] ALLGEMEINE VERWALTUNG","[02] Allgemeine Verwaltung","","0","2","","[3] Aufwand","[3] AUFWAND","[31] Sachaufwand","[310] Büro- und Schulmaterialien, Drucksachen","3","3","31","310","2315.75"
"494","Gals","2010","[2] BILDUNG","[21] Volksschule","","2","21","","[3] Aufwand","[3] AUFWAND","[31] Sachaufwand","[310] Büro- und Schulmaterialien, Drucksachen","3","3","31","310","35876.15"
"494","Gals","2010","[0] ALLGEMEINE VERWALTUNG","[02] Allgemeine Verwaltung","","0","2","","[3] Aufwand","[3] AUFWAND","[31] Sachaufwand","[311] Anschaffung Mobilien, Maschinen, Fahrzeuge","3","3","31","311","324.20"
"494","Gals","2010","[2] BILDUNG","[21] Volksschule","","2","21","","[3] Aufwand","[3] AUFWAND","[31] Sachaufwand","[311] Anschaffung Mobilien, Maschinen, Fahrzeuge","3","3","31","311","6754.50"
"494","Gals","2010","[6] VERKEHR","[62] Gemeindestrassen","","6","62","","[3] Aufwand","[3] AUFWAND","[31] Sachaufwand","[311] Anschaffung Mobilien, Maschinen, Fahrzeuge","3","3","31","311","367.65"
"494","Gals","2010","[0] ALLGEMEINE VERWALTUNG","[09] Nicht aufteilbare Aufgaben","","0","9","","[3] Aufwand","[3] AUFWAND","[31] Sachaufwand","[312] Wasser, Energie, Heizmaterialien","3","3","31","312","19174.20"
"494","Gals","2010","[3] KULTUR UND FREIZEIT","[32] Massenmedien","","3","32","","[3] Aufwand","[3] AUFWAND","[31] Sachaufwand","[312] Wasser, Energie, Heizmaterialien","3","3","31","312","879.20"
"494","Gals","2010","[7] UMWELT UND RAUMORDNUNG","[70] Wasserversorgung","","7","70","","[3] Aufwand","[3] AUFWAND","[31] Sachaufwand","[312] Wasser, Energie, Heizmaterialien","3","3","31","312","113.40"
"494","Gals","2010","[2] BILDUNG","[21] Volksschule","","2","21","","[3] Aufwand","[3] AUFWAND","[31] Sachaufwand","[313] Verbrauchsmaterialien","3","3","31","313","1615.50"
"494","Gals","2010","[6] VERKEHR","[62] Gemeindestrassen","","6","62","","[3] Aufwand","[3] AUFWAND","[31] Sachaufwand","[313] Verbrauchsmaterialien","3","3","31","313","9099.50"
"494","Gals","2010","[7] UMWELT UND RAUMORDNUNG","[74] Friedhof und Bestattung","","7","74","","[3] Aufwand","[3] AUFWAND","[31] Sachaufwand","[313] Verbrauchsmaterialien","3","3","31","313","155.85"
"494","Gals","2010","[8] VOLKSWIRTSCHAFT","[81] Forstwirtschaft","","8","81","","[3] Aufwand","[3] AUFWAND","[31] Sachaufwand","[313] Verbrauchsmaterialien","3","3","31","313","503.80"
"494","Gals","2010","[0] ALLGEMEINE VERWALTUNG","[09] Nicht aufteilbare Aufgaben","","0","9","","[3] Aufwand","[3] AUFWAND","[31] Sachaufwand","[314] Dienstleistungen Dritter für den baulichen Unterhalt","3","3","31","314","3319.20"
"494","Gals","2010","[3] KULTUR UND FREIZEIT","[32] Massenmedien","","3","32","","[3] Aufwand","[3] AUFWAND","[31] Sachaufwand","[314] Dienstleistungen Dritter für den baulichen Unterhalt","3","3","31","314","4090.70"
"494","Gals","2010","[7] UMWELT UND RAUMORDNUNG","[71] Abwasserentsorgung","","7","71","","[3] Aufwand","[3] AUFWAND","[31] Sachaufwand","[314] Dienstleistungen Dritter für den baulichen Unterhalt","3","3","31","314","1800.35"
"494","Gals","2010","[7] UMWELT UND RAUMORDNUNG","[74] Friedhof und Bestattung","","7","74","","[3] Aufwand","[3] AUFWAND","[31] Sachaufwand","[314] Dienstleistungen Dritter für den baulichen Unterhalt","3","3","31","314","1434.30"
"494","Gals","2010","[8] VOLKSWIRTSCHAFT","[81] Forstwirtschaft","","8","81","","[3] Aufwand","[3] AUFWAND","[31] Sachaufwand","[314] Dienstleistungen Dritter für den baulichen Unterhalt","3","3","31","314","19513.55"
"494","Gals","2010","[7] UMWELT UND RAUMORDNUNG","[70] Wasserversorgung","","7","70","","[3] Aufwand","[3] AUFWAND","[31] Sachaufwand","[315] Dienstleistungen Dritter für den übrigen Unterhalt","3","3","31","315","916.80"
"494","Gals","2010","[6] VERKEHR","[62] Gemeindestrassen","","6","62","","[3] Aufwand","[3] AUFWAND","[31] Sachaufwand","[316] Mieten, Pachten, Benützungskosten","3","3","31","316","1000.00"
"494","Gals","2010","[0] ALLGEMEINE VERWALTUNG","[01] Legislative und Exekutive","","0","1","","[3] Aufwand","[3] AUFWAND","[31] Sachaufwand","[317] Spesenentschädigungen","3","3","31","317","8583.15"
"494","Gals","2010","[0] ALLGEMEINE VERWALTUNG","[02] Allgemeine Verwaltung","","0","2","","[3] Aufwand","[3] AUFWAND","[31] Sachaufwand","[318] Dienstleistungen und Honorare, allg. Verwaltungsaufwand","3","3","31","318","112509.55"
"494","Gals","2010","[2] BILDUNG","[21] Volksschule","","2","21","","[3] Aufwand","[3] AUFWAND","[31] Sachaufwand","[318] Dienstleistungen und Honorare, allg. Verwaltungsaufwand","3","3","31","318","7493.60"
"494","Gals","2010","[4] GESUNDHEIT","[46] Schulgesundheitsdienst","","4","46","","[3] Aufwand","[3] AUFWAND","[31] Sachaufwand","[318] Dienstleistungen und Honorare, allg. Verwaltungsaufwand","3","3","31","318","1997.40"
"494","Gals","2010","[6] VERKEHR","[62] Gemeindestrassen","","6","62","","[3] Aufwand","[3] AUFWAND","[31] Sachaufwand","[318] Dienstleistungen und Honorare, allg. Verwaltungsaufwand","3","3","31","318","636.40"
"494","Gals","2010","[7] UMWELT UND RAUMORDNUNG","[70] Wasserversorgung","","7","70","","[3] Aufwand","[3] AUFWAND","[31] Sachaufwand","[318] Dienstleistungen und Honorare, allg. Verwaltungsaufwand","3","3","31","318","188.25"
"494","Gals","2010","[7] UMWELT UND RAUMORDNUNG","[72] Abfallentsorgung","","7","72","","[3] Aufwand","[3] AUFWAND","[31] Sachaufwand","[318] Dienstleistungen und Honorare, allg. Verwaltungsaufwand","3","3","31","318","51510.05"
"494","Gals","2010","[9] FINANZEN UND STEUERN","[94] Vermögens- und Schuldenverwaltung","","9","94","","[3] Aufwand","[3] AUFWAND","[31] Sachaufwand","[318] Dienstleistungen und Honorare, allg. Verwaltungsaufwand","3","3","31","318","3365.40"
"494","Gals","2010","[8] VOLKSWIRTSCHAFT","[81] Forstwirtschaft","","8","81","","[3] Aufwand","[3] AUFWAND","[31] Sachaufwand","[319] Uebriger Sachaufwand","3","3","31","319","194.80"
"494","Gals","2010","[9] FINANZEN UND STEUERN","[94] Vermögens- und Schuldenverwaltung","","9","94","","[3] Aufwand","[3] AUFWAND","[32] Passivzinsen","[321] Kurzfristige Schulden","3","3","32","321","6532.75"
"494","Gals","2010","[9] FINANZEN UND STEUERN","[90] Steuern","","9","90","","[3] Aufwand","[3] AUFWAND","[33] Abschreibungen","[330] Finanzvermögen","3","3","33","330","110876.90"
"494","Gals","2010","[7] UMWELT UND RAUMORDNUNG","[70] Wasserversorgung","","7","70","","[3] Aufwand","[3] AUFWAND","[33] Abschreibungen","[331] Verwaltungsvermögen - harmonisierte Abschreibungen","3","3","33","331","68752.45"
"494","Gals","2010","[9] FINANZEN UND STEUERN","[99] Nicht aufgeteilte Posten","","9","99","","[3] Aufwand","[3] AUFWAND","[33] Abschreibungen","[331] Verwaltungsvermögen - harmonisierte Abschreibungen","3","3","33","331","27330.95"
"494","Gals","2010","[9] FINANZEN UND STEUERN","[99] Nicht aufgeteilte Posten","","9","99","","[3] Aufwand","[3] AUFWAND","[33] Abschreibungen","[332] Verwaltungsvermögen - übrige Abschreibungen","3","3","33","332","245975.50"
"494","Gals","2010","[2] BILDUNG","[20] Kindergarten","","2","20","","[3] Aufwand","[3] AUFWAND","[35] Entschädigungen an Gemeinwesen","[351] Kanton","3","3","35","351","22785.55"
"494","Gals","2010","[3] KULTUR UND FREIZEIT","[32] Massenmedien","","3","32","","[3] Aufwand","[3] AUFWAND","[35] Entschädigungen an Gemeinwesen","[352] Gemeinden","3","3","35","352","44753.30"
"494","Gals","2010","[7] UMWELT UND RAUMORDNUNG","[78] Uebriger Umweltschutz","","7","78","","[3] Aufwand","[3] AUFWAND","[35] Entschädigungen an Gemeinwesen","[352] Gemeinden","3","3","35","352","2393.90"
"494","Gals","2010","[5] SOZIALE WOHLFAHRT","[53] Sonstige Sozialversicherungen","","5","53","","[3] Aufwand","[3] AUFWAND","[36] Eigene Beiträge","[361] Kanton","3","3","36","361","145644.00"
"494","Gals","2010","[6] VERKEHR","[65] Regionalverkehr","","6","65","","[3] Aufwand","[3] AUFWAND","[36] Eigene Beiträge","[361] Kanton","3","3","36","361","56734.00"
"494","Gals","2010","[7] UMWELT UND RAUMORDNUNG","[71] Abwasserentsorgung","","7","71","","[3] Aufwand","[3] AUFWAND","[36] Eigene Beiträge","[361] Kanton","3","3","36","361","10827.00"
"494","Gals","2010","[9] FINANZEN UND STEUERN","[94] Vermögens- und Schuldenverwaltung","","9","94","","[3] Aufwand","[3] AUFWAND","[36] Eigene Beiträge","[361] Kanton","3","3","36","361","11586.00"
"494","Gals","2010","[1] OEFFENTLICHE SICHERHEIT","[16] Zivile Landesverteidigung","","1","16","","[3] Aufwand","[3] AUFWAND","[36] Eigene Beiträge","[362] Gemeinden","3","3","36","362","1132.80"
"494","Gals","2010","[7] UMWELT UND RAUMORDNUNG","[70] Wasserversorgung","","7","70","","[3] Aufwand","[3] AUFWAND","[36] Eigene Beiträge","[362] Gemeinden","3","3","36","362","83472.10"
"494","Gals","2010","[7] UMWELT UND RAUMORDNUNG","[71] Abwasserentsorgung","","7","71","","[3] Aufwand","[3] AUFWAND","[36] Eigene Beiträge","[362] Gemeinden","3","3","36","362","139405.20"
"494","Gals","2010","[7] UMWELT UND RAUMORDNUNG","[78] Uebriger Umweltschutz","","7","78","","[3] Aufwand","[3] AUFWAND","[36] Eigene Beiträge","[362] Gemeinden","3","3","36","362","213.75"
"494","Gals","2010","[5] SOZIALE WOHLFAHRT","[54] Jugendschutz","","5","54","","[3] Aufwand","[3] AUFWAND","[36] Eigene Beiträge","[365] Private Institutionen","3","3","36","365","2696.30"
"494","Gals","2010","[8] VOLKSWIRTSCHAFT","[80] Landwirtschaft","","8","80","","[3] Aufwand","[3] AUFWAND","[36] Eigene Beiträge","[365] Private Institutionen","3","3","36","365","5085.65"
"494","Gals","2010","[1] OEFFENTLICHE SICHERHEIT","[16] Zivile Landesverteidigung","","1","16","","[3] Aufwand","[3] AUFWAND","[38] Einlagen in Spezialfinanzierungen","[380] Einlagen in Spezialfinanzierungen","3","3","38","380","6534.00"
"494","Gals","2010","[7] UMWELT UND RAUMORDNUNG","[71] Abwasserentsorgung","","7","71","","[3] Aufwand","[3] AUFWAND","[38] Einlagen in Spezialfinanzierungen","[380] Einlagen in Spezialfinanzierungen","3","3","38","380","63668.10"
"494","Gals","2010","[2] BILDUNG","[21] Volksschule","","2","21","","[3] Aufwand","[3] AUFWAND","[39] Interne Verrechnungen","[390] Verrechneter Aufwand","3","3","39","390","3000.00"
"494","Gals","2010","[5] SOZIALE WOHLFAHRT","[50] Altersversicherung","","5","50","","[3] Aufwand","[3] AUFWAND","[39] Interne Verrechnungen","[390] Verrechneter Aufwand","3","3","39","390","10000.00"
"494","Gals","2010","[6] VERKEHR","[62] Gemeindestrassen","","6","62","","[3] Aufwand","[3] AUFWAND","[39] Interne Verrechnungen","[390] Verrechneter Aufwand","3","3","39","390","3000.00"
"494","Gals","2010","[7] UMWELT UND RAUMORDNUNG","[72] Abfallentsorgung","","7","72","","[3] Aufwand","[3] AUFWAND","[39] Interne Verrechnungen","[390] Verrechneter Aufwand","3","3","39","390","2393.90"
"494","Gals","2010","[9] FINANZEN UND STEUERN","[94] Vermögens- und Schuldenverwaltung","","9","94","","[3] Aufwand","[3] AUFWAND","[39] Interne Verrechnungen","[390] Verrechneter Aufwand","3","3","39","390","7000.00"
"494","Gals","2010","[7] UMWELT UND RAUMORDNUNG","[71] Abwasserentsorgung","","7","71","","[3] Aufwand","[3] AUFWAND","[39] Interne Verrechnungen","[391] Verrechnete Zinsen","3","3","39","391","17172.25"
"494","Gals","2010","[9] FINANZEN UND STEUERN","[94] Vermögens- und Schuldenverwaltung","","9","94","","[3] Aufwand","[3] AUFWAND","[39] Interne Verrechnungen","[395] Verrechneter Ertrag","3","3","39","395","26442.70"
"494","Gals","2010","[9] FINANZEN UND STEUERN","[90] Steuern","","9","90","","[4] Ertrag","[4] ERTRAG","[40] Steuern","[401] Gewinn- und Kapitalsteuern","4","4","40","401","25267.65"
"494","Gals","2010","[9] FINANZEN UND STEUERN","[90] Steuern","","9","90","","[4] Ertrag","[4] ERTRAG","[40] Steuern","[402] Liegenschaftssteuern","4","4","40","402","142817.45"
"494","Gals","2010","[9] FINANZEN UND STEUERN","[94] Vermögens- und Schuldenverwaltung","","9","94","","[4] Ertrag","[4] ERTRAG","[42] Vermögenserträge","[421] Flüssige Mittel und Guthaben","4","4","42","421","10084.40"
"494","Gals","2010","[2] BILDUNG","[21] Volksschule","","2","21","","[4] Ertrag","[4] ERTRAG","[42] Vermögenserträge","[427] Liegenschaften des Verwaltungsvermögens","4","4","42","427","13200.00"
"494","Gals","2010","[3] KULTUR UND FREIZEIT","[34] Sport","","3","34","","[4] Ertrag","[4] ERTRAG","[42] Vermögenserträge","[427] Liegenschaften des Verwaltungsvermögens","4","4","42","427","2000.00"
"494","Gals","2010","[1] OEFFENTLICHE SICHERHEIT","[14] Wehrdienste","","1","14","","[4] Ertrag","[4] ERTRAG","[43] Entgelte","[430] Ersatzabgaben","4","4","43","430","43706.35"
"494","Gals","2010","[1] OEFFENTLICHE SICHERHEIT","[16] Zivile Landesverteidigung","","1","16","","[4] Ertrag","[4] ERTRAG","[43] Entgelte","[430] Ersatzabgaben","4","4","43","430","6625.00"
"494","Gals","2010","[1] OEFFENTLICHE SICHERHEIT","[10] Rechtsaufsicht","","1","10","","[4] Ertrag","[4] ERTRAG","[43] Entgelte","[431] Gebühren für Amtshandlungen","4","4","43","431","40609.43"
"494","Gals","2010","[7] UMWELT UND RAUMORDNUNG","[78] Uebriger Umweltschutz","","7","78","","[4] Ertrag","[4] ERTRAG","[43] Entgelte","[431] Gebühren für Amtshandlungen","4","4","43","431","213.75"
"494","Gals","2010","[8] VOLKSWIRTSCHAFT","[81] Forstwirtschaft","","8","81","","[4] Ertrag","[4] ERTRAG","[43] Entgelte","[435] Uebrige Verkaufserlöse","4","4","43","435","14274.65"
"494","Gals","2010","[9] FINANZEN UND STEUERN","[93] Anteile an kantonalen Steuern und Abgaben","","9","93","","[4] Ertrag","[4] ERTRAG","[44] Anteile und Beiträge ohne Zweckbindungen","[441] Anteile an Kantonseinnahmen","4","4","44","441","6765.60"
"494","Gals","2010","[9] FINANZEN UND STEUERN","[92] Finanzausgleich","","9","92","","[4] Ertrag","[4] ERTRAG","[44] Anteile und Beiträge ohne Zweckbindungen","[444] Leistungen aus dem Finanzausgleich","4","4","44","444","125561.00"
"494","Gals","2010","[0] ALLGEMEINE VERWALTUNG","[02] Allgemeine Verwaltung","","0","2","","[4] Ertrag","[4] ERTRAG","[45] Rückerstattungen von Gemeinwesen","[451] Kanton","4","4","45","451","651.00"
"494","Gals","2010","[2] BILDUNG","[21] Volksschule","","2","21","","[4] Ertrag","[4] ERTRAG","[45] Rückerstattungen von Gemeinwesen","[451] Kanton","4","4","45","451","4061.25"
"494","Gals","2010","[6] VERKEHR","[62] Gemeindestrassen","","6","62","","[4] Ertrag","[4] ERTRAG","[45] Rückerstattungen von Gemeinwesen","[451] Kanton","4","4","45","451","62433.60"
"494","Gals","2010","[3] KULTUR UND FREIZEIT","[35] Uebrige Freizeitgestaltung","","3","35","","[4] Ertrag","[4] ERTRAG","[45] Rückerstattungen von Gemeinwesen","[452] Gemeinden","4","4","45","452","4576.65"
"494","Gals","2010","[9] FINANZEN UND STEUERN","[99] Nicht aufgeteilte Posten","","9","99","","[4] Ertrag","[4] ERTRAG","[46] Beiträge","[469] Uebrige Beiträge für eigene Rechnung","4","4","46","469","86809.45"
"494","Gals","2010","[7] UMWELT UND RAUMORDNUNG","[72] Abfallentsorgung","","7","72","","[4] Ertrag","[4] ERTRAG","[48] Entnahmen aus Spezialfinanzierungen","[480] Entnahmen aus Spezialfinanzierungen","4","4","48","480","22608.75"
"494","Gals","2010","[0] ALLGEMEINE VERWALTUNG","[02] Allgemeine Verwaltung","","0","2","","[4] Ertrag","[4] ERTRAG","[49] Interne Verrechnungen","[490] Verrechneter Aufwand","4","4","49","490","35000.00"
"494","Gals","2010","[7] UMWELT UND RAUMORDNUNG","[78] Uebriger Umweltschutz","","7","78","","[4] Ertrag","[4] ERTRAG","[49] Interne Verrechnungen","[490] Verrechneter Aufwand","4","4","49","490","2393.90"
"494","Gals","2010","[3] KULTUR UND FREIZEIT","[32] Massenmedien","","3","32","","[4] Ertrag","[4] ERTRAG","[49] Interne Verrechnungen","[495] Verrechneter Ertrag","4","4","49","495","4826.70"
"494","Gals","2010","[7] UMWELT UND RAUMORDNUNG","[70] Wasserversorgung","","7","70","","[4] Ertrag","[4] ERTRAG","[49] Interne Verrechnungen","[495] Verrechneter Ertrag","4","4","49","495","18777.70"
"494","Gals","2010","[7] UMWELT UND RAUMORDNUNG","[72] Abfallentsorgung","","7","72","","[4] Ertrag","[4] ERTRAG","[49] Interne Verrechnungen","[495] Verrechneter Ertrag","4","4","49","495","2838.30"
"494","Gals","2010","[6] VERKEHR","[62] Gemeindestrassen","","6","62","","[5] Ausgaben","[5] Ausgaben","[50] Sachgüter","[501] Tiefbauten","5","5","50","501","115794.75"
"494","Gals","2010","[6] VERKEHR","[62] Gemeindestrassen","","6","62","","[6] Einnahmen","[6] Einnahmen","[61] Nutzungsabgaben und Vorteilsentgelte","[610] Beiträge Dritter für eigene Rechnung","6","6","61","610","4848.70"
